3.8e-7 0.008645998136217197
3.8099744245524296e-7 0.010925032961298905
3.819948849104859e-7 0.013802256290011012
3.8299232736572886e-7 0.017434029122363748
3.839897698209718e-7 0.022017419814620232
3.8498721227621475e-7 0.027800760605628333
3.859846547314577e-7 0.03509693136979784
3.8698209718670064e-7 0.0443000725701093
3.879795396419436e-7 0.05590660942296103
3.8897698209718654e-7 0.07054169534012092
3.899744245524295e-7 0.08899246650259691
3.9097186700767243e-7 0.11224985564381375
3.919693094629154e-7 0.14156116020099305
3.9296675191815833e-7 0.17838268461151716
3.939641943734013e-7 0.22470404338635178
3.949616368286442e-7 0.2830065932509929
3.9595907928388717e-7 0.3563774773017921
3.969565217391301e-7 0.44869633702857836
3.9795396419437306e-7 0.5648380201489746
3.98951406649616e-7 0.7109269559706705
3.9994884910485896e-7 0.8946563227940046
4.009462915601019e-7 1.1256884547054482
4.0194373401534485e-7 1.416157096515997
4.029411764705878e-7 1.7812973265298122
4.0393861892583075e-7 2.2402354911625406
4.049360613810737e-7 2.833830654458103
4.0593350383631664e-7 3.600824739826897
4.069309462915596e-7 4.574713006922799
4.0792838874680254e-7 5.811122043505871
4.089258312020455e-7 7.38058691130896
4.0992327365728843e-7 9.372534403273717
4.109207161125314e-7 11.900327347954214
4.119181585677743e-7 15.10765177213526
4.1291560102301727e-7 19.176603367822253
4.139130434782602e-7 24.33792405656815
4.1491048593350317e-7 30.883958694601414
4.159079283887461e-7 39.18505267235855
4.1690537084398906e-7 49.74152208954597
4.17902813299232e-7 63.208749764203134
4.1890025575447495e-7 80.31094014157425
4.198976982097179e-7 102.02627652506999
4.2089514066496085e-7 129.5954088228246
4.218925831202038e-7 164.59167914914624
4.2289002557544674e-7 209.0100851861649
4.238874680306897e-7 265.3799675434513
4.2488491048593264e-7 336.90773075849603
4.258823529411756e-7 427.65758134064214
4.2687979539641853e-7 542.7803828977627
4.278772378516615e-7 688.8034047961112
4.2887468030690443e-7 875.9193451176102
4.298721227621474e-7 1130.9820834430939
4.308695652173903e-7 1460.1305960339325
4.3186700767263327e-7 1884.8310950317928
4.328644501278762e-7 2432.754709387337
4.3386189258311916e-7 3139.566866286051
4.348593350383621e-7 4051.2315241803162
4.3585677749360506e-7 5226.978065615677
4.36854219948848e-7 6743.121000550032
4.3785166240409095e-7 8697.977077689131
4.388491048593339e-7 11218.194405625765
4.3984654731457685e-7 14466.898183538675
4.408439897698198e-7 18654.173331650723
4.4184143222506274e-7 24269.061277113287
4.428388746803057e-7 31599.856734231456
4.4383631713554863e-7 41140.202820627106
4.448337595907916e-7 53554.660363827505
4.4583120204603453e-7 69707.25489014127
4.468286445012775e-7 90721.22414654413
4.478260869565204e-7 118056.62711479065
4.4882352941176337e-7 153611.14394399387
4.498209718670063e-7 199850.9834159644
4.5081841432224926e-7 259980.87357106135
4.518158567774922e-7 338164.78197098954
4.5281329923273516e-7 439812.47624303563
4.538107416879781e-7 564026.7959201083
4.5480818414322105e-7 718671.5367538264
4.55805626598464e-7 915617.9437222349
4.5680306905370695e-7 1.1664109808324864e6
4.578005115089499e-7 1.4857394901841255e6
4.5879795396419284e-7 1.8922904741738248e6
4.597953964194358e-7 2.4098350229817764e6
4.6079283887467874e-7 3.0686085711284215e6
4.617902813299217e-7 3.9070650954228477e6
4.6278772378516463e-7 4.974106358022121e6
4.637851662404076e-7 6.331914580113393e6
4.647826086956505e-7 8.059551561073466e6
4.6578005115089347e-7 1.030826081711818e7
4.667774936061364e-7 1.32569789787206e7
4.6777493606137937e-7 1.7047489976928584e7
4.687723785166223e-7 2.1919634462794803e7
4.6976982097186526e-7 2.818145662849618e7
4.707672634271082e-7 3.6228562988828756e7
4.7176470588235116e-7 4.656896590141502e7
4.727621483375941e-7 5.9854962997914985e7
4.7375959079283705e-7 7.692404163300386e7
4.7475703324808e-7 9.885135882257614e7
4.7575447570332294e-7 1.2701706666838549e8
4.767519181585659e-7 1.631926754407561e8
4.777493606138089e-7 1.971369000602922e8
4.787468030690518e-7 1.9797149216116008e8
4.797442455242948e-7 1.9879127136717892e8
4.807416879795377e-7 1.9959614119923684e8
4.817391304347807e-7 2.0038600934222797e8
4.827365728900236e-7 2.011607876381778e8
4.837340153452666e-7 2.0192039207771325e8
4.847314578005095e-7 2.0266474278991514e8
4.857289002557525e-7 2.0339376403059334e8
4.867263427109954e-7 2.0410738416899264e8
4.877237851662384e-7 2.0480553567298782e8
4.887212276214813e-7 2.054881550927729e8
4.897186700767243e-7 2.06148837702119e8
4.907161125319672e-7 2.065966097245123e8
4.917135549872102e-7 2.070276335633485e8
4.927109974424531e-7 2.074419100131032e8
4.93708439897696e-7 2.0783944392436e8
4.94705882352939e-7 2.082202441595218e8
4.957033248081819e-7 2.085843235474703e8
4.967007672634249e-7 2.089316988372101e8
4.976982097186678e-7 2.0926239065053558e8
4.986956521739108e-7 2.095764234337615e8
4.996930946291537e-7 2.0987382540856227e8
5.006905370843967e-7 2.1015462852195784e8
5.016879795396396e-7 2.1041886839547434e8
5.026854219948826e-7 2.151405792334065e8
5.036828644501255e-7 2.2102001550795954e8
5.046803069053685e-7 2.270421791474395e8
5.056777493606114e-7 2.332101049801781e8
5.066751918158544e-7 2.3952688348974892e8
5.076726342710973e-7 2.4599566168292925e8
5.086700767263403e-7 2.526196439691145e8
5.096675191815832e-7 2.594020930513334e8
5.106649616368261e-7 2.6634633082897815e8
5.116624040920691e-7 2.734557393123961e8
5.12659846547312e-7 2.8073376154947305e8
5.13657289002555e-7 2.881839025643454e8
5.146547314577979e-7 2.957701286987626e8
5.156521739130409e-7 3.035057850909782e8
5.166496163682838e-7 3.114208464988642e8
5.176470588235268e-7 3.1951894990726036e8
5.186445012787697e-7 3.278037957533249e8
5.196419437340127e-7 3.3627914886629224e8
5.206393861892556e-7 3.4494883941901624e8
5.216368286444986e-7 3.5381676389144367e8
5.226342710997415e-7 3.628868860461186e8
5.236317135549845e-7 3.721632379158679e8
5.246291560102274e-7 3.8164992080380225e8
5.256265984654704e-7 3.913511062957512e8
5.266240409207133e-7 3.984787809892889e8
5.276214833759563e-7 4.010139776084542e8
5.286189258311992e-7 4.035376188128354e8
5.296163682864421e-7 4.060494447431703e8
5.306138107416851e-7 4.0854919810645676e8
5.31611253196928e-7 4.11036624215451e8
5.32608695652171e-7 4.1351147102710617e8
5.336061381074139e-7 4.159734891799552e8
5.346035805626569e-7 4.184224320304227e8
5.356010230178998e-7 4.208580556880764e8
5.365984654731428e-7 4.23280119049833e8
5.375959079283857e-7 4.256883838330913e8
5.385933503836287e-7 4.28054344904016e8
5.395907928388716e-7 4.3025226442438614e8
5.405882352941146e-7 4.3243376698803574e8
5.415856777493575e-7 4.345986458089459e8
5.425831202046005e-7 4.367466974327257e8
5.435805626598434e-7 4.3887772175675404e8
5.445780051150864e-7 4.409915220492042e8
5.455754475703293e-7 4.430879049670216e8
5.465728900255722e-7 4.451666805727984e8
5.475703324808152e-7 4.472276623505909e8
5.485677749360581e-7 4.4927066722066987e8
5.495652173913011e-7 4.5129551555323225e8
5.50562659846544e-7 4.533020311810645e8
5.51560102301787e-7 4.4662919434413195e8
5.525575447570299e-7 4.394651735950172e8
5.535549872122729e-7 4.323903044132178e8
5.545524296675158e-7 4.254041270771916e8
5.555498721227588e-7 4.185061657982149e8
5.565473145780017e-7 4.1169592933721197e8
5.575447570332447e-7 4.0497291161166537e8
5.585421994884876e-7 3.983365922925685e8
5.595396419437306e-7 3.917864373913325e8
5.605370843989735e-7 3.853218998366533e8
5.615345268542165e-7 3.7894242004125273e8
5.625319693094594e-7 3.726474264584873e8
5.635294117647023e-7 3.661405809374818e8
5.645268542199453e-7 3.596135318807965e8
5.655242966751882e-7 3.5318313092015547e8
5.665217391304312e-7 3.468484652216646e8
5.675191815856741e-7 3.406086160769972e8
5.685166240409171e-7 3.344626594390667e8
5.6951406649616e-7 3.284096664441925e8
5.70511508951403e-7 3.224487039208708e8
5.715089514066459e-7 3.165788348852901e8
5.725063938618889e-7 3.1079911902372605e8
5.735038363171318e-7 3.0510861316193634e8
5.745012787723748e-7 2.995063717217153e8
5.754987212276177e-7 3.009555620175208e8
5.764961636828607e-7 3.095590558473294e8
5.774936061381036e-7 3.183918386765717e8
5.784910485933466e-7 3.2745960574786407e8
5.794884910485895e-7 3.3676818431385416e8
5.804859335038325e-7 3.463235365017059e8
5.814833759590754e-7 3.5613176223609877e8
5.824808184143183e-7 3.661991022218408e8
5.834782608695613e-7 3.7653194098726666e8
5.844757033248042e-7 3.871368099895895e8
5.854731457800472e-7 3.980203907834016e8
5.864705882352901e-7 4.091895182535432e8
5.874680306905331e-7 4.206978009502372e8
5.88465473145776e-7 4.326308865260539e8
5.89462915601019e-7 4.448805928032609e8
5.904603580562619e-7 4.5745478012052745e8
5.914578005115049e-7 4.7036149170721036e8
5.924552429667478e-7 4.8360895768523645e8
5.934526854219908e-7 4.972055991537743e8
5.944501278772337e-7 5.1116003235830086e8
5.954475703324767e-7 5.254810729457316e8
5.964450127877196e-7 5.401777403073044e8
5.974424552429626e-7 5.552592620109326e8
5.984398976982055e-7 5.707350783247917e8
5.994373401534484e-7 5.869997275449959e8
6.004347826086914e-7 6.096685674004425e8
6.014322250639343e-7 6.331835825589483e8
6.024296675191773e-7 6.575753496334249e8
6.034271099744202e-7 6.828755167243416e8
6.044245524296632e-7 7.091168399047978e8
6.054219948849061e-7 7.363332209152918e8
6.064194373401491e-7 7.645597461074488e8
6.07416879795392e-7 7.938327266769619e8
6.08414322250635e-7 8.241897402275223e8
6.094117647058779e-7 8.556696737086403e8
6.104092071611209e-7 8.883127677717434e8
6.114066496163638e-7 9.221606625902385e8
6.124040920716068e-7 9.560105195595442e8
6.134015345268497e-7 9.908208061225052e8
6.143989769820927e-7 1.0268541719369203e9
6.153964194373356e-7 1.0641521506998591e9
6.163938618925785e-7 1.1027576418659344e9
6.173913043478215e-7 1.1427149542293296e9
6.183887468030644e-7 1.1840698508585978e9
6.193861892583074e-7 1.2268695954251363e9
6.203836317135503e-7 1.2711629999674096e9
6.213810741687933e-7 1.3170004741344533e9
6.223785166240362e-7 1.3644340759531956e9
6.233759590792792e-7 1.4135175641656713e9
6.243734015345221e-7 1.33791356661638e9
6.253708439897651e-7 1.199540060994055e9
6.26368286445008e-7 1.075433955432279e9
6.27365728900251e-7 9.641289149474295e8
6.283631713554939e-7 8.643087947434797e8
6.293606138107369e-7 7.747923121643599e8
6.303580562659798e-7 6.945192770445812e8
6.313554987212228e-7 6.225382226544607e8
6.323529411764657e-7 5.579952953469808e8
6.333503836317087e-7 5.001242753274535e8
6.343478260869516e-7 4.4823761384349835e8
6.353452685421945e-7 4.017183836757037e8
6.363427109974375e-7 3.599203238827966e8
6.373401534526804e-7 3.2233742922173274e8
6.383375959079234e-7 2.886678347148024e8
6.393350383631663e-7 2.5850528180878878e8
6.403324808184093e-7 2.3148555562212634e8
6.413299232736522e-7 2.072821481962217e8
6.423273657288952e-7 1.8560236751986414e8
6.433248081841381e-7 1.6618384667438948e8
6.443222506393811e-7 1.4879141210441953e8
6.45319693094624e-7 1.3321427420295474e8
6.46317135549867e-7 1.1926350715832211e8
6.473145780051099e-7 1.0676978838699634e8
6.483120204603529e-7 9.630911769328657e7
6.493094629155958e-7 8.977289176083831e7
6.503069053708388e-7 8.367721997482654e7
6.513043478260817e-7 7.799262957456267e7
6.523017902813246e-7 7.26916034417576e7
6.532992327365676e-7 6.774845149627446e7
6.542966751918105e-7 6.313919046542317e7
6.552941176470535e-7 5.88414314875794e7
6.562915601022964e-7 5.483427504519901e7
6.572890025575394e-7 5.109821275445021e7
6.582864450127823e-7 4.761503556880895e7
6.592838874680253e-7 4.436774798220095e7
6.602813299232682e-7 4.134048784372483e7
6.612787723785112e-7 3.850718864826159e7
6.622762148337541e-7 3.586650092969064e7
6.632736572889971e-7 3.3405759850564033e7
6.6427109974424e-7 3.1112787011702545e7
6.65268542199483e-7 2.8976222087406315e7
6.662659846547259e-7 2.6985468319168217e7
6.672634271099689e-7 2.5130641608547285e7
6.682608695652118e-7 2.3402522973891664e7
6.692583120204548e-7 2.179251415081373e7
6.702557544756977e-7 2.029259613056424e7
6.712531969309406e-7 1.889529044378707e7
6.722506393861836e-7 1.7593623009614307e7
6.732480818414265e-7 1.1527955893521486e7
6.742455242966695e-7 6.718490536864234e6
6.752429667519124e-7 3.9154082979999897e6
6.762404092071554e-7 2.281751849722322e6
6.772378516623983e-7 1.3296760191369073e6
6.782352941176413e-7 774835.2943038943
6.792327365728842e-7 451501.45046809595
6.802301790281272e-7 263084.4403497105
6.812276214833701e-7 153291.29641683903
6.822250639386131e-7 89315.37231913317
6.83222506393856e-7 52038.09287432419
6.84219948849099e-7 30318.173552816002
6.852173913043419e-7 17664.46997401105
6.862148337595849e-7 10292.259027769338
6.872122762148278e-7 5996.633252068663
6.882097186700707e-7 3493.743467393318
6.892071611253137e-7 2035.4542263473095
6.902046035805566e-7 1185.8193390065776
6.912020460357996e-7 690.816396357786
6.921994884910425e-7 402.4331264660609
6.931969309462855e-7 234.42927464462386
6.941943734015284e-7 136.5579717126944
6.951918158567714e-7 79.54436534586252
6.961892583120143e-7 46.332847429986195
6.971867007672573e-7 26.84702512907525
6.981841432225002e-7 15.378692982078118
6.991815856777432e-7 8.80906995462768
7.001790281329861e-7 5.045777788423745
7.011764705882291e-7 2.890105306617524
7.02173913043472e-7 1.6553382629121975
7.03171355498715e-7 0.9480853467552118
7.041687979539579e-7 0.5429949156473872
7.051662404092008e-7 0.3109795235558022
7.061636828644438e-7 0.17809658017045807
7.071611253196867e-7 0.10199225061148119
7.081585677749297e-7 0.058407232949815584
7.091560102301726e-7 0.033495957077771754
7.101534526854156e-7 0.019483958930588113
7.111508951406585e-7 0.01133313437426676
7.121483375959015e-7 0.0065919050181618725
7.131457800511444e-7 0.003834069364076556
7.141432225063874e-7 0.0022299604627959483
7.151406649616303e-7 0.001296948060848082
7.161381074168733e-7 0.0007542864036492249
7.171355498721162e-7 0.0004386703682128465
7.181329923273592e-7 0.0002551107111624268
7.191304347826021e-7 0.00014835681866380457
7.201278772378451e-7 0.00008627298086250705
7.21125319693088e-7 0.000050168442523911786
7.22122762148331e-7 0.00002795944029401812
7.231202046035739e-7 0.000015487443295752783
7.241176470588168e-7 8.578663916458822e-6
7.251150895140598e-7 4.75169214100811e-6
7.261125319693027e-7 2.631877679785508e-6
7.271099744245457e-7 1.457712636840832e-6
7.281074168797886e-7 8.073595664862123e-7
7.291048593350316e-7 4.471476770019063e-7
7.301023017902745e-7 2.476417789385348e-7
7.310997442455175e-7 1.3714685433263664e-7
7.320971867007604e-7 7.59515834203833e-8
7.330946291560034e-7 4.2060739647724786e-8
7.340920716112463e-7 2.3355991880960986e-8
7.350895140664893e-7 1.2987734257836134e-8
7.360869565217322e-7 7.222003597774e-9
7.370843989769752e-7 4.015792646185373e-9
7.380818414322181e-7 2.2329252134243553e-9
7.390792838874611e-7 1.2415563559840782e-9
7.40076726342704e-7 6.903162617095942e-10
7.41074168797947e-7 3.838125942313315e-10
7.420716112531899e-7 2.133928348860218e-10
7.430690537084328e-7 1.1863968435379281e-10
7.440664961636758e-7 6.595833944493028e-11
7.450639386189187e-7 3.666900017339215e-11
7.460613810741617e-7 2.028691364262211e-11
7.470588235294046e-7 1.1153723879682645e-11
7.480562659846476e-7 6.132161010701935e-12
7.490537084398905e-7 3.3712969240135284e-12
7.500511508951335e-7 1.8534048505998705e-12
7.510485933503764e-7 1.0189044620468773e-12
7.520460358056194e-7 5.601270576230769e-13
7.530434782608623e-7 3.079141173526578e-13
7.540409207161053e-7 1.6926324062008085e-13
7.550383631713482e-7 9.304343686659838e-14
7.560358056265912e-7 5.114449795531243e-14
7.570332480818341e-7 2.8112678043358866e-14
7.58030690537077e-7 1.5458675393717792e-14
7.5902813299232e-7 8.51261988472988e-15
7.600255754475629e-7 4.687534183290382e-15
7.610230179028059e-7 2.581166007602469e-15
7.620204603580488e-7 1.4212737938866546e-15
7.630179028132918e-7 7.825821193824849e-16
7.640153452685347e-7 4.3089603047018943e-16
7.650127877237777e-7 2.3724960849448424e-16
7.660102301790206e-7 1.30625808890311e-16
7.670076726342636e-7 7.191889344387558e-17
7.680051150895065e-7 3.959565705264936e-17
7.690025575447495e-7 2.179930777011672e-17
7.699999999999924e-7 1.200130521984933e-17
