3.8e-7 1.5078830975610653e6
3.8195e-7 1.7068902195713818e6
3.839e-7 1.9308074277230254e6
3.8585e-7 2.182591503683152e6
3.8779999999999997e-7 2.4655321379407896e6
3.8974999999999995e-7 2.783287513634703e6
3.9169999999999994e-7 3.139923506386936e6
3.9364999999999993e-7 3.5399568502219003e6
3.955999999999999e-7 3.9884026520283637e6
3.975499999999999e-7 4.490826672270251e6
3.994999999999999e-7 5.053402828014713e6
4.014499999999999e-7 5.682976416088663e6
4.0339999999999987e-7 6.387133599583411e6
4.0534999999999985e-7 7.174277750312072e6
4.0729999999999984e-7 8.053713293521868e6
4.0924999999999983e-7 9.035737759533167e6
4.111999999999998e-7 1.0131742810417907e7
4.131499999999998e-7 1.1354325078755831e7
4.150999999999998e-7 1.2717407730389513e7
4.170499999999998e-7 1.4236373744420098e7
4.1899999999999977e-7 1.5928211991992336e7
4.2094999999999976e-7 1.7811677291280363e7
4.2289999999999974e-7 1.9907465720137116e7
4.2484999999999973e-7 2.2238406580775015e7
4.267999999999997e-7 2.482967253334831e7
4.287499999999997e-7 2.7709009548179872e7
4.306999999999997e-7 2.8907420133846536e7
4.326499999999997e-7 3.0142986736346554e7
4.3459999999999967e-7 3.14162780289954e7
4.3654999999999966e-7 3.2727852992424138e7
4.3849999999999965e-7 3.407826040488159e7
4.4044999999999963e-7 3.546803834177338e7
4.423999999999996e-7 3.689771368499013e7
4.443499999999996e-7 3.8367801642551035e7
4.462999999999996e-7 3.9878805279069014e7
4.482499999999996e-7 4.1431215057514854e7
4.5019999999999957e-7 4.302550839274055e7
4.5214999999999956e-7 4.466214921718882e7
4.5409999999999955e-7 4.634158755919982e7
4.5604999999999953e-7 4.8064259134293854e7
4.579999999999995e-7 4.983058494979069e7
4.599499999999995e-7 5.164097092309636e7
4.618999999999995e-7 5.349580751396303e7
4.638499999999995e-7 5.539546937101266e7
4.6579999999999947e-7 5.734031499277343e7
4.6774999999999946e-7 5.9330686403470896e7
4.6969999999999945e-7 6.136690884378138e7
4.7164999999999944e-7 6.344929047673327e7
4.735999999999994e-7 6.557812210892207e7
4.755499999999994e-7 6.775367692717484e7
4.774999999999995e-7 6.997621025078592e7
4.794499999999995e-7 7.569080266054997e7
4.813999999999995e-7 8.18433322355088e7
4.833499999999996e-7 8.846528298638108e7
4.852999999999996e-7 9.559026350729194e7
4.872499999999997e-7 1.032541417834868e8
4.891999999999997e-7 1.114951880664091e8
4.911499999999997e-7 1.2035422627344744e8
4.930999999999998e-7 1.2987479439433867e8
4.950499999999998e-7 1.401033144121762e8
4.969999999999999e-7 1.5108927227426735e8
4.989499999999999e-7 1.6288540847681966e8
5.008999999999999e-7 1.7554791985757592e8
5.0285e-7 1.8913667322230548e8
5.048e-7 2.0371543146436766e8
5.067500000000001e-7 2.193520928716821e8
5.087000000000001e-7 2.361189443522646e8
5.106500000000001e-7 2.540929293482415e8
5.126000000000002e-7 2.733559312489679e8
5.145500000000002e-7 2.9399507315664715e8
5.165000000000003e-7 3.1610303490282005e8
5.184500000000003e-7 3.3977838826128596e8
5.204000000000003e-7 3.651259513526892e8
5.223500000000004e-7 3.922571632880537e8
5.243000000000004e-7 4.2129048015339434e8
5.262500000000005e-7 4.5235179349492e8
5.282000000000005e-7 4.474719772141939e8
5.301500000000005e-7 4.425291419906278e8
5.321000000000006e-7 4.375278322374887e8
5.340500000000006e-7 4.324725246870103e8
5.360000000000007e-7 4.2736762480596644e8
5.379500000000007e-7 4.222174634647393e8
5.399000000000008e-7 4.170262938553662e8
5.418500000000008e-7 4.117982886536634e8
5.438000000000008e-7 4.0653753742026e8
5.457500000000009e-7 4.012480442350008e8
5.477000000000009e-7 3.959337255590158e8
5.49650000000001e-7 3.9059840831844133e8
5.51600000000001e-7 3.852458282036196e8
5.53550000000001e-7 3.798796281774284e8
5.555000000000011e-7 3.7450335718620753e8
5.574500000000011e-7 3.6912046906668025e8
5.594000000000012e-7 3.637343216421125e8
5.613500000000012e-7 3.583481760009201e8
5.633000000000012e-7 3.529651959508384e8
5.652500000000013e-7 3.4758844764177513e8
5.672000000000013e-7 3.422208993503939e8
5.691500000000014e-7 3.3686542141955274e8
5.711000000000014e-7 3.315247863456663e8
5.730500000000014e-7 3.26201669007123e8
5.750000000000015e-7 3.208986470269999e8
5.769500000000015e-7 3.385973429169419e8
5.789000000000016e-7 3.572009086411998e8
5.808500000000016e-7 3.767522059686467e8
5.828000000000016e-7 3.972959799334483e8
5.847500000000017e-7 4.188789358572252e8
5.867000000000017e-7 4.415498193209601e8
5.886500000000018e-7 4.6535949919327724e8
5.906000000000018e-7 4.903610538254239e8
5.925500000000018e-7 5.16609860527055e8
5.945000000000019e-7 5.441636884408607e8
5.964500000000019e-7 5.730827949381068e8
5.98400000000002e-7 6.034300256613668e8
6.00350000000002e-7 6.352709183450075e8
6.02300000000002e-7 6.686738105484965e8
6.042500000000021e-7 7.037099514421798e8
6.062000000000021e-7 7.40453617789949e8
6.081500000000022e-7 7.789822342781215e8
6.101000000000022e-7 8.193764983449837e8
6.120500000000023e-7 8.617205096706032e8
6.140000000000023e-7 9.061019044920571e8
6.159500000000023e-7 9.526119949146553e8
6.179000000000024e-7 1.0013459133957163e9
6.198500000000024e-7 1.0524027625832083e9
6.218000000000025e-7 1.1058857706979191e9
6.237500000000025e-7 1.1619024526536798e9
6.257000000000025e-7 1.006266370692517e9
6.276500000000026e-7 8.713420349134014e8
6.296000000000026e-7 7.543926191444669e8
6.315500000000027e-7 6.530401574131758e8
6.335000000000027e-7 5.65218885308509e8
6.354500000000027e-7 4.891345916435169e8
6.374000000000028e-7 4.232292141505104e8
6.393500000000028e-7 3.6615000951593894e8
6.413000000000029e-7 3.167227126221922e8
6.432500000000029e-7 2.73928173881555e8
6.452000000000029e-7 2.368820283192224e8
6.47150000000003e-7 2.0481700672594804e8
6.49100000000003e-7 1.770675487577723e8
6.510500000000031e-7 1.5305642118938324e8
6.530000000000031e-7 1.3228308240121439e8
6.549500000000031e-7 1.143135672763119e8
6.569000000000032e-7 9.87716955961554e7
6.588500000000032e-7 8.533143227695976e7
6.608000000000033e-7 7.371024983722916e7
6.627500000000033e-7 6.36633627348151e7
6.647000000000034e-7 5.497872000917214e7
6.666500000000034e-7 4.747265732005083e7
6.686000000000034e-7 4.0986122257521294e7
6.705500000000035e-7 3.5381397946265064e7
6.725000000000035e-7 3.053925968638933e7
6.744500000000036e-7 6.217978839891531e6
6.764000000000036e-7 1.2658618166875823e6
6.783500000000036e-7 257673.73951123367
6.803000000000037e-7 52444.66182543045
6.822500000000037e-7 10672.843737159108
6.842000000000038e-7 2171.736863301723
6.861500000000038e-7 441.85817975505955
6.881000000000038e-7 89.88923545414603
6.900500000000039e-7 18.284454504584176
6.920000000000039e-7 3.7188297931154897
6.93950000000004e-7 0.7562771858942269
6.95900000000004e-7 0.15378236291675706
6.97850000000004e-7 0.031266791319784784
6.998000000000041e-7 0.006356408121751507
7.017500000000041e-7 0.0012920886739435124
7.037000000000042e-7 0.00026261852700311123
7.056500000000042e-7 0.00005337173274614732
7.076000000000042e-7 0.000010845524109784056
7.095500000000043e-7 2.203654379209038e-6
7.115000000000043e-7 4.4770351467006967e-7
7.134500000000044e-7 9.094775845040494e-8
7.154000000000044e-7 1.847346452152503e-8
7.173500000000044e-7 3.751974996822779e-9
7.193000000000045e-7 7.619511483123609e-10
7.212500000000045e-7 1.5472136841294862e-10
7.232000000000046e-7 2.850452138945293e-11
7.251500000000046e-7 5.250902016534812e-12
7.271000000000047e-7 9.67188532934882e-13
7.290500000000047e-7 1.7813357386094588e-13
7.310000000000047e-7 3.280486021942606e-14
7.329500000000048e-7 6.040720152585764e-15
7.349000000000048e-7 1.1122379247264533e-15
7.368500000000049e-7 2.0476959859028327e-16
7.388000000000049e-7 3.7695750202538394e-17
7.407500000000049e-7 6.93871048628056e-18
7.42700000000005e-7 1.277100092707571e-18
7.44650000000005e-7 2.3503428779313304e-19
7.466000000000051e-7 4.325117897565908e-20
7.485500000000051e-7 7.958393974096677e-21
7.505000000000051e-7 1.4642458161853956e-21
7.524500000000052e-7 2.6937912194085583e-22
7.544000000000052e-7 4.955364059288176e-23
7.563500000000053e-7 9.114843111934484e-24
7.583000000000053e-7 1.6764288592755915e-24
7.602500000000053e-7 3.0830719315391616e-25
7.622000000000054e-7 5.669504186406902e-26
7.641500000000054e-7 1.0424847000866125e-26
7.661000000000055e-7 1.916716032516212e-27
7.680500000000055e-7 3.5237867985382632e-28
