3.8e-7 508.27589217426225
3.8099744245524296e-7 595.6074888318374
3.819948849104859e-7 697.8153221831416
3.8299232736572886e-7 817.412360946566
3.839897698209718e-7 957.447836706873
3.8498721227621475e-7 1121.2789379440546
3.859846547314577e-7 1312.9083804087707
3.8698209718670064e-7 1581.2696203851165
3.879795396419436e-7 1910.7981652863882
3.8897698209718654e-7 2308.594867908452
3.899744245524295e-7 2774.7565032015855
3.9097186700767243e-7 3331.189226973618
3.919693094629154e-7 3998.522125967896
3.9296675191815833e-7 4734.6287038372375
3.939641943734013e-7 5584.239403734051
3.949616368286442e-7 6585.20964202625
3.9595907928388717e-7 7728.116046472916
3.969565217391301e-7 9051.955791527045
3.9795396419437306e-7 10600.84139091376
3.98951406649616e-7 12673.938168971366
3.9994884910485896e-7 15304.872068164383
4.009462915601019e-7 18479.003414388382
4.0194373401534485e-7 22441.625581793167
4.029411764705878e-7 27350.912458980696
4.0393861892583075e-7 33328.94762211747
4.049360613810737e-7 39217.50751092959
4.0593350383631664e-7 44906.41773546932
4.069309462915596e-7 51412.724133976095
4.0792838874680254e-7 58363.13824933338
4.089258312020455e-7 65708.96183695723
4.0992327365728843e-7 73968.33061267364
4.109207161125314e-7 86163.5910739973
4.119181585677743e-7 104603.47492489331
4.1291560102301727e-7 126971.16225991731
4.139130434782602e-7 152807.57490842848
4.1491048593350317e-7 181552.3731860021
4.159079283887461e-7 215673.61492055494
4.1690537084398906e-7 253049.1286385861
4.17902813299232e-7 289990.8341220381
4.1890025575447495e-7 332279.138655195
4.198976982097179e-7 382498.8330195145
4.2089514066496085e-7 445435.257243388
4.218925831202038e-7 518656.40506436804
4.2289002557544674e-7 604591.5944265857
4.238874680306897e-7 707570.8107111101
4.2488491048593264e-7 827979.6407815693
4.258823529411756e-7 971680.890502508
4.2687979539641853e-7 1.1560044928824448e6
4.278772378516615e-7 1.3751135348468192e6
4.2887468030690443e-7 1.6248427426548146e6
4.298721227621474e-7 1.833493002958399e6
4.308695652173903e-7 2.0686715808955026e6
4.3186700767263327e-7 2.335325601066542e6
4.328644501278762e-7 2.660111353109428e6
4.3386189258311916e-7 3.029686726652433e6
4.348593350383621e-7 3.4499861162539427e6
4.3585677749360506e-7 3.914343485270132e6
4.36854219948848e-7 4.440656483453389e6
4.3785166240409095e-7 5.037121836700209e6
4.388491048593339e-7 5.71305663636923e6
4.3984654731457685e-7 6.478918272221726e6
4.408439897698198e-7 7.346569534932737e6
4.4184143222506274e-7 8.491352604818618e6
4.428388746803057e-7 9.832930997935811e6
4.4383631713554863e-7 1.1385137683875822e7
4.448337595907916e-7 1.3180548647367025e7
4.4583120204603453e-7 1.52572717878417e7
4.468286445012775e-7 1.765917813578229e7
4.478260869565204e-7 1.9942899072491467e7
4.4882352941176337e-7 2.2379392884038877e7
4.498209718670063e-7 2.511074073962749e7
4.5081841432224926e-7 2.867889478488167e7
4.518158567774922e-7 3.295382560298534e7
4.5281329923273516e-7 3.78618175701421e7
4.538107416879781e-7 4.258642667257122e7
4.5480818414322105e-7 4.743749821419641e7
4.55805626598464e-7 5.2835460304021545e7
4.5680306905370695e-7 5.8848008812832005e7
4.578005115089499e-7 6.554209295067923e7
4.5879795396419284e-7 7.298992334019023e7
4.597953964194358e-7 8.006854378241885e7
4.6079283887467874e-7 8.687081120728114e7
4.617902813299217e-7 9.424119737624851e7
4.6278772378516463e-7 1.0192740466058892e8
4.637851662404076e-7 1.0993566147084303e8
4.647826086956505e-7 1.1856105961612813e8
4.6578005115089347e-7 1.267376933150229e8
4.667774936061364e-7 1.3412938705067667e8
4.6777493606137937e-7 1.4193803492977697e8
4.687723785166223e-7 1.5004413930584115e8
4.6976982097186526e-7 1.5838502424752614e8
4.707672634271082e-7 1.6717323082940853e8
4.7176470588235116e-7 1.7694797841829836e8
4.727621483375941e-7 1.8825377013473934e8
4.7375959079283705e-7 2.0026272200238273e8
4.7475703324808e-7 2.131142626775868e8
4.7575447570332294e-7 2.2700433912546968e8
4.767519181585659e-7 2.4177698062622014e8
4.777493606138089e-7 2.5108148368276125e8
4.787468030690518e-7 2.417423286740116e8
4.797442455242948e-7 2.3272907192964995e8
4.807416879795377e-7 2.24114638529208e8
4.817391304347807e-7 2.1613023038632187e8
4.827365728900236e-7 2.0841140615254727e8
4.837340153452666e-7 2.0026796971227422e8
4.847314578005095e-7 1.8846786226574495e8
4.857289002557525e-7 1.7734727698326886e8
4.867263427109954e-7 1.6687220223273462e8
4.877237851662384e-7 1.5704283134145132e8
4.887212276214813e-7 1.4777955813711655e8
4.897186700767243e-7 1.3922824037301716e8
4.907161125319672e-7 1.3645456795390332e8
4.917135549872102e-7 1.3372470565959434e8
4.927109974424531e-7 1.3103830888727303e8
4.93708439897696e-7 1.289133261329127e8
4.94705882352939e-7 1.2682440965506047e8
4.957033248081819e-7 1.2475892364152832e8
4.967007672634249e-7 1.2171347966528311e8
4.976982097186678e-7 1.1864999918381672e8
4.986956521739108e-7 1.1565414322268035e8
4.996930946291537e-7 1.12202121617598e8
5.006905370843967e-7 1.0876688139566551e8
5.016879795396396e-7 1.0542832923428454e8
5.026854219948826e-7 1.1067956790787712e8
5.036828644501255e-7 1.1834423345498396e8
5.046803069053685e-7 1.2652968210001436e8
5.056777493606114e-7 1.3419438167288518e8
5.066751918158544e-7 1.4194941075981876e8
5.076726342710973e-7 1.5014094304351398e8
5.086700767263403e-7 1.5865712618396062e8
5.096675191815832e-7 1.6758294633048686e8
5.106649616368261e-7 1.7699742365452442e8
5.116624040920691e-7 1.8725257273482728e8
5.12659846547312e-7 1.9827417318956918e8
5.13657289002555e-7 2.0992877577528486e8
5.146547314577979e-7 2.2392495471876532e8
5.156521739130409e-7 2.4006528766378707e8
5.166496163682838e-7 2.5735006617932463e8
5.176470588235268e-7 2.7630888923967606e8
5.186445012787697e-7 2.97056286099076e8
5.196419437340127e-7 3.1933847033507955e8
5.206393861892556e-7 3.365879866901907e8
5.216368286444986e-7 3.474005217979603e8
5.226342710997415e-7 3.585349289768897e8
5.236317135549845e-7 3.714205134238201e8
5.246291560102274e-7 3.8670384953515387e8
5.256265984654704e-7 4.02587965973498e8
5.266240409207133e-7 4.134124164131837e8
5.276214833759563e-7 4.149482143713344e8
5.286189258311992e-7 4.1646114627795815e8
5.296163682864421e-7 4.19351268525524e8
5.306138107416851e-7 4.252400110908694e8
5.31611253196928e-7 4.3118237148641765e8
5.32608695652171e-7 4.350032358932334e8
5.336061381074139e-7 4.328186158949185e8
5.346035805626569e-7 4.306164249973562e8
5.356010230178998e-7 4.278443392246738e8
5.365984654731428e-7 4.2301384155904496e8
5.375959079283857e-7 4.182106312862448e8
5.385933503836287e-7 4.136044337471492e8
5.395907928388716e-7 4.0992768386219084e8
5.405882352941146e-7 4.062575929035042e8
5.415856777493575e-7 4.022976858350709e8
5.425831202046005e-7 3.9575879148792803e8
5.435805626598434e-7 3.893016579246799e8
5.445780051150864e-7 3.832604767544802e8
5.455754475703293e-7 3.840495299739645e8
5.465728900255722e-7 3.8481637262918544e8
5.475703324808152e-7 3.8556099821883017e8
5.485677749360581e-7 3.7546331843491274e8
5.495652173913011e-7 3.655260435976778e8
5.50562659846544e-7 3.558302213220554e8
5.51560102301787e-7 3.65460482872894e8
5.525575447570299e-7 3.76673687105261e8
5.535549872122729e-7 3.882078108792675e8
5.545524296675158e-7 4.0025861600556445e8
5.555498721227588e-7 4.126848143026364e8
5.565473145780017e-7 4.2547185572941834e8
5.575447570332447e-7 4.307371119071175e8
5.585421994884876e-7 4.344021269316827e8
5.595396419437306e-7 4.3807307278169787e8
5.605370843989735e-7 4.406542365846847e8
5.615345268542165e-7 4.4290308338163745e8
5.625319693094594e-7 4.4513816188572973e8
5.635294117647023e-7 4.4783187509187096e8
5.645268542199453e-7 4.50702786081238e8
5.655242966751882e-7 4.53566793191736e8
5.665217391304312e-7 4.503702944001449e8
5.675191815856741e-7 4.441615223807467e8
5.685166240409171e-7 4.380142954915459e8
5.6951406649616e-7 4.4394218540964395e8
5.70511508951403e-7 4.579082351546118e8
5.715089514066459e-7 4.722881286593885e8
5.725063938618889e-7 4.834277749665942e8
5.735038363171318e-7 4.918120654025412e8
5.745012787723748e-7 5.003151665950896e8
5.754987212276177e-7 4.9593523976154524e8
5.764961636828607e-7 4.790084811058333e8
5.774936061381036e-7 4.6263523994071794e8
5.784910485933466e-7 4.4680744331230074e8
5.794884910485895e-7 4.3150968292446756e8
5.804859335038325e-7 4.1671422247187877e8
5.814833759590754e-7 4.063375715877845e8
5.824808184143183e-7 4.0225512717981356e8
5.834782608695613e-7 3.9819350988064563e8
5.844757033248042e-7 3.951380092442823e8
5.854731457800472e-7 3.9402550150443125e8
5.864705882352901e-7 3.9289651570646405e8
5.874680306905331e-7 3.8766272175324476e8
5.88465473145776e-7 3.7236106762336165e8
5.89462915601019e-7 3.576458193078587e8
5.904603580562619e-7 3.438536047768908e8
5.914578005115049e-7 3.317558298076711e8
5.924552429667478e-7 3.200682044350757e8
5.934526854219908e-7 3.091060075104377e8
5.944501278772337e-7 3.000383833855676e8
5.954475703324767e-7 2.912228841849926e8
5.964450127877196e-7 2.8247946292006713e8
5.974424552429626e-7 2.727209505362393e8
5.984398976982055e-7 2.6328720339477205e8
5.994373401534484e-7 2.5603914399804476e8
6.004347826086914e-7 2.7793762459512925e8
6.014322250639343e-7 3.016950970445478e8
6.024296675191773e-7 3.274963412556276e8
6.034271099744202e-7 3.593815128997099e8
6.044245524296632e-7 3.943530935084194e8
6.054219948849061e-7 4.327081851077132e8
6.064194373401491e-7 4.637640391530908e8
6.07416879795392e-7 4.9645341230792797e8
6.08414322250635e-7 5.314232666243068e8
6.094117647058779e-7 5.686979053225287e8
6.104092071611209e-7 6.085440498515904e8
6.114066496163638e-7 6.511534350425292e8
6.124040920716068e-7 7.193803154134848e8
6.134015345268497e-7 7.994466460622753e8
6.143989769820927e-7 8.883858393279479e8
6.153964194373356e-7 9.860242649500582e8
6.163938618925785e-7 1.0940050120416934e9
6.173913043478215e-7 1.2137591214084485e9
6.183887468030644e-7 1.3008433082583337e9
6.193861892583074e-7 1.376806080395193e9
6.203836317135503e-7 1.457143496038385e9
6.213810741687933e-7 1.5467841499313838e9
6.223785166240362e-7 1.644217339076011e9
6.233759590792792e-7 1.747715591898024e9
6.243734015345221e-7 1.6613273592278655e9
6.253708439897651e-7 1.4767818927108917e9
6.26368286445008e-7 1.3126827827688534e9
6.27365728900251e-7 1.1668142138568213e9
6.283631713554939e-7 1.0371420348400149e9
6.293606138107369e-7 9.21843734135451e8
6.303580562659798e-7 8.368389622458646e8
6.313554987212228e-7 7.748819323607116e8
6.323529411764657e-7 7.174835959386917e8
6.333503836317087e-7 6.62014174679873e8
6.343478260869516e-7 6.083403693348463e8
6.353452685421945e-7 5.589964276396732e8
6.363427109974375e-7 5.002270861055734e8
6.373401534526804e-7 4.306449691659693e8
6.383375959079234e-7 3.7072753364786947e8
6.393350383631663e-7 3.1949859797630566e8
6.403324808184093e-7 2.759180038407692e8
6.413299232736522e-7 2.3827289988443103e8
6.423273657288952e-7 2.088843787683153e8
6.433248081841381e-7 1.8977606947482756e8
6.443222506393811e-7 1.7240930239337325e8
6.45319693094624e-7 1.568621736329911e8
6.46317135549867e-7 1.4338623674972582e8
6.473145780051099e-7 1.3106317863983296e8
6.483120204603529e-7 1.2085169979157223e8
6.493094629155958e-7 1.1575496766183892e8
6.503069053708388e-7 1.108691531642936e8
6.513043478260817e-7 1.0616936320383306e8
6.523017902813246e-7 1.0156293193312377e8
6.532992327365676e-7 9.71528814176871e7
6.542966751918105e-7 9.301347352624571e7
6.552941176470535e-7 8.998416658123636e7
6.562915601022964e-7 8.705044394554691e7
6.572890025575394e-7 8.419812272273791e7
6.582864450127823e-7 8.098294820911403e7
6.592838874680253e-7 7.788783415816592e7
6.602813299232682e-7 7.490841559191197e7
6.612787723785112e-7 7.188722385782729e7
6.622762148337541e-7 6.898077303291188e7
6.632736572889971e-7 6.618956842661186e7
6.6427109974424e-7 6.329368387933856e7
6.65268542199483e-7 6.050311347870926e7
6.662659846547259e-7 5.783362656278526e7
6.672634271099689e-7 5.589365367340735e7
6.682608695652118e-7 5.411460889494536e7
6.692583120204548e-7 5.239044667200901e7
6.702557544756977e-7 5.089189577928652e7
6.712531969309406e-7 4.947530116270545e7
6.722506393861836e-7 4.809655980674477e7
6.732480818414265e-7 2.706120331933649e7
6.742455242966695e-7 1.2688393640622234e7
6.752429667519124e-7 5.949111742854793e6
6.762404092071554e-7 2.7882716465413896e6
6.772378516623983e-7 1.3065890713233687e6
6.782352941176413e-7 612250.4228743467
6.792327365728842e-7 289889.68896646827
6.802301790281272e-7 138058.28227447972
6.812276214833701e-7 65747.38487477259
6.822250639386131e-7 31370.305818528348
6.83222506393856e-7 14987.788617378203
6.84219948849099e-7 7160.492101949019
6.852173913043419e-7 3359.4432620550983
6.862148337595849e-7 1551.0882993158095
6.872122762148278e-7 716.1309061232064
6.882097186700707e-7 332.2175327147502
6.892071611253137e-7 154.92885186883723
6.902046035805566e-7 72.2485137848011
6.912020460357996e-7 33.96019217073717
6.921994884910425e-7 16.137514644133653
6.931969309462855e-7 7.668142853871679
6.941943734015284e-7 3.6075979419653175
6.951918158567714e-7 1.6684019370802492
6.961892583120143e-7 0.7715613187134709
6.971867007672573e-7 0.358047141550661
6.981841432225002e-7 0.16742693323679403
6.991815856777432e-7 0.0782884704547733
7.001790281329861e-7 0.036493893096507926
7.011764705882291e-7 0.016860855526893117
7.02173913043472e-7 0.007789804500937571
7.03171355498715e-7 0.0036310239362224877
7.041687979539579e-7 0.0017526443884162515
7.051662404092008e-7 0.0008459529389016525
7.061636828644438e-7 0.00040828830734908133
7.071611253196867e-7 0.00019699904453283863
7.081585677749297e-7 0.00009504935159455977
7.091560102301726e-7 0.000045685275555191
7.101534526854156e-7 0.000021168071718080528
7.111508951406585e-7 9.807862446366628e-6
7.121483375959015e-7 4.541028643678037e-6
7.131457800511444e-7 2.066860477251862e-6
7.141432225063874e-7 9.407110661006462e-7
7.151406649616303e-7 4.28143710693137e-7
7.161381074168733e-7 2.0185952305289242e-7
7.171355498721162e-7 9.522274635014314e-8
7.181329923273592e-7 4.491801311180082e-8
7.191304347826021e-7 2.0965836551903995e-8
7.201278772378451e-7 9.777913659500316e-9
7.21125319693088e-7 4.560040744182792e-9
7.22122762148331e-7 2.0643728114573854e-9
7.231202046035739e-7 9.305816585172874e-10
7.241176470588168e-7 4.1947831507295756e-10
7.251150895140598e-7 1.883761987805e-10
7.261125319693027e-7 8.452299297217505e-11
7.271099744245457e-7 3.792385846446e-11
7.281074168797886e-7 1.7085476523247545e-11
7.291048593350316e-7 7.706868511950487e-12
7.301023017902745e-7 3.476304062675254e-12
7.310997442455175e-7 1.575613087435409e-12
7.320971867007604e-7 7.155261689771234e-13
7.330946291560034e-7 3.249305576839513e-13
7.340920716112463e-7 1.4549933760307325e-13
7.350895140664893e-7 6.467463008713642e-14
7.360869565217322e-7 2.874723762105311e-14
7.370843989769752e-7 1.2769133296136425e-14
7.380818414322181e-7 5.669261908828432e-15
7.390792838874611e-7 2.516987065960359e-15
7.40076726342704e-7 1.1332780409067803e-15
7.41074168797947e-7 5.162324829342261e-16
7.420716112531899e-7 2.3514929289912e-16
7.430690537084328e-7 1.066807053041674e-16
7.440664961636758e-7 4.8196617101752396e-17
7.450639386189187e-7 2.1773931823777334e-17
7.460613810741617e-7 9.744329305297519e-18
7.470588235294046e-7 4.308160902452187e-18
7.480562659846476e-7 1.9046782826916387e-18
7.490537084398905e-7 8.437604344454736e-19
7.500511508951335e-7 3.7499208293549476e-19
7.510485933503764e-7 1.6665368408054367e-19
7.520460358056194e-7 7.445991580248701e-20
7.530434782608623e-7 3.363416092216191e-20
7.540409207161053e-7 1.5192479403893026e-20
7.550383631713482e-7 6.873508305925536e-21
7.560358056265912e-7 3.123269435469087e-21
7.570332480818341e-7 1.4191573928276005e-21
7.58030690537077e-7 6.426482735952318e-22
7.5902813299232e-7 2.875157929357111e-22
7.600255754475629e-7 1.286294190067964e-22
7.610230179028059e-7 5.743640080168545e-23
7.620204603580488e-7 2.540015014667458e-23
7.630179028132918e-7 1.1232481484953301e-23
7.640153452685347e-7 4.9761362509757594e-24
7.650127877237777e-7 2.2372032259274133e-24
7.660102301790206e-7 1.0057941093724427e-24
7.670076726342636e-7 4.521016870847312e-25
7.680051150895065e-7 2.0267183165015043e-25
7.690025575447495e-7 9.085341342615189e-26
7.699999999999924e-7 4.072674806504197e-26
