3.8e-7 2.7601231790693726e7
3.8099744245524296e-7 2.8326352432918563e7
3.819948849104859e-7 2.9065149255112406e7
3.8299232736572886e-7 2.9817745858369865e7
3.839897698209718e-7 3.058426421097152e7
3.8498721227621475e-7 3.13648245973378e7
3.859846547314577e-7 3.215954556751937e7
3.8698209718670064e-7 3.296854388725341e7
3.879795396419436e-7 3.379193448860438e7
3.8897698209718654e-7 3.462983042121755e7
3.899744245524295e-7 3.5482342804207355e7
3.9097186700767243e-7 3.634958077870175e7
3.919693094629154e-7 3.72316514610661e7
3.9296675191815833e-7 3.812865989682817e7
3.939641943734013e-7 3.9040709015325256e7
3.949616368286442e-7 3.9967899585092336e7
3.9595907928388717e-7 4.091033017001306e7
3.969565217391301e-7 4.186809708625237e7
3.9795396419437306e-7 4.284129435998778e7
3.98951406649616e-7 4.38300136859598e7
3.9994884910485896e-7 4.4834344386857435e7
4.009462915601019e-7 4.585437337355492e7
4.0194373401534485e-7 4.689018510621753e7
4.029411764705878e-7 4.7941861556291886e7
4.0393861892583075e-7 4.900948216939307e7
4.049360613810737e-7 5.009312382910737e7
4.0593350383631664e-7 5.119286082171908e7
4.069309462915596e-7 5.2308764801878914e7
4.0792838874680254e-7 5.3440904759224795e7
4.089258312020455e-7 5.45893469859646e7
4.0992327365728843e-7 5.5754155045435935e7
4.109207161125314e-7 5.693538974165025e7
4.119181585677743e-7 5.813310908983313e7
4.1291560102301727e-7 5.934736828796923e7
4.139130434782602e-7 6.057821968935917e7
4.1491048593350317e-7 6.182571277619965e7
4.159079283887461e-7 6.30898941341907e7
4.1690537084398906e-7 6.43708074281783e7
4.17902813299232e-7 6.566849337884024e7
4.1890025575447495e-7 6.698298974041535e7
4.198976982097179e-7 6.83143312794894e7
4.2089514066496085e-7 6.966254975483236e7
4.218925831202038e-7 7.102767389829904e7
4.2289002557544674e-7 7.240972939679092e7
4.238874680306897e-7 7.380873887528461e7
4.2488491048593264e-7 7.522472188092612e7
4.258823529411756e-7 7.665769486819634e7
4.2687979539641853e-7 7.81076711851443e7
4.278772378516615e-7 7.957466106069042e7
4.2887468030690443e-7 8.10586715930008e7
4.298721227621474e-7 8.255970673892984e7
4.308695652173903e-7 8.407776730452836e7
4.3186700767263327e-7 8.561285093661994e7
4.328644501278762e-7 8.71649521154391e7
4.3386189258311916e-7 8.873406214832973e7
4.348593350383621e-7 9.032016916449977e7
4.3585677749360506e-7 9.19232581108298e7
4.36854219948848e-7 9.354331074872954e7
4.3785166240409095e-7 9.518030565203777e7
4.388491048593339e-7 9.683421820596007e7
4.3984654731457685e-7 9.850502060704054e7
4.408439897698198e-7 1.0019268186415769e8
4.4184143222506274e-7 1.0189716780054109e8
4.428388746803057e-7 1.0361844105679989e8
4.4383631713554863e-7 1.0535646109495756e8
4.448337595907916e-7 1.0711118420348021e8
4.4583120204603453e-7 1.0888256350329873e8
4.468286445012775e-7 1.1067054895480531e8
4.478260869565204e-7 1.1247508736582561e8
4.4882352941176337e-7 1.142961224005494e8
4.498209718670063e-7 1.1613359458941329e8
4.5081841432224926e-7 1.1798744133992763e8
4.518158567774922e-7 1.1985759694842958e8
4.5281329923273516e-7 1.2174399261276166e8
4.538107416879781e-7 1.2364655644585659e8
4.5480818414322105e-7 1.2556521349022022e8
4.55805626598464e-7 1.2749988573330162e8
4.5680306905370695e-7 1.294504921237366e8
4.578005115089499e-7 1.3141694858845313e8
4.5879795396419284e-7 1.333991680506266e8
4.597953964194358e-7 1.3539706044847414e8
4.6079283887467874e-7 1.374105327548664e8
4.617902813299217e-7 1.394394889977578e8
4.6278772378516463e-7 1.4148383028140882e8
4.637851662404076e-7 1.435434548083933e8
4.647826086956505e-7 1.4561825790237597e8
4.6578005115089347e-7 1.4770813203164643e8
4.667774936061364e-7 1.498129668333931e8
4.6777493606137937e-7 1.5193264913870627e8
4.687723785166223e-7 1.5406706299829188e8
4.6976982097186526e-7 1.5621608970888594e8
4.707672634271082e-7 1.583796078403523e8
4.7176470588235116e-7 1.6055749326344702e8
4.727621483375941e-7 1.6274961917823684e8
4.7375959079283705e-7 1.6495585614315864e8
4.7475703324808e-7 1.671760721046993e8
4.7575447570332294e-7 1.6941013242768568e8
4.767519181585659e-7 1.7165789992616436e8
4.777493606138089e-7 1.7391923489486274e8
4.787468030690518e-7 1.761939951412082e8
4.797442455242948e-7 1.784820360178943e8
4.807416879795377e-7 1.807832104559798e8
4.817391304347807e-7 1.830973689984988e8
4.827365728900236e-7 1.854243598345731e8
4.837340153452666e-7 1.8776402883400664e8
4.847314578005095e-7 1.9011621958234757e8
4.857289002557525e-7 1.9248077341640413e8
4.867263427109954e-7 1.9485752946019456e8
4.877237851662384e-7 1.9724632466132045e8
4.887212276214813e-7 1.9964699382774255e8
4.897186700767243e-7 2.0205936966494617e8
4.907161125319672e-7 2.0448328281348455e8
4.917135549872102e-7 2.069185618868745e8
4.927109974424531e-7 2.0936503350983754e8
4.93708439897696e-7 2.1182252235687116e8
4.94705882352939e-7 2.1429085119112435e8
4.957033248081819e-7 2.1676984090357873e8
4.967007672634249e-7 2.1925931055250332e8
4.976982097186678e-7 2.2175907740318084e8
4.986956521739108e-7 2.2426895696787855e8
4.996930946291537e-7 2.2678876304606333e8
5.006905370843967e-7 2.2931830776483098e8
5.016879795396396e-7 2.3185740161954296e8
5.026854219948826e-7 2.3440585351465687e8
5.036828644501255e-7 2.3696347080473083e8
5.046803069053685e-7 2.395300593355926e8
5.056777493606114e-7 2.4210542348565352e8
5.066751918158544e-7 2.4468936620736042e8
5.076726342710973e-7 2.472816890687609e8
5.086700767263403e-7 2.4988219229518077e8
5.096675191815832e-7 2.52490674810988e8
5.106649616368261e-7 2.551069342814372e8
5.116624040920691e-7 2.577307671545766e8
5.12659846547312e-7 2.603619687032096e8
5.13657289002555e-7 2.630003330668855e8
5.146547314577979e-7 2.6564565329392794e8
5.156521739130409e-7 2.6829772138346156e8
5.166496163682838e-7 2.7095632832744515e8
5.176470588235268e-7 2.736212641526887e8
5.186445012787697e-7 2.7629231796284425e8
5.196419437340127e-7 2.7896927798035836e8
5.206393861892556e-7 2.8165193158837163e8
5.216368286444986e-7 2.8434006537255967e8
5.226342710997415e-7 2.8703346516289514e8
5.236317135549845e-7 2.8973191607532704e8
5.246291560102274e-7 2.924352025533581e8
5.256265984654704e-7 2.9514310840951914e8
5.266240409207133e-7 2.97855416866717e8
5.276214833759563e-7 3.005719105994614e8
5.286189258311992e-7 3.032923717749355e8
5.296163682864421e-7 3.0601658209393185e8
5.306138107416851e-7 3.0874432283161175e8
5.31611253196928e-7 3.1147537487809885e8
5.32608695652171e-7 3.142095187788927e8
5.336061381074139e-7 3.1694653477508533e8
5.346035805626569e-7 3.1968620284337807e8
5.356010230178998e-7 3.2242830273588866e8
5.365984654731428e-7 3.251726140197371e8
5.375959079283857e-7 3.279189161164046e8
5.385933503836287e-7 3.3066698834085e8
5.395907928388716e-7 3.3341660994038844e8
5.405882352941146e-7 3.361675601333065e8
5.415856777493575e-7 3.389196181472181e8
5.425831202046005e-7 3.4167256325715405e8
5.435805626598434e-7 3.444261748233673e8
5.445780051150864e-7 3.47180232328852e8
5.455754475703293e-7 3.499345154165743e8
5.465728900255722e-7 3.5268880392639863e8
5.475703324808152e-7 3.554428779317082e8
5.485677749360581e-7 3.581965177757071e8
5.495652173913011e-7 3.6094950410741067e8
5.50562659846544e-7 3.637016179172964e8
5.51560102301787e-7 3.664526405726323e8
5.525575447570299e-7 3.69202353852457e8
5.535549872122729e-7 3.719505399822229e8
5.545524296675158e-7 3.746969816680802e8
5.555498721227588e-7 3.7744146213080776e8
5.565473145780017e-7 3.8018376513938624e8
5.575447570332447e-7 3.829236750441969e8
5.585421994884876e-7 3.8566097680985695e8
5.595396419437306e-7 3.8839545604766715e8
5.605370843989735e-7 3.911268990476913e8
5.615345268542165e-7 3.938550928104466e8
5.625319693094594e-7 3.96579825078195e8
5.635294117647023e-7 3.993008843658547e8
5.645268542199453e-7 4.020180599915062e8
5.655242966751882e-7 4.0473114210650235e8
5.665217391304312e-7 4.0743992172516817e8
5.675191815856741e-7 4.101441907541016e8
5.685166240409171e-7 4.128437420210519e8
5.6951406649616e-7 4.155383693033993e8
5.70511508951403e-7 4.182278673562041e8
5.715089514066459e-7 4.2091203193984425e8
5.725063938618889e-7 4.2359065984723157e8
5.735038363171318e-7 4.262635489306038e8
5.745012787723748e-7 4.289304981278868e8
5.754987212276177e-7 4.3159130748863363e8
5.764961636828607e-7 4.3424577819953245e8
5.774936061381036e-7 4.368937126094856e8
5.784910485933466e-7 4.3953491425424737e8
5.794884910485895e-7 4.421691878806401e8
5.804859335038325e-7 4.4479633947032315e8
5.814833759590754e-7 4.474161762631371e8
5.824808184143183e-7 4.500285067800013e8
5.834782608695613e-7 4.5263314084537125e8
5.844757033248042e-7 4.552298896092727e8
5.854731457800472e-7 4.578185655688801e8
5.864705882352901e-7 4.603989825896612e8
5.874680306905331e-7 4.629709559260845e8
5.88465473145776e-7 4.655343022418858e8
5.89462915601019e-7 4.6808883962988955e8
5.904603580562619e-7 4.7063438763139856e8
5.914578005115049e-7 4.731707672551375e8
5.924552429667478e-7 4.756978009957635e8
5.934526854219908e-7 4.7821531285192746e8
5.944501278772337e-7 4.8072312834391636e8
5.954475703324767e-7 4.8322107453083646e8
5.964450127877196e-7 4.857089800273753e8
5.974424552429626e-7 4.881866750201261e8
5.984398976982055e-7 4.9065399128346425e8
5.994373401534484e-7 4.931107621950203e8
6.004347826086914e-7 4.955568227506868e8
6.014322250639343e-7 4.979920095792185e8
6.024296675191773e-7 5.0041616095639896e8
6.034271099744202e-7 5.0282911681876504e8
6.044245524296632e-7 5.05230718776934e8
6.054219948849061e-7 5.076208101284786e8
6.064194373401491e-7 5.0999923587039965e8
6.07416879795392e-7 5.1236584271116704e8
6.08414322250635e-7 5.1472047908234936e8
6.094117647058779e-7 5.170629951498283e8
6.104092071611209e-7 5.193932428245933e8
6.114066496163638e-7 5.2171107577312714e8
6.124040920716068e-7 5.240163494273945e8
6.134015345268497e-7 5.263089209944003e8
6.143989769820927e-7 5.285886494653696e8
6.153964194373356e-7 5.308553956245074e8
6.163938618925785e-7 5.3310902205737007e8
6.173913043478215e-7 5.3534939315883934e8
6.183887468030644e-7 5.375763751406976e8
6.193861892583074e-7 5.397898360388229e8
6.203836317135503e-7 5.419896457199842e8
6.213810741687933e-7 5.441756758882715e8
6.223785166240362e-7 5.463478000911181e8
6.233759590792792e-7 5.485058937249697e8
6.243734015345221e-7 5.506498340405685e8
6.253708439897651e-7 5.527795001478565e8
6.26368286445008e-7 5.548947730205286e8
6.27365728900251e-7 5.569955355002122e8
6.283631713554939e-7 5.59081672300275e8
6.293606138107369e-7 5.611530700092946e8
6.303580562659798e-7 5.632096170941565e8
6.313554987212228e-7 5.652512039028065e8
6.323529411764657e-7 5.672777226666579e8
6.333503836317087e-7 5.69289067502651e8
6.343478260869516e-7 5.71285134414976e8
6.353452685421945e-7 5.732658212964495e8
6.363427109974375e-7 5.752310279295677e8
6.373401534526804e-7 5.771806559872303e8
6.383375959079234e-7 5.791146090331252e8
6.393350383631663e-7 5.810327925218071e8
6.403324808184093e-7 5.829351137984523e8
6.413299232736522e-7 5.848214820982873e8
6.423273657288952e-7 5.866918085457314e8
6.433248081841381e-7 5.885460061532078e8
6.443222506393811e-7 5.903839898196605e8
6.45319693094624e-7 5.922056763287827e8
6.46317135549867e-7 5.940109843469334e8
6.473145780051099e-7 5.957998344207736e8
6.483120204603529e-7 5.97572148974607e8
6.493094629155958e-7 5.9932785230745e8
6.503069053708388e-7 6.010668705898064e8
6.513043478260817e-7 6.027891318601818e8
6.523017902813246e-7 6.044945660213103e8
6.532992327365676e-7 6.061831048361336e8
6.542966751918105e-7 6.078546819234992e8
6.552941176470535e-7 6.095092327536077e8
6.562915601022964e-7 6.111466946432017e8
6.572890025575394e-7 6.127670067505121e8
6.582864450127823e-7 6.14370110069935e8
6.592838874680253e-7 6.159559474264972e8
6.602813299232682e-7 6.175244634700487e8
6.612787723785112e-7 6.190756046692499e8
6.622762148337541e-7 6.206093193053069e8
6.632736572889971e-7 6.221255574654856e8
6.6427109974424e-7 6.236242710364062e8
6.65268542199483e-7 6.251054136971148e8
6.662659846547259e-7 6.265689409119415e8
6.672634271099689e-7 6.280148099231436e8
6.682608695652118e-7 6.294429797433465e8
6.692583120204548e-7 6.308534111477774e8
6.702557544756977e-7 6.322460666662997e8
6.712531969309406e-7 6.336209105752568e8
6.722506393861836e-7 6.349779088891189e8
6.732480818414265e-7 6.36317029351941e8
6.742455242966695e-7 6.376382414286444e8
6.752429667519124e-7 6.389415162961103e8
6.762404092071554e-7 6.402268268341075e8
6.772378516623983e-7 6.41494147616031e8
6.782352941176413e-7 6.427434548994938e8
6.792327365728842e-7 6.439747266167376e8
6.802301790281272e-7 6.451879423648845e8
6.812276214833701e-7 6.463830833960509e8
6.822250639386131e-7 6.475601326072737e8
6.83222506393856e-7 6.487190745303203e8
6.84219948849099e-7 6.498598953213342e8
6.852173913043419e-7 6.509825827503462e8
6.862148337595849e-7 6.520871261906408e8
6.872122762148278e-7 6.531735166079932e8
6.882097186700707e-7 6.542417465497772e8
6.892071611253137e-7 6.552918101339396e8
6.902046035805566e-7 6.563237030378535e8
6.912020460357996e-7 6.573374224870528e8
6.921994884910425e-7 6.583329672438476e8
6.931969309462855e-7 6.593103375958242e8
6.941943734015284e-7 6.602695353442475e8
6.951918158567714e-7 6.612105637923328e8
6.961892583120143e-7 6.621334277334499e8
6.971867007672573e-7 6.630381334391888e8
6.981841432225002e-7 6.639246886473562e8
6.991815856777432e-7 6.647931025498726e8
7.001790281329861e-7 6.656433857805746e8
7.011764705882291e-7 6.664755504029366e8
7.02173913043472e-7 6.67289609897705e8
7.03171355498715e-7 6.680855791504589e8
7.041687979539579e-7 6.68863474439086e8
7.051662404092008e-7 6.696233134211912e8
7.061636828644438e-7 6.70365115121435e8
7.071611253196867e-7 6.710888999187996e8
7.081585677749297e-7 6.717946895337945e8
7.091560102301726e-7 6.72482507015604e8
7.101534526854156e-7 6.731523767291657e8
7.111508951406585e-7 6.73804324342209e8
7.121483375959015e-7 6.744383768122286e8
7.131457800511444e-7 6.750545623734115e8
7.141432225063874e-7 6.756529105235288e8
7.151406649616303e-7 6.762334520107646e8
7.161381074168733e-7 6.767962188205174e8
7.171355498721162e-7 6.773412441621621e8
7.181329923273592e-7 6.778685624557725e8
7.191304347826021e-7 6.78378209318815e8
7.201278772378451e-7 6.788702215528094e8
7.21125319693088e-7 6.79344637129964e8
7.22122762148331e-7 6.798014951797855e8
7.231202046035739e-7 6.802408359756713e8
7.241176470588168e-7 6.80662700921466e8
7.251150895140598e-7 6.810671325380336e8
7.261125319693027e-7 6.814541744497697e8
7.271099744245457e-7 6.818238713711472e8
7.281074168797886e-7 6.821762690932149e8
7.291048593350316e-7 6.82511414470118e8
7.301023017902745e-7 6.828293554055947e8
7.310997442455175e-7 6.83130140839476e8
7.320971867007604e-7 6.834138207341831e8
7.330946291560034e-7 6.836804460612341e8
7.340920716112463e-7 6.839300687877417e8
7.350895140664893e-7 6.841627418629347e8
7.360869565217322e-7 6.84378519204667e8
7.370843989769752e-7 6.845774556859517e8
7.380818414322181e-7 6.847596071215066e8
7.390792838874611e-7 6.849250302543055e8
7.40076726342704e-7 6.850737827421567e8
7.41074168797947e-7 6.852059231442893e8
7.420716112531899e-7 6.853215109079726e8
7.430690537084328e-7 6.854206063551447e8
7.440664961636758e-7 6.855032706690737e8
7.450639386189187e-7 6.855695658810457e8
7.460613810741617e-7 6.856195548570685e8
7.470588235294046e-7 6.856533012846241e8
7.480562659846476e-7 6.85670869659439e8
7.490537084398905e-7 6.856723252722914e8
7.500511508951335e-7 6.85657734195849e8
7.510485933503764e-7 6.856271632715502e8
7.520460358056194e-7 6.855806800965275e8
7.530434782608623e-7 6.855183530105484e8
7.540409207161053e-7 6.85440251083024e8
7.550383631713482e-7 6.853464441000494e8
7.560358056265912e-7 6.852370025514797e8
7.570332480818341e-7 6.851119976180645e8
7.58030690537077e-7 6.849715011586288e8
7.5902813299232e-7 6.848155856972886e8
7.600255754475629e-7 6.846443244107381e8
7.610230179028059e-7 6.844577911155679e8
7.620204603580488e-7 6.842560602556463e8
7.630179028132918e-7 6.84039206889556e8
7.640153452685347e-7 6.838073066780803e8
7.650127877237777e-7 6.83560435871744e8
7.660102301790206e-7 6.832986712984226e8
7.670076726342636e-7 6.830220903509989e8
7.680051150895065e-7 6.827307709750861e8
7.690025575447495e-7 6.824247916568079e8
7.699999999999924e-7 6.821042314106447e8
