3.8e-7 572.9492747537009
3.8099744245524296e-7 648.694865538779
3.819948849104859e-7 734.3184837016083
3.8299232736572886e-7 831.091437363881
3.839897698209718e-7 940.4465816253959
3.8498721227621475e-7 1063.9985961537454
3.859846547314577e-7 1203.5667781703444
3.8698209718670064e-7 1356.8423715858928
3.879795396419436e-7 1528.7659060674862
3.8897698209718654e-7 1722.172309477744
3.899744245524295e-7 1939.7101018464355
3.9097186700767243e-7 2184.350114349632
3.919693094629154e-7 2459.4242256095586
3.9296675191815833e-7 2794.47311800826
3.939641943734013e-7 3182.8886407203636
3.949616368286442e-7 3624.6863047244938
3.9595907928388717e-7 4127.123255177486
3.969565217391301e-7 4698.432916742442
3.9795396419437306e-7 5347.955007218805
3.98951406649616e-7 6031.776489142545
3.9994884910485896e-7 6772.124264134924
4.009462915601019e-7 7602.1304773416405
4.0194373401534485e-7 8532.5131192319
4.029411764705878e-7 9575.255520804061
4.0393861892583075e-7 10743.753951467703
4.049360613810737e-7 12387.0851699425
4.0593350383631664e-7 14586.506247698882
4.069309462915596e-7 17173.832438419082
4.0792838874680254e-7 20217.033584711236
4.089258312020455e-7 23795.91470501817
4.0992327365728843e-7 28004.16429105092
4.109207161125314e-7 32419.80052885699
4.119181585677743e-7 36796.25778715555
4.1291560102301727e-7 41757.41723977685
4.139130434782602e-7 47380.61911304224
4.1491048593350317e-7 53753.33558992657
4.159079283887461e-7 60974.48590057961
4.1690537084398906e-7 69437.51789946436
4.17902813299232e-7 79679.82492570304
4.1890025575447495e-7 91420.15093278086
4.198976982097179e-7 104875.80671747462
4.2089514066496085e-7 120295.37947343959
4.218925831202038e-7 137963.2001265501
4.2289002557544674e-7 159116.2003201767
4.238874680306897e-7 186964.75873164146
4.2488491048593264e-7 219658.0141737591
4.258823529411756e-7 258033.86742923237
4.2687979539641853e-7 303074.3197181501
4.278772378516615e-7 355930.1198907704
4.2887468030690443e-7 416185.9279482839
4.298721227621474e-7 472387.42165097815
4.308695652173903e-7 536109.6537490898
4.3186700767263327e-7 608350.249442648
4.328644501278762e-7 690238.0567294174
4.3386189258311916e-7 783050.267233622
4.348593350383621e-7 888119.1756638734
4.3585677749360506e-7 999151.0349606174
4.36854219948848e-7 1.1239259509524852e6
4.3785166240409095e-7 1.26412868476195e6
4.388491048593339e-7 1.421648628497889e6
4.3984654731457685e-7 1.5986044395173253e6
4.408439897698198e-7 1.797371615026111e6
4.4184143222506274e-7 2.0598141483798905e6
4.428388746803057e-7 2.364995296489815e6
4.4383631713554863e-7 2.71507421440068e6
4.448337595907916e-7 3.1166114022486284e6
4.4583120204603453e-7 3.5771197174181305e6
4.468286445012775e-7 4.1052017524727467e6
4.478260869565204e-7 4.660461737446474e6
4.4882352941176337e-7 5.275785829307461e6
4.498209718670063e-7 5.9716807428624425e6
4.5081841432224926e-7 6.758612523209609e6
4.518158567774922e-7 7.648396328612223e6
4.5281329923273516e-7 8.65436905513465e6
4.538107416879781e-7 9.916774398709336e6
4.5480818414322105e-7 1.1427894729134135e7
4.55805626598464e-7 1.3167859118005529e7
4.5680306905370695e-7 1.5171117284024518e7
4.578005115089499e-7 1.7477275131441597e7
4.5879795396419284e-7 2.013186221290474e7
4.597953964194358e-7 2.33787223807227e7
4.6079283887467874e-7 2.7309832144931413e7
4.617902813299217e-7 3.189864675331913e7
4.6278772378516463e-7 3.7254672897373e7
4.637851662404076e-7 4.35055646705826e7
4.647826086956505e-7 5.0800117356159836e7
4.6578005115089347e-7 5.855726296154737e7
4.667774936061364e-7 6.6519951476455905e7
4.6777493606137937e-7 7.555788371730119e7
4.687723785166223e-7 8.581528211413413e7
4.6976982097186526e-7 9.745558875100943e7
4.707672634271082e-7 1.1066401073543295e8
4.7176470588235116e-7 1.2660964292490746e8
4.727621483375941e-7 1.468158816585317e8
4.7375959079283705e-7 1.7023060637725535e8
4.7475703324808e-7 1.9736079074676263e8
4.7575447570332294e-7 2.2879313699360514e8
4.767519181585659e-7 2.65206557107367e8
4.777493606138089e-7 2.9592823388932204e8
4.787468030690518e-7 2.9461348990955424e8
4.797442455242948e-7 2.9327752083530843e8
4.807416879795377e-7 2.919208392693798e8
4.817391304347807e-7 2.905439573858495e8
4.827365728900236e-7 2.891473867153504e8
4.837340153452666e-7 2.873205075009633e8
4.847314578005095e-7 2.829959288640937e8
4.857289002557525e-7 2.787116751253683e8
4.867263427109954e-7 2.744680437190903e8
4.877237851662384e-7 2.7026530860348606e8
4.887212276214813e-7 2.6610372074551395e8
4.897186700767243e-7 2.623431151902542e8
4.907161125319672e-7 2.698473908564647e8
4.917135549872102e-7 2.775425683304389e8
4.927109974424531e-7 2.8543290629002506e8
4.93708439897696e-7 2.9352274542497313e8
4.94705882352939e-7 3.0181650977989465e8
4.957033248081819e-7 3.1031870811580414e8
4.967007672634249e-7 3.140180030045796e8
4.976982097186678e-7 3.1730876167913115e8
4.986956521739108e-7 3.2060772042276824e8
4.996930946291537e-7 3.239145824480176e8
5.006905370843967e-7 3.272290496115421e8
5.016879795396396e-7 3.305508224806385e8
5.026854219948826e-7 3.2831691625926054e8
5.036828644501255e-7 3.248103825521919e8
5.046803069053685e-7 3.213158994537168e8
5.056777493606114e-7 3.17834037963963e8
5.066751918158544e-7 3.1436535382250434e8
5.076726342710973e-7 3.109103876007044e8
5.086700767263403e-7 3.132872704839116e8
5.096675191815832e-7 3.181662003982463e8
5.106649616368261e-7 3.2309647456923836e8
5.116624040920691e-7 3.280782797628282e8
5.12659846547312e-7 3.331117994346468e8
5.13657289002555e-7 3.381972137038507e8
5.146547314577979e-7 3.381102542162556e8
5.156521739130409e-7 3.3447072591538197e8
5.166496163682838e-7 3.308460297457456e8
5.176470588235268e-7 3.272366770824724e8
5.186445012787697e-7 3.2364316463662565e8
5.196419437340127e-7 3.200659745695278e8
5.206393861892556e-7 3.195379998779931e8
5.216368286444986e-7 3.222424909933079e8
5.226342710997415e-7 3.249467890094009e8
5.236317135549845e-7 3.276506418549153e8
5.246291560102274e-7 3.3035379776557046e8
5.256265984654704e-7 3.3305600533219415e8
5.266240409207133e-7 3.3728372277532834e8
5.276214833759563e-7 3.441338125401111e8
5.286189258311992e-7 3.5109893749086535e8
5.296163682864421e-7 3.5818060190920204e8
5.306138107416851e-7 3.653803236875789e8
5.31611253196928e-7 3.7269963439002264e8
5.32608695652171e-7 3.7833207764400274e8
5.336061381074139e-7 3.789955429467477e8
5.346035805626569e-7 3.796350086743204e8
5.356010230178998e-7 3.802504928518319e8
5.365984654731428e-7 3.808420179135085e8
5.375959079283857e-7 3.8140961065317535e8
5.385933503836287e-7 3.8300271043489987e8
5.395907928388716e-7 3.903180245641896e8
5.405882352941146e-7 3.977475799827741e8
5.415856777493575e-7 4.052927364113848e8
5.425831202046005e-7 4.129548641777731e8
5.435805626598434e-7 4.207353442474057e8
5.445780051150864e-7 4.284705821575896e8
5.455754475703293e-7 4.32918665986802e8
5.465728900255722e-7 4.3738583558246773e8
5.475703324808152e-7 4.418718840277549e8
5.485677749360581e-7 4.4637660229638356e8
5.495652173913011e-7 4.508997792861721e8
5.50562659846544e-7 4.5544120185276437e8
5.51560102301787e-7 4.54288869318773e8
5.525575447570299e-7 4.527350329668262e8
5.535549872122729e-7 4.511596323365309e8
5.545524296675158e-7 4.4956307710079044e8
5.555498721227588e-7 4.479457766303495e8
5.565473145780017e-7 4.4630813988214713e8
5.575447570332447e-7 4.3603170039254075e8
5.585421994884876e-7 4.2424021405058974e8
5.595396419437306e-7 4.127438081136299e8
5.605370843989735e-7 4.015359196280599e8
5.615345268542165e-7 3.906101033090752e8
5.625319693094594e-7 3.799600304321192e8
5.635294117647023e-7 3.701796787130938e8
5.645268542199453e-7 3.608599036346912e8
5.655242966751882e-7 3.51755139075822e8
5.665217391304312e-7 3.428610663672389e8
5.675191815856741e-7 3.3417343256541365e8
5.685166240409171e-7 3.256880501697849e8
5.6951406649616e-7 3.1576645851427454e8
5.70511508951403e-7 3.051190962710343e8
5.715089514066459e-7 2.9481482548211503e8
5.725063938618889e-7 2.848432360872694e8
5.735038363171318e-7 2.7519420796769077e8
5.745012787723748e-7 2.658579039084682e8
5.754987212276177e-7 2.648625600003343e8
5.764961636828607e-7 2.721149475610795e8
5.774936061381036e-7 2.7955128905474824e8
5.784910485933466e-7 2.87175901978312e8
5.794884910485895e-7 2.9499319765869635e8
5.804859335038325e-7 3.030076831467865e8
5.814833759590754e-7 3.1081671099311495e8
5.824808184143183e-7 3.1816017970584095e8
5.834782608695613e-7 3.256606364743009e8
5.844757033248042e-7 3.333211009931064e8
5.854731457800472e-7 3.411446450450959e8
5.864705882352901e-7 3.491343933081882e8
5.874680306905331e-7 3.579599972492314e8
5.88465473145776e-7 3.6874254549002194e8
5.89462915601019e-7 3.7983122338871354e8
5.904603580562619e-7 3.9123423007712334e8
5.914578005115049e-7 4.029599722605335e8
5.924552429667478e-7 4.150170692008699e8
5.934526854219908e-7 4.273670717295844e8
5.944501278772337e-7 4.3982898469321316e8
5.954475703324767e-7 4.526327204561178e8
5.964450127877196e-7 4.6578710573813e8
5.974424552429626e-7 4.7930118226667243e8
5.984398976982055e-7 4.93184211733759e8
5.994373401534484e-7 5.074562825748167e8
6.004347826086914e-7 5.22280769795923e8
6.014322250639343e-7 5.375134964009962e8
6.024296675191773e-7 5.531650706659856e8
6.034271099744202e-7 5.692463615427319e8
6.044245524296632e-7 5.857685047367263e8
6.054219948849061e-7 6.027429089198931e8
6.064194373401491e-7 6.174338659598534e8
6.07416879795392e-7 6.323164653477973e8
6.08414322250635e-7 6.475289195544467e8
6.094117647058779e-7 6.630779396572859e8
6.104092071611209e-7 6.789703621466541e8
6.114066496163638e-7 6.952131510867862e8
6.124040920716068e-7 7.394082195127219e8
6.134015345268497e-7 7.919369248595241e8
6.143989769820927e-7 8.481606491857878e8
6.153964194373356e-7 9.083368780725075e8
6.163938618925785e-7 9.727408802846373e8
6.173913043478215e-7 1.041666925596405e9
6.183887468030644e-7 1.109012292517674e9
6.193861892583074e-7 1.1782003854519718e9
6.203836317135503e-7 1.2516523519166505e9
6.213810741687933e-7 1.3296279249124138e9
6.223785166240362e-7 1.4124024857750316e9
6.233759590792792e-7 1.5002679971933963e9
6.243734015345221e-7 1.4585559974790905e9
6.253708439897651e-7 1.3446109289261696e9
6.26368286445008e-7 1.2395169078101468e9
6.27365728900251e-7 1.1425906051646028e9
6.283631713554939e-7 1.0532010986263742e9
6.293606138107369e-7 9.707658820104401e8
6.303580562659798e-7 8.947849209985132e8
6.313554987212228e-7 8.247507783763627e8
6.323529411764657e-7 7.601680468264993e8
6.333503836317087e-7 7.00614899040328e8
6.343478260869516e-7 6.457019404104395e8
6.353452685421945e-7 5.950697326163387e8
6.363427109974375e-7 5.458068047286314e8
6.373401534526804e-7 4.971646970957128e8
6.383375959079234e-7 4.5284013258151186e8
6.393350383631663e-7 4.124515167734814e8
6.403324808184093e-7 3.7565082804813147e8
6.413299232736522e-7 3.4212067816735923e8
6.423273657288952e-7 3.1348372571231437e8
6.433248081841381e-7 2.9142545241028214e8
6.443222506393811e-7 2.70909179787315e8
6.45319693094624e-7 2.5182787621132275e8
6.46317135549867e-7 2.3408188192344266e8
6.473145780051099e-7 2.175784055798194e8
6.483120204603529e-7 2.021709331549042e8
6.493094629155958e-7 1.8760577989438727e8
6.503069053708388e-7 1.7408362858750054e8
6.513043478260817e-7 1.6153027725787786e8
6.523017902813246e-7 1.4987676552983034e8
6.532992327365676e-7 1.3905900721604565e8
6.542966751918105e-7 1.2930687718220045e8
6.552941176470535e-7 1.2345599065009783e8
6.562915601022964e-7 1.1786568110074498e8
6.572890025575394e-7 1.1252455374000123e8
6.582864450127823e-7 1.0742170150165816e8
6.592838874680253e-7 1.0254668469762345e8
6.602813299232682e-7 9.788951149109834e7
6.612787723785112e-7 9.2164611518735e7
6.622762148337541e-7 8.673306260728729e7
6.632736572889971e-7 8.161882057559991e7
6.6427109974424e-7 7.680352692554171e7
6.65268542199483e-7 7.2269873988609e7
6.662659846547259e-7 6.800154549515305e7
6.672634271099689e-7 6.394474326297947e7
6.682608695652118e-7 6.0122041111818135e7
6.692583120204548e-7 5.6525984784682214e7
6.702557544756977e-7 5.3143258183191024e7
6.712531969309406e-7 4.9961319737464845e7
6.722506393861836e-7 4.696835785787018e7
6.732480818414265e-7 3.777857179395966e7
6.742455242966695e-7 2.8846903213559717e7
6.752429667519124e-7 2.202616066542388e7
6.762404092071554e-7 1.681761536009253e7
6.772378516623983e-7 1.2840327436631754e7
6.782352941176413e-7 9.803336624055618e6
6.792327365728842e-7 7.462312116445829e6
6.802301790281272e-7 5.670724893269135e6
6.812276214833701e-7 4.30913467990079e6
6.822250639386131e-7 3.274371406858098e6
6.83222506393856e-7 2.488010756245283e6
6.84219948849099e-7 1.890440756732607e6
6.852173913043419e-7 1.44548466351779e6
6.862148337595849e-7 1.1114237587702775e6
6.872122762148278e-7 854540.2999800869
6.882097186700707e-7 657010.2798322112
6.892071611253137e-7 505124.6741689207
6.902046035805566e-7 388339.76473352057
6.912020460357996e-7 297777.9298353152
6.921994884910425e-7 227523.32215306448
6.931969309462855e-7 173838.66164869358
6.941943734015284e-7 132817.07506245654
6.951918158567714e-7 101472.55684719155
6.961892583120143e-7 77522.98768081478
6.971867007672573e-7 58855.163160204516
6.981841432225002e-7 44070.98373745838
6.991815856777432e-7 32999.57115409304
7.001790281329861e-7 24708.778553013406
7.011764705882291e-7 18500.426611319795
7.02173913043472e-7 13851.593848097586
7.03171355498715e-7 10424.900274239351
7.041687979539579e-7 8007.99160407348
7.051662404092008e-7 6151.24480355357
7.061636828644438e-7 4724.8733170129735
7.071611253196867e-7 3629.151806799554
7.081585677749297e-7 2787.4556292863635
7.091560102301726e-7 2134.6139617593944
7.101534526854156e-7 1588.7353263920306
7.111508951406585e-7 1182.4200293102044
7.121483375959015e-7 879.9947340648596
7.131457800511444e-7 654.90226218046
7.141432225063874e-7 487.37256755159285
7.151406649616303e-7 362.68859107464334
7.161381074168733e-7 275.7043203997795
7.171355498721162e-7 209.64686696952495
7.181329923273592e-7 159.41220016358852
7.191304347826021e-7 121.21131401100368
7.201278772378451e-7 92.16228554879159
7.21125319693088e-7 70.07318152677713
7.22122762148331e-7 52.3548593936476
7.231202046035739e-7 39.018236332425666
7.241176470588168e-7 29.07816126814442
7.251150895140598e-7 21.6698030109263
7.261125319693027e-7 16.148483734224612
7.271099744245457e-7 12.033649266998767
7.281074168797886e-7 8.869727445202114
7.291048593350316e-7 6.515693049030459
7.301023017902745e-7 4.786299950280369
7.310997442455175e-7 3.515832741406823
7.320971867007604e-7 2.582531018341727
7.330946291560034e-7 1.8969329415982068
7.340920716112463e-7 1.4171293280626631
7.350895140664893e-7 1.0681012661437703
7.360869565217322e-7 0.8050161662541143
7.370843989769752e-7 0.6067168368277047
7.380818414322181e-7 0.4572532596763775
7.390792838874611e-7 0.34460131915676
7.40076726342704e-7 0.2606356961378377
7.41074168797947e-7 0.19771473273748913
7.420716112531899e-7 0.1499801083203228
7.430690537084328e-7 0.11376739968270405
7.440664961636758e-7 0.08629618204291853
7.450639386189187e-7 0.06545682807011137
7.460613810741617e-7 0.04851340785079429
7.470588235294046e-7 0.03490131233845653
7.480562659846476e-7 0.02510796322404686
7.490537084398905e-7 0.018062214880194695
7.500511508951335e-7 0.01299332679638223
7.510485933503764e-7 0.009346727826476265
7.520460358056194e-7 0.006721902027151991
7.530434782608623e-7 0.0048318893187811515
7.540409207161053e-7 0.0034732158842147856
7.550383631713482e-7 0.0024965290380917758
7.560358056265912e-7 0.0017944507701726318
7.570332480818341e-7 0.0012897828498855974
7.58030690537077e-7 0.0009337004494152043
7.5902813299232e-7 0.0006934520622865637
7.600255754475629e-7 0.0005150098833209206
7.610230179028059e-7 0.00038247668411628866
7.620204603580488e-7 0.00028404339163403905
7.630179028132918e-7 0.00021093797621693852
7.640153452685347e-7 0.00015617365344722657
7.650127877237777e-7 0.00011282478072228805
7.660102301790206e-7 0.0000815063984747602
7.670076726342636e-7 0.000058880220011609285
7.680051150895065e-7 0.00004253414413436365
7.690025575447495e-7 0.000030725330575432914
7.699999999999924e-7 0.000022194535438134292
