3.8e-7 2.6787246127956722e7
3.8099744245524296e-7 2.7495356217907757e7
3.819948849104859e-7 2.8216968036576327e7
3.8299232736572886e-7 2.8952207988076344e7
3.839897698209718e-7 2.9701200969258327e7
3.8498721227621475e-7 3.0464070318898793e7
3.859846547314577e-7 3.1240937767362803e7
3.8698209718670064e-7 3.203192338676896e7
3.879795396419436e-7 3.2837145541675355e7
3.8897698209718654e-7 3.365672084031474e7
3.899744245524295e-7 3.4490764086400665e7
3.9097186700767243e-7 3.533938823152635e7
3.919693094629154e-7 3.620270432817933e7
3.9296675191815833e-7 3.708082148339389e7
3.939641943734013e-7 3.797384681306236e7
3.949616368286442e-7 3.888188539692445e7
3.9595907928388717e-7 3.980504023425666e7
3.969565217391301e-7 4.074341220028067e7
3.9795396419437306e-7 4.1697100003308386e7
3.98951406649616e-7 4.2666200142644174e7
3.9994884910485896e-7 4.365080686726086e7
4.009462915601019e-7 4.4651012135265976e7
4.0194373401534485e-7 4.566690557417647e7
4.029411764705878e-7 4.6698574442018226e7
4.0393861892583075e-7 4.774610358926274e7
4.049360613810737e-7 4.8809575421620615e7
4.0593350383631664e-7 4.988906986370106e7
4.069309462915596e-7 5.098466432355536e7
4.0792838874680254e-7 5.209643365811583e7
4.089258312020455e-7 5.3224450139540635e7
4.0992327365728843e-7 5.436878342248034e7
4.109207161125314e-7 5.552950051227408e7
4.119181585677743e-7 5.670666573408813e7
4.1291560102301727e-7 5.790034070300629e7
4.139130434782602e-7 5.9110584295080036e7
4.1491048593350317e-7 6.033745261935069e7
4.159079283887461e-7 6.158099899084865e7
4.1690537084398906e-7 6.284127390457838e7
4.17902813299232e-7 6.4118325010498494e7
4.1890025575447495e-7 6.541219708949794e7
4.198976982097179e-7 6.672293203038204e7
4.2089514066496085e-7 6.805056880786523e7
4.218925831202038e-7 6.939514346158236e7
4.2289002557544674e-7 7.075668907611826e7
4.238874680306897e-7 7.213523576206173e7
4.2488491048593264e-7 7.353081063808446e7
4.258823529411756e-7 7.49434378140512e7
4.2687979539641853e-7 7.63731383751589e7
4.278772378516615e-7 7.781993036710835e7
4.2887468030690443e-7 7.92838287823105e7
4.298721227621474e-7 8.076484554712561e7
4.308695652173903e-7 8.226298951013412e7
4.3186700767263327e-7 8.377826643144278e7
4.328644501278762e-7 8.531067897302084e7
4.3386189258311916e-7 8.686022669006616e7
4.348593350383621e-7 8.84269060233985e7
4.3585677749360506e-7 9.001071029287833e7
4.36854219948848e-7 9.161162969184728e7
4.3785166240409095e-7 9.322965128258605e7
4.388491048593339e-7 9.486475899278635e7
4.3984654731457685e-7 9.651693361303328e7
4.408439897698198e-7 9.81861527952906e7
4.4184143222506274e-7 9.987239105238591e7
4.428388746803057e-7 1.0157561975848845e8
4.4383631713554863e-7 1.032958071505755e8
4.448337595907916e-7 1.0503291833087516e8
4.4583120204603453e-7 1.0678691527028745e8
4.468286445012775e-7 1.0855775681276602e8
4.478260869565204e-7 1.1034539868066189e8
4.4882352941176337e-7 1.1214979348101431e8
4.498209718670063e-7 1.1397089071278296e8
4.5081841432224926e-7 1.158086367750151e8
4.518158567774922e-7 1.1766297497593088e8
4.5281329923273516e-7 1.19533845542927e8
4.538107416879781e-7 1.2142118563348137e8
4.5480818414322105e-7 1.2332492934695129e8
4.55805626598464e-7 1.2524500773725517e8
4.5680306905370695e-7 1.271813488264265e8
4.578005115089499e-7 1.2913387761902757e8
4.5879795396419284e-7 1.3110251611741479e8
4.597953964194358e-7 1.3308718333784313e8
4.6079283887467874e-7 1.3508779532739148e8
4.617902813299217e-7 1.3710426518170995e8
4.6278772378516463e-7 1.3913650306356382e8
4.637851662404076e-7 1.411844162221688e8
4.647826086956505e-7 1.4324790901330337e8
4.6578005115089347e-7 1.4532688292018566e8
4.667774936061364e-7 1.4742123657509944e8
4.6777493606137937e-7 1.4953086578175956e8
4.687723785166223e-7 1.5165566353839952e8
4.6976982097186526e-7 1.537955200615716e8
4.707672634271082e-7 1.559503228106437e8
4.7176470588235116e-7 1.5811995651297754e8
4.727621483375941e-7 1.6030430318977553e8
4.7375959079283705e-7 1.6250324218258542e8
4.7475703324808e-7 1.6471665018044204e8
4.7575447570332294e-7 1.6694440124763736e8
4.767519181585659e-7 1.691863668520998e8
4.777493606138089e-7 1.71442415894374e8
4.787468030690518e-7 1.737124147371795e8
4.797442455242948e-7 1.7599622723553866e8
4.807416879795377e-7 1.7829371476745895e8
4.817391304347807e-7 1.8060473626515052e8
4.827365728900236e-7 1.82929148246769e8
4.837340153452666e-7 1.8526680484866598e8
4.847314578005095e-7 1.876175578581322e8
4.857289002557525e-7 1.8998125674662098e8
4.867263427109954e-7 1.923577487034328e8
4.877237851662384e-7 1.9474687866985068e8
4.887212276214813e-7 1.971484893737068e8
4.897186700767243e-7 1.9956242136436746e8
4.907161125319672e-7 2.0198851304812557e8
4.917135549872102e-7 2.0442660072397617e8
4.927109974424531e-7 2.06876518619768e8
4.93708439897696e-7 2.0933809892871627e8
4.94705882352939e-7 2.118111718462527e8
4.957033248081819e-7 2.1429556560721296e8
4.967007672634249e-7 2.1679110652333057e8
4.976982097186678e-7 2.192976190210372e8
4.986956521739108e-7 2.2181492567953983e8
4.996930946291537e-7 2.243428472691783e8
5.006905370843967e-7 2.2688120279003078e8
5.016879795396396e-7 2.2942980951076266e8
5.026854219948826e-7 2.31988483007705e8
5.036828644501255e-7 2.3455703720414254e8
5.046803069053685e-7 2.3713528440980378e8
5.056777493606114e-7 2.397230353605318e8
5.066751918158544e-7 2.4232009925813088e8
5.076726342710973e-7 2.449262838103638e8
5.086700767263403e-7 2.4754139527109876e8
5.096675191815832e-7 2.5016523848058137e8
5.106649616368261e-7 2.527976169058253e8
5.116624040920691e-7 2.5543833268110344e8
5.12659846547312e-7 2.5808718664853308e8
5.13657289002555e-7 2.6074397839872843e8
5.146547314577979e-7 2.6340850631153107e8
5.156521739130409e-7 2.6608056759677598e8
5.166496163682838e-7 2.687599583351057e8
5.176470588235268e-7 2.714464735188061e8
5.186445012787697e-7 2.7413990709265655e8
5.196419437340127e-7 2.7684005199478054e8
5.206393861892556e-7 2.7954670019748455e8
5.216368286444986e-7 2.822596427480764e8
5.226342710997415e-7 2.849786698096455e8
5.236317135549845e-7 2.877035707018007e8
5.246291560102274e-7 2.9043413394134486e8
5.256265984654704e-7 2.9317014728288716e8
5.266240409207133e-7 2.9591139775936866e8
5.276214833759563e-7 2.986576717225064e8
5.286189258311992e-7 3.014087548831208e8
5.296163682864421e-7 3.0416443235136884e8
5.306138107416851e-7 3.0692448867683923e8
5.31611253196928e-7 3.096887078885222e8
5.32608695652171e-7 3.124568735346378e8
5.336061381074139e-7 3.1522876872230726e8
5.346035805626569e-7 3.180041761570633e8
5.356010230178998e-7 3.207828781821891e8
5.365984654731428e-7 3.235646568178765e8
5.375959079283857e-7 3.263492938001934e8
5.385933503836287e-7 3.2913657061984956e8
5.395907928388716e-7 3.319262685607609e8
5.405882352941146e-7 3.3471816873838943e8
5.415856777493575e-7 3.375120521378615e8
5.425831202046005e-7 3.403076996518562e8
5.435805626598434e-7 3.431048921182486e8
5.445780051150864e-7 3.459034103575022e8
5.455754475703293e-7 3.4870303520981026e8
5.465728900255722e-7 3.5150354757196945e8
5.475703324808152e-7 3.5430472843398386e8
5.485677749360581e-7 3.5710635891538584e8
5.495652173913011e-7 3.599082203012811e8
5.50562659846544e-7 3.6271009407808983e8
5.51560102301787e-7 3.655117619689999e8
5.525575447570299e-7 3.6831300596910614e8
5.535549872122729e-7 3.711136083802468e8
5.545524296675158e-7 3.739133518455159e8
5.555498721227588e-7 3.7671201938345444e8
5.565473145780017e-7 3.7950939442191786e8
5.575447570332447e-7 3.8230526083160156e8
5.585421994884876e-7 3.850994029592358e8
5.595396419437306e-7 3.878916056604241e8
5.605370843989735e-7 3.906816543321463e8
5.615345268542165e-7 3.9346933494490194e8
5.625319693094594e-7 3.9625443407448727e8
5.635294117647023e-7 3.990367389334214e8
5.645268542199453e-7 4.0181603740199786e8
5.655242966751882e-7 4.0459211805896884e8
5.665217391304312e-7 4.073647702118493e8
5.675191815856741e-7 4.101337839268492e8
5.685166240409171e-7 4.1289895005841386e8
5.6951406649616e-7 4.1566006027839077e8
5.70511508951403e-7 4.18416907104795e8
5.715089514066459e-7 4.211692839301893e8
5.725063938618889e-7 4.2391698504966927e8
5.735038363171318e-7 4.266598056884508e8
5.745012787723748e-7 4.293975420290518e8
5.754987212276177e-7 4.321299912380782e8
5.764961636828607e-7 4.34856951492601e8
5.774936061381036e-7 4.3757822200613016e8
5.784910485933466e-7 4.4029360305416965e8
5.794884910485895e-7 4.4300289599937534e8
5.804859335038325e-7 4.4570590331628746e8
5.814833759590754e-7 4.484024286156607e8
5.824808184143183e-7 4.5109227666836977e8
5.834782608695613e-7 4.537752534288956e8
5.844757033248042e-7 4.5645116605840915e8
5.854731457800472e-7 4.591198229474201e8
5.864705882352901e-7 4.6178103373801225e8
5.874680306905331e-7 4.6443460934565866e8
5.88465473145776e-7 4.670803619806175e8
5.89462915601019e-7 4.697181051689e8
5.904603580562619e-7 4.723476537728241e8
5.914578005115049e-7 4.749688240111405e8
5.924552429667478e-7 4.775814334787416e8
5.934526854219908e-7 4.8018530116593844e8
5.944501278772337e-7 4.827802474773345e8
5.954475703324767e-7 4.8536609425025535e8
5.964450127877196e-7 4.8794266477277327e8
5.974424552429626e-7 4.9050978380130744e8
5.984398976982055e-7 4.9306727757779115e8
5.994373401534484e-7 4.9561497384644985e8
6.004347826086914e-7 4.981527018701236e8
6.014322250639343e-7 5.006802924461999e8
6.024296675191773e-7 5.0319757792212e8
6.034271099744202e-7 5.0570439221045893e8
6.044245524296632e-7 5.0820057080361813e8
6.054219948849061e-7 5.1068595078807545e8
6.064194373401491e-7 5.1316037085824615e8
6.07416879795392e-7 5.156236713299185e8
6.08414322250635e-7 5.180756941532911e8
6.094117647058779e-7 5.205162829256013e8
6.104092071611209e-7 5.229452829033435e8
6.114066496163638e-7 5.2536254101408774e8
6.124040920716068e-7 5.2776790586790615e8
6.134015345268497e-7 5.3016122776837903e8
6.143989769820927e-7 5.325423587232282e8
6.153964194373356e-7 5.3491115245453715e8
6.163938618925785e-7 5.372674644085878e8
6.173913043478215e-7 5.396111517653068e8
6.183887468030644e-7 5.419420734473176e8
6.193861892583074e-7 5.44260090128616e8
6.203836317135503e-7 5.465650642428528e8
6.213810741687933e-7 5.488568599912529e8
6.223785166240362e-7 5.511353433501304e8
6.233759590792792e-7 5.534003820780554e8
6.243734015345221e-7 5.556518457226357e8
6.253708439897651e-7 5.578896056269242e8
6.26368286445008e-7 5.601135349354721e8
6.27365728900251e-7 5.623235086000167e8
6.283631713554939e-7 5.645194033847934e8
6.293606138107369e-7 5.667010978715138e8
6.303580562659798e-7 5.688684724639709e8
6.313554987212228e-7 5.71021409392299e8
6.323529411764657e-7 5.731597927168887e8
6.333503836317087e-7 5.752835083319532e8
6.343478260869516e-7 5.773924439687577e8
6.353452685421945e-7 5.794864891984998e8
6.363427109974375e-7 5.815655354348663e8
6.373401534526804e-7 5.836294759362577e8
6.383375959079234e-7 5.856782058076727e8
6.393350383631663e-7 5.877116220022825e8
6.403324808184093e-7 5.897296233226782e8
6.413299232736522e-7 5.917321104217912e8
6.423273657288952e-7 5.937189858035198e8
6.433248081841381e-7 5.956901538230265e8
6.443222506393811e-7 5.9764552068673e8
6.45319693094624e-7 5.995849944520094e8
6.46317135549867e-7 6.0150848502659e8
6.473145780051099e-7 6.034159041676445e8
6.483120204603529e-7 6.053071654805908e8
6.493094629155958e-7 6.071821844176177e8
6.503069053708388e-7 6.090408782759057e8
6.513043478260817e-7 6.10883166195584e8
6.523017902813246e-7 6.127089691573923e8
6.532992327365676e-7 6.14518209980087e8
6.542966751918105e-7 6.163108133175641e8
6.552941176470535e-7 6.180867056557181e8
6.562915601022964e-7 6.198458153090401e8
6.572890025575394e-7 6.215880724169636e8
6.582864450127823e-7 6.233134089399327e8
6.592838874680253e-7 6.250217586552523e8
6.602813299232682e-7 6.267130571526556e8
6.612787723785112e-7 6.283872418296596e8
6.622762148337541e-7 6.300442518866576e8
6.632736572889971e-7 6.316840283217839e8
6.6427109974424e-7 6.333065139255493e8
6.65268542199483e-7 6.349116532752438e8
6.662659846547259e-7 6.364993927291155e8
6.672634271099689e-7 6.380696804203285e8
6.682608695652118e-7 6.39622466250704e8
6.692583120204548e-7 6.411577018842494e8
6.702557544756977e-7 6.426753407404716e8
6.712531969309406e-7 6.441753379874957e8
6.722506393861836e-7 6.456576505349724e8
6.732480818414265e-7 6.47122237026788e8
6.742455242966695e-7 6.485690578335838e8
6.752429667519124e-7 6.499980750450822e8
6.762404092071554e-7 6.514092524622307e8
6.772378516623983e-7 6.528025555891474e8
6.782352941176413e-7 6.541779516249102e8
6.792327365728842e-7 6.555354094551504e8
6.802301790281272e-7 6.568748996434779e8
6.812276214833701e-7 6.581963944227558e8
6.822250639386131e-7 6.594998676861762e8
6.83222506393856e-7 6.607852949782065e8
6.84219948849099e-7 6.620526534853625e8
6.852173913043419e-7 6.633019220268306e8
6.862148337595849e-7 6.645330810449357e8
6.872122762148278e-7 6.657461125954686e8
6.882097186700707e-7 6.66941000337867e8
6.892071611253137e-7 6.681177295252569e8
6.902046035805566e-7 6.69276286994355e8
6.912020460357996e-7 6.704166611552424e8
6.921994884910425e-7 6.715388419810067e8
6.931969309462855e-7 6.726428209972539e8
6.941943734015284e-7 6.73728591271511e8
6.951918158567714e-7 6.747961474024873e8
6.961892583120143e-7 6.758454855092499e8
6.971867007672573e-7 6.76876603220253e8
6.981841432225002e-7 6.778894996622814e8
6.991815856777432e-7 6.788841754492843e8
7.001790281329861e-7 6.79860632671098e8
7.011764705882291e-7 6.808188748820777e8
7.02173913043472e-7 6.817589070896276e8
7.03171355498715e-7 6.826807357426422e8
7.041687979539579e-7 6.835843687198538e8
7.051662404092008e-7 6.844698153180959e8
7.061636828644438e-7 6.853370862404838e8
7.071611253196867e-7 6.861861935845098e8
7.081585677749297e-7 6.870171508300661e8
7.091560102301726e-7 6.878299728273932e8
7.101534526854156e-7 6.886246757849491e8
7.111508951406585e-7 6.894012772572213e8
7.121483375959015e-7 6.901597961324658e8
7.131457800511444e-7 6.909002526203803e8
7.141432225063874e-7 6.916226682397333e8
7.151406649616303e-7 6.923270658059149e8
7.161381074168733e-7 6.930134694184473e8
7.171355498721162e-7 6.936819044484416e8
7.181329923273592e-7 6.943323975260046e8
7.191304347826021e-7 6.94964976527599e8
7.201278772378451e-7 6.955796705633619e8
7.21125319693088e-7 6.961765099643815e8
7.22122762148331e-7 6.967555262699358e8
7.231202046035739e-7 6.973167522147027e8
7.241176470588168e-7 6.978602217159176e8
7.251150895140598e-7 6.983859698605363e8
7.261125319693027e-7 6.988940328923231e8
7.271099744245457e-7 6.993844481989613e8
7.281074168797886e-7 6.998572542991016e8
7.291048593350316e-7 7.003124908294201e8
7.301023017902745e-7 7.007501985316398e8
7.310997442455175e-7 7.01170419239543e8
7.320971867007604e-7 7.01573195865966e8
7.330946291560034e-7 7.019585723897934e8
7.340920716112463e-7 7.023265938429295e8
7.350895140664893e-7 7.026773062972791e8
7.360869565217322e-7 7.030107568517065e8
7.370843989769752e-7 7.033269936190038e8
7.380818414322181e-7 7.036260657128603e8
7.390792838874611e-7 7.03908023234825e8
7.40076726342704e-7 7.04172917261283e8
7.41074168797947e-7 7.044207998304272e8
7.420716112531899e-7 7.046517239292533e8
7.430690537084328e-7 7.048657434805489e8
7.440664961636758e-7 7.050629133299042e8
7.450639386189187e-7 7.052432892327389e8
7.460613810741617e-7 7.05406927841331e8
7.470588235294046e-7 7.055538866918821e8
7.480562659846476e-7 7.056842241915921e8
7.490537084398905e-7 7.057979996057546e8
7.500511508951335e-7 7.05895273044875e8
7.510485933503764e-7 7.059761054518182e8
7.520460358056194e-7 7.060405585889881e8
7.530434782608623e-7 7.060886950255125e8
7.540409207161053e-7 7.061205781244861e8
7.550383631713482e-7 7.061362720302311e8
7.560358056265912e-7 7.061358416555855e8
7.570332480818341e-7 7.061193526692369e8
7.58030690537077e-7 7.060868714830922e8
7.5902813299232e-7 7.060384652396712e8
7.600255754475629e-7 7.059742017995623e8
7.610230179028059e-7 7.058941497288955e8
7.620204603580488e-7 7.05798378286871e8
7.630179028132918e-7 7.056869574133315e8
7.640153452685347e-7 7.055599577163734e8
7.650127877237777e-7 7.05417450460003e8
7.660102301790206e-7 7.052595075518504e8
7.670076726342636e-7 7.050862015309201e8
7.680051150895065e-7 7.048976055554008e8
7.690025575447495e-7 7.046937933905181e8
7.699999999999924e-7 7.044748393964477e8
