3.8e-7 1.0279828773425255e6
3.8099744245524296e-7 1.0766969453712418e6
3.819948849104859e-7 1.1275110171961004e6
3.8299232736572886e-7 1.1805066981109553e6
3.839897698209718e-7 1.2357684225775762e6
3.8498721227621475e-7 1.2933835407621034e6
3.859846547314577e-7 1.3534424073822186e6
3.8698209718670064e-7 1.4160384729187614e6
3.879795396419436e-7 1.4812683772461626e6
3.8897698209718654e-7 1.5492320457376153e6
3.899744245524295e-7 1.6200327879017612e6
3.9097186700767243e-7 1.6937773986088275e6
3.919693094629154e-7 1.7705762619654078e6
3.9296675191815833e-7 1.8505434578982238e6
3.939641943734013e-7 1.9337968715083974e6
3.949616368286442e-7 2.0204583052589328e6
3.9595907928388717e-7 2.110653594059507e6
3.969565217391301e-7 2.2045127233138243e6
3.9795396419437306e-7 2.30216994999603e6
3.98951406649616e-7 2.4037639268242116e6
3.9994884910485896e-7 2.5094378296001316e6
4.009462915601019e-7 2.6193394877857487e6
4.0194373401534485e-7 2.7336215183886103e6
4.029411764705878e-7 2.8524414632295216e6
4.0393861892583075e-7 2.9759619296671534e6
4.049360613810737e-7 3.104350734856162e6
4.0593350383631664e-7 3.2377810536163305e6
4.069309462915596e-7 3.3764315699922554e6
4.0792838874680254e-7 3.5204866325844033e6
4.089258312020455e-7 3.670136413733754e6
4.0992327365728843e-7 3.8255770726443646e6
4.109207161125314e-7 3.987010922529254e6
4.119181585677743e-7 4.1546466018670555e6
4.1291560102301727e-7 4.328699249858403e6
4.139130434782602e-7 4.509390686172628e6
4.1491048593350317e-7 4.696949595077464e6
4.159079283887461e-7 4.891611714045753e6
4.1690537084398906e-7 5.093620026935264e6
4.17902813299232e-7 5.303224961839657e6
4.1890025575447495e-7 5.520684593709909e6
4.198976982097179e-7 5.746264851848483e6
4.2089514066496085e-7 5.980239732379118e6
4.218925831202038e-7 6.222891515798377e6
4.2289002557544674e-7 6.474510989716149e6
4.238874680306897e-7 6.735397676894926e6
4.2488491048593264e-7 7.005860068699244e6
4.258823529411756e-7 7.286215864069543e6
4.2687979539641853e-7 7.576792214135826e6
4.278772378516615e-7 7.877925972589569e6
4.2887468030690443e-7 8.1899639519342845e6
4.298721227621474e-7 8.513263185737172e6
4.308695652173903e-7 8.848191197006585e6
4.3186700767263327e-7 9.195126272823106e6
4.328644501278762e-7 9.554457745353378e6
4.3386189258311916e-7 9.926586279378893e6
4.348593350383621e-7 1.0311924166474273e7
4.3585677749360506e-7 1.0710895625972068e7
4.36854219948848e-7 1.1123937112853704e7
4.3785166240409095e-7 1.1551497632708572e7
4.388491048593339e-7 1.1994039063906146e7
4.3984654731457685e-7 1.2452036487128876e7
4.408439897698198e-7 1.292597852241553e7
4.4184143222506274e-7 1.3416367673868533e7
4.428388746803057e-7 1.392372068218076e7
4.4383631713554863e-7 1.444856888514084e7
4.448337595907916e-7 1.4991458586277869e7
4.4583120204603453e-7 1.5552951431811333e7
4.468286445012775e-7 1.6133624796072334e7
4.478260869565204e-7 1.6734072175568318e7
4.4882352941176337e-7 1.735490359186392e7
4.498209718670063e-7 1.7996746003455505e7
4.5081841432224926e-7 1.8660243726819888e7
4.518158567774922e-7 1.9346058866819628e7
4.5281329923273516e-7 2.005487175665334e7
4.538107416879781e-7 2.0787381407539986e7
4.5480818414322105e-7 2.1544305968331378e7
4.55805626598464e-7 2.232638319525022e7
4.5680306905370695e-7 2.3134370931954302e7
4.578005115089499e-7 2.3969047600131266e7
4.5879795396419284e-7 2.4831212700832363e7
4.597953964194358e-7 2.5721687326757237e7
4.6079283887467874e-7 2.66413146857041e7
4.617902813299217e-7 2.759096063540744e7
4.6278772378516463e-7 2.8571514229984403e7
4.637851662404076e-7 2.9583888278218728e7
4.647826086956505e-7 3.06290199139138e7
4.6578005115089347e-7 3.170787117855045e7
4.667774936061364e-7 3.2821429616489623e7
4.6777493606137937e-7 3.397070888296429e7
4.687723785166223e-7 3.515674936510928e7
4.6976982097186526e-7 3.638061881628255e7
4.707672634271082e-7 3.7643413003935434e7
4.7176470588235116e-7 3.89462563712937e7
4.727621483375941e-7 4.02903027131168e7
4.7375959079283705e-7 4.167673586580753e7
4.7475703324808e-7 4.310677041214763e7
4.7575447570332294e-7 4.45816524009414e7
4.767519181585659e-7 4.610266008185346e7
4.777493606138089e-7 4.767110465573283e7
4.787468030690518e-7 4.928833104071864e7
4.797442455242948e-7 5.0955718654431015e7
4.807416879795377e-7 5.267468221255345e7
4.817391304347807e-7 5.4446672544118814e7
4.827365728900236e-7 5.627317742381866e7
4.837340153452666e-7 5.815572242165819e7
4.847314578005095e-7 6.0095871770286575e7
4.857289002557525e-7 6.209522925033908e7
4.867263427109954e-7 6.415543909413023e7
4.877237851662384e-7 6.6278186908046596e7
4.887212276214813e-7 6.846520061399148e7
4.897186700767243e-7 7.071825141024084e7
4.907161125319672e-7 7.303915475207762e7
4.917135549872102e-7 7.542977135257389e7
4.927109974424531e-7 7.789200820390081e7
4.93708439897696e-7 8.042781961955293e7
4.94705882352939e-7 8.303920829787374e7
4.957033248081819e-7 8.572822640728812e7
4.967007672634249e-7 8.849697669364029e7
4.976982097186678e-7 9.134761361005506e7
4.986956521739108e-7 9.428234446973713e7
4.996930946291537e-7 9.730343062214218e7
5.006905370843967e-7 1.0041318865294674e8
5.016879795396396e-7 1.0361399160826245e8
5.026854219948826e-7 1.0690827024354571e8
5.036828644501255e-7 1.102985142976557e8
5.046803069053685e-7 1.1378727379252985e8
5.056777493606114e-7 1.1737716035894682e8
5.066751918158544e-7 1.2107084858886166e8
5.076726342710973e-7 1.2487107741479774e8
5.086700767263403e-7 1.2878065151679927e8
5.096675191815832e-7 1.328024427574464e8
5.106649616368261e-7 1.369393916454499e8
5.116624040920691e-7 1.4119450882834828e8
5.12659846547312e-7 1.4557087661484426e8
5.13657289002555e-7 1.500716505273132e8
5.146547314577979e-7 1.5470006088505006e8
5.156521739130409e-7 1.5945941441879797e8
5.166496163682838e-7 1.6435309591714293e8
5.176470588235268e-7 1.693845699053468e8
5.186445012787697e-7 1.7455738235721165e8
5.196419437340127e-7 1.7987516244057453e8
5.206393861892556e-7 1.8534162429704136e8
5.216368286444986e-7 1.9096056885658377e8
5.226342710997415e-7 1.967358856876263e8
5.236317135549845e-7 2.0267155488326862e8
5.246291560102274e-7 2.0877164898429018e8
5.256265984654704e-7 2.1504033493961057e8
5.266240409207133e-7 2.2148187610486704e8
5.276214833759563e-7 2.2810063427981183e8
5.286189258311992e-7 2.3490107178520578e8
5.296163682864421e-7 2.4188775357994297e8
5.306138107416851e-7 2.490653494191037e8
5.31611253196928e-7 2.5643863605368543e8
5.32608695652171e-7 2.640124994727546e8
5.336061381074139e-7 2.717919371887722e8
5.346035805626569e-7 2.797820605668681e8
5.356010230178998e-7 2.8798809719885075e8
5.365984654731428e-7 2.96415393322745e8
5.375959079283857e-7 3.0506941628867114e8
5.385933503836287e-7 3.139557570718889e8
5.395907928388716e-7 3.230801328338473e8
5.405882352941146e-7 3.324483895320835e8
5.415856777493575e-7 3.4206650457984734e8
5.425831202046005e-7 3.5194058955633014e8
5.435805626598434e-7 3.6207689296838707e8
5.445780051150864e-7 3.7248180306466496e8
5.455754475703293e-7 3.831618507030715e8
5.465728900255722e-7 3.9412371227251154e8
5.475703324808152e-7 4.053742126698584e8
5.485677749360581e-7 4.169203283331226e8
5.495652173913011e-7 4.28769190331822e8
5.50562659846544e-7 4.4092808751553565e8
5.51560102301787e-7 4.534044697216893e8
5.525575447570299e-7 4.662059510435843e8
5.535549872122729e-7 4.793403131597523e8
5.545524296675158e-7 4.928155087256823e8
5.555498721227588e-7 5.066396648290318e8
5.565473145780017e-7 5.208210865094248e8
5.575447570332447e-7 5.353682603439538e8
5.585421994884876e-7 5.502898580995513e8
5.595396419437306e-7 5.655947404533688e8
5.605370843989735e-7 5.812919607823772e8
5.615345268542165e-7 5.973907690233768e8
5.625319693094594e-7 6.139006156046214e8
5.635294117647023e-7 6.308311554503412e8
5.645268542199453e-7 6.48192252059391e8
5.655242966751882e-7 6.659939816593328e8
5.665217391304312e-7 6.842466374372339e8
5.675191815856741e-7 7.029607338485392e8
5.685166240409171e-7 7.221470110053257e8
5.6951406649616e-7 7.418164391453582e8
5.70511508951403e-7 7.619802231832864e8
5.715089514066459e-7 7.826498073454432e8
5.725063938618889e-7 8.0383687988966e8
5.735038363171318e-7 8.255533779115703e8
5.745012787723748e-7 8.478114922388713e8
5.754987212276177e-7 8.536233363520966e8
5.764961636828607e-7 8.426480510659354e8
5.774936061381036e-7 8.317703521129237e8
5.784910485933466e-7 8.209903374690348e8
5.794884910485895e-7 8.103080782242504e8
5.804859335038325e-7 7.997236191713805e8
5.814833759590754e-7 7.89236979391315e8
5.824808184143183e-7 7.788481528344675e8
5.834782608695613e-7 7.685571088982313e8
5.844757033248042e-7 7.58363793000278e8
5.854731457800472e-7 7.482681271474804e8
5.864705882352901e-7 7.38270010500315e8
5.874680306905331e-7 7.283693199325814e8
5.88465473145776e-7 7.185659105862746e8
5.89462915601019e-7 7.08859616421457e8
5.904603580562619e-7 6.992502507610097e8
5.914578005115049e-7 6.89737606830109e8
5.924552429667478e-7 6.803214582903187e8
5.934526854219908e-7 6.710015597681605e8
5.944501278772337e-7 6.617776473780828e8
5.954475703324767e-7 6.526494392396783e8
5.964450127877196e-7 6.436166359890947e8
5.974424552429626e-7 6.346789212845236e8
5.984398976982055e-7 6.258359623056656e8
5.994373401534484e-7 6.170874102471595e8
6.004347826086914e-7 6.084329008057986e8
6.014322250639343e-7 5.998720546615641e8
6.024296675191773e-7 5.914044779523547e8
6.034271099744202e-7 5.830297627423658e8
6.044245524296632e-7 5.747474874841e8
6.054219948849061e-7 5.665572174739069e8
6.064194373401491e-7 5.584585053010639e8
6.07416879795392e-7 5.504508912903277e8
6.08414322250635e-7 5.425339039379431e8
6.094117647058779e-7 5.347070603410796e8
6.104092071611209e-7 5.2696986662066424e8
6.114066496163638e-7 5.1932181833760494e8
6.124040920716068e-7 5.117624009023968e8
6.134015345268497e-7 5.0429108997807187e8
6.143989769820927e-7 4.969073518765311e8
6.153964194373356e-7 4.896106439482189e8
6.163938618925785e-7 4.824004149651681e8
6.173913043478215e-7 4.7527610549741155e8
6.183887468030644e-7 4.6823714828276527e8
6.193861892583074e-7 4.612829685900128e8
6.203836317135503e-7 4.544129845754863e8
6.213810741687933e-7 4.47626607633091e8
6.223785166240362e-7 4.409232427377551e8
6.233759590792792e-7 4.3430228878238237e8
6.243734015345221e-7 4.277631389082933e8
6.253708439897651e-7 4.213051808291995e8
6.26368286445008e-7 4.149277971487592e8
6.27365728900251e-7 4.086303656717329e8
6.283631713554939e-7 4.0241225970877427e8
6.293606138107369e-7 3.96272848374922e8
6.303580562659798e-7 3.902114968818066e8
6.313554987212228e-7 3.842275668236342e8
6.323529411764657e-7 3.783204164569933e8
6.333503836317087e-7 3.7248940097452635e8
6.343478260869516e-7 3.667338727725257e8
6.353452685421945e-7 3.610531817124941e8
6.363427109974375e-7 3.554466753767381e8
6.373401534526804e-7 3.49913699318045e8
6.383375959079234e-7 3.444535973034873e8
6.393350383631663e-7 3.390657115524366e8
6.403324808184093e-7 3.337493829688295e8
6.413299232736522e-7 3.2850395136774474e8
6.423273657288952e-7 3.233287556963727e8
6.433248081841381e-7 3.182231342494155e8
6.443222506393811e-7 3.131864248789965e8
6.45319693094624e-7 3.082179651991466e8
6.46317135549867e-7 3.033170927849187e8
6.473145780051099e-7 2.98483145366212e8
6.483120204603529e-7 2.9371546101635987e8
6.493094629155958e-7 2.89013378335564e8
6.503069053708388e-7 2.843762366292271e8
6.513043478260817e-7 2.798033760812658e8
6.523017902813246e-7 2.752941379224633e8
6.532992327365676e-7 2.7084786459394157e8
6.542966751918105e-7 2.664638999058134e8
6.552941176470535e-7 2.621415891910893e8
6.562915601022964e-7 2.5788027945491037e8
6.572890025575394e-7 2.536793195191796e8
6.582864450127823e-7 2.495380601626494e8
6.592838874680253e-7 2.454558542565619e8
6.602813299232682e-7 2.4143205689588195e8
6.612787723785112e-7 2.3746602552622348e8
6.622762148337541e-7 2.335571200665163e8
6.632736572889971e-7 2.2970470302749836e8
6.6427109974424e-7 2.2590813962610134e8
6.65268542199483e-7 2.2216679789579672e8
6.662659846547259e-7 2.1848004879297674e8
6.672634271099689e-7 2.1484726629943788e8
6.682608695652118e-7 2.1126782752103895e8
6.692583120204548e-7 2.07741112782602e8
6.702557544756977e-7 2.0426650571912566e8
6.712531969309406e-7 2.0084339336338148e8
6.722506393861836e-7 1.9747116622995988e8
6.732480818414265e-7 1.941492183958337e8
6.742455242966695e-7 1.9087694757751083e8
6.752429667519124e-7 1.8765375520483884e8
6.762404092071554e-7 1.8447904649153346e8
6.772378516623983e-7 1.8135223050248876e8
6.782352941176413e-7 1.7827272021794817e8
6.792327365728842e-7 1.7523993259458855e8
6.802301790281272e-7 1.7225328862358922e8
6.812276214833701e-7 1.6931221338575342e8
6.822250639386131e-7 1.6641613610373193e8
6.83222506393856e-7 1.635644901914318e8
6.84219948849099e-7 1.6075671330065507e8
6.852173913043419e-7 1.5799224736504042e8
6.862148337595849e-7 1.5527053864136243e8
6.872122762148278e-7 1.52591037748253e8
6.882097186700707e-7 1.4995319970240414e8
6.892071611253137e-7 1.473564839523093e8
6.902046035805566e-7 1.4480035440960345e8
6.912020460357996e-7 1.422842794780594e8
6.921994884910425e-7 1.3980773208029768e8
6.931969309462855e-7 1.3737018968226513e8
6.941943734015284e-7 1.349711343155413e8
6.951918158567714e-7 1.3261005259752046e8
6.961892583120143e-7 1.3028643574953568e8
6.971867007672573e-7 1.2799977961296174e8
6.981841432225002e-7 1.2574958466336587e8
6.991815856777432e-7 1.2353535602274883e8
7.001790281329861e-7 1.2135660346992953e8
7.011764705882291e-7 1.1921284144912477e8
7.02173913043472e-7 1.171035890767728e8
7.03171355498715e-7 1.1502837014665137e8
7.041687979539579e-7 1.1298671313333538e8
7.051662404092008e-7 1.1097815119404505e8
7.061636828644438e-7 1.0900222216892985e8
7.071611253196867e-7 1.0705846857983279e8
7.081585677749297e-7 1.0514643762758313e8
7.091560102301726e-7 1.032656811878601e8
7.101534526854156e-7 1.014157558056714e8
7.111508951406585e-7 9.95962226884906e7
7.121483375959015e-7 9.78066476980943e7
7.131457800511444e-7 9.60466013411414e7
7.141432225063874e-7 9.431565875853622e7
7.151406649616303e-7 9.261339971361193e7
7.161381074168733e-7 9.093940857917836e7
7.171355498721162e-7 8.929327432346922e7
7.181329923273592e-7 8.767459049502814e7
7.191304347826021e-7 8.608295520657013e7
7.201278772378451e-7 8.451797111785541e7
7.21125319693088e-7 8.297924541761029e7
7.22122762148331e-7 8.146638980453125e7
7.231202046035739e-7 7.997902046740708e7
7.241176470588168e-7 7.851675806438845e7
7.251150895140598e-7 7.707922770144631e7
7.261125319693027e-7 7.566605891004017e7
7.271099744245457e-7 7.427688562403919e7
7.281074168797886e-7 7.291134615591761e7
7.291048593350316e-7 7.156908317226183e7
7.301023017902745e-7 7.024974366861407e7
7.310997442455175e-7 6.89529789436835e7
7.320971867007604e-7 6.767844457295297e7
7.330946291560034e-7 6.6425800381709814e7
7.340920716112463e-7 6.51947104175255e7
7.350895140664893e-7 6.398484292221383e7
7.360869565217322e-7 6.279587030329005e7
7.370843989769752e-7 6.1627469104958855e7
7.380818414322181e-7 6.04793199786551e7
7.390792838874611e-7 5.935110765316013e7
7.40076726342704e-7 5.8242520904319555e7
7.41074168797947e-7 5.715325252438239e7
7.420716112531899e-7 5.60829992909874e7
7.430690537084328e-7 5.503146193581513e7
7.440664961636758e-7 5.3998345112928934e7
7.450639386189187e-7 5.298335736682553e7
7.460613810741617e-7 5.198621110021375e7
7.470588235294046e-7 5.100662254154359e7
7.480562659846476e-7 5.004431171230273e7
7.490537084398905e-7 4.909900239409957e7
7.500511508951335e-7 4.817042209555148e7
7.510485933503764e-7 4.725830201899552e7
7.520460358056194e-7 4.636237702703949e7
7.530434782608623e-7 4.5482385608967766e7
7.540409207161053e-7 4.461806984702145e7
7.550383631713482e-7 4.376917538256618e7
7.560358056265912e-7 4.2935451382163286e7
7.570332480818341e-7 4.211665050355994e7
7.58030690537077e-7 4.131252886161243e7
7.5902813299232e-7 4.0522845994155504e7
7.600255754475629e-7 3.9747364827833675e7
7.610230179028059e-7 3.898585164390472e7
7.620204603580488e-7 3.823807604403057e7
7.630179028132918e-7 3.750381091606701e7
7.640153452685347e-7 3.678283239986365e7
7.650127877237777e-7 3.607491985308652e7
7.660102301790206e-7 3.537985581707462e7
7.670076726342636e-7 3.469742598274024e7
7.680051150895065e-7 3.402741915652469e7
7.690025575447495e-7 3.3369627226418674e7
7.699999999999924e-7 3.272384512805801e7
