3.8e-7 3.8985317067768904e6
3.8099744245524296e-7 4.050554914473991e6
3.819948849104859e-7 4.207728322442277e6
3.8299232736572886e-7 4.370198929249494e6
3.839897698209718e-7 4.538117098032734e6
3.8498721227621475e-7 4.711636612778133e6
3.859846547314577e-7 4.890914735141621e6
3.8698209718670064e-7 5.076112261811451e6
3.879795396419436e-7 5.267393582411546e6
3.8897698209718654e-7 5.464926737946316e6
3.899744245524295e-7 5.668883479786609e6
3.9097186700767243e-7 5.879439329196503e6
3.919693094629154e-7 6.096773637400953e6
3.9296675191815833e-7 6.321069646194104e6
3.939641943734013e-7 6.552514549088113e6
3.949616368286442e-7 6.791299553001977e6
3.9595907928388717e-7 7.037619940490457e6
3.969565217391301e-7 7.291675132512737e6
3.9795396419437306e-7 7.553668751740276e6
3.98951406649616e-7 7.823808686403967e6
3.9994884910485896e-7 8.102307154680025e6
4.009462915601019e-7 8.389380769614121e6
4.0194373401534485e-7 8.685250604583709e6
4.029411764705878e-7 8.99014225929822e6
4.0393861892583075e-7 9.304285926336152e6
4.049360613810737e-7 9.627916458219538e6
4.0593350383631664e-7 9.961273435024457e6
4.069309462915596e-7 1.0304601232527928e7
4.0792838874680254e-7 1.0658149090890514e7
4.089258312020455e-7 1.102217118387371e7
4.0992327365728843e-7 1.139692668859255e7
4.109207161125314e-7 1.1782679855802191e7
4.119181585677743e-7 1.2179700080718497e7
4.1291560102301727e-7 1.258826197437206e7
4.139130434782602e-7 1.3008645435494756e7
4.1491048593350317e-7 1.344113572293918e7
4.159079283887461e-7 1.3886023528629716e7
4.1690537084398906e-7 1.434360505104504e7
4.17902813299232e-7 1.481418206923199e7
4.1890025575447495e-7 1.5298062017349184e7
4.198976982097179e-7 1.5795558059741614e7
4.2089514066496085e-7 1.6306989166543799e7
4.218925831202038e-7 1.6832680189812683e7
4.2289002557544674e-7 1.7372961940188725e7
4.238874680306897e-7 1.7928171264085352e7
4.2488491048593264e-7 1.8498651121405642e7
4.258823529411756e-7 1.9084750663786717e7
4.2687979539641853e-7 1.9686825313370425e7
4.278772378516615e-7 2.0305236842100214e7
4.2887468030690443e-7 2.094035345154428e7
4.298721227621474e-7 2.159254985324392e7
4.308695652173903e-7 2.2262207349586323e7
4.3186700767263327e-7 2.2949713915202655e7
4.328644501278762e-7 2.365546427888992e7
4.3386189258311916e-7 2.4379860006056573e7
4.348593350383621e-7 2.5123309581691395e7
4.3585677749360506e-7 2.588622849385555e7
4.36854219948848e-7 2.6669039317697305e7
4.3785166240409095e-7 2.7472171799988765e7
4.388491048593339e-7 2.8296062944184706e7
4.3984654731457685e-7 2.91411570960033e7
4.408439897698198e-7 3.0007906029527716e7
4.4184143222506274e-7 3.0896769033829104e7
4.428388746803057e-7 3.1808213000110224e7
4.4383631713554863e-7 3.2742712509370025e7
4.448337595907916e-7 3.370074992058758e7
4.4583120204603453e-7 3.4682815459427536e7
4.468286445012775e-7 3.568940730746396e7
4.478260869565204e-7 3.672103169192521e7
4.4882352941176337e-7 3.777820297595765e7
4.498209718670063e-7 3.88614437494087e7
4.5081841432224926e-7 3.997128492013038e7
4.518158567774922e-7 4.110826580580013e7
4.5281329923273516e-7 4.2272934226262845e7
4.538107416879781e-7 4.346584659639092e7
4.5480818414322105e-7 4.468756801946341e7
4.55805626598464e-7 4.5938672381064795e7
4.5680306905370695e-7 4.721974244350249e7
4.578005115089499e-7 4.853136994074359e7
4.5879795396419284e-7 4.987415567387095e7
4.597953964194358e-7 5.1248709607059434e7
4.6079283887467874e-7 5.265565096406927e7
4.617902813299217e-7 5.409560832526213e7
4.6278772378516463e-7 5.556921972513473e7
4.637851662404076e-7 5.7077132750373304e7
4.647826086956505e-7 5.8620004638428256e7
4.6578005115089347e-7 6.019850237660953e7
4.667774936061364e-7 6.181330280170233e7
4.6777493606137937e-7 6.346509270010428e7
4.687723785166223e-7 6.515456890848345e7
4.6976982097186526e-7 6.688243841495896e7
4.707672634271082e-7 6.86494184608037e7
4.7176470588235116e-7 7.045623664266919e7
4.727621483375941e-7 7.230363101533332e7
4.7375959079283705e-7 7.419235019497292e7
4.7475703324808e-7 7.612315346295914e7
4.7575447570332294e-7 7.809681087017836e7
4.767519181585659e-7 8.011410334187737e7
4.777493606138089e-7 8.217582278303571e7
4.787468030690518e-7 8.428277218426302e7
4.797442455242948e-7 8.643576572822452e7
4.807416879795377e-7 8.86356288965945e7
4.817391304347807e-7 9.088319857753731e7
4.827365728900236e-7 9.317932317371884e7
4.837340153452666e-7 9.552486271084753e7
4.847314578005095e-7 9.792068894674613e7
4.857289002557525e-7 1.0036768548095647e8
4.867263427109954e-7 1.0286674786487545e8
4.877237851662384e-7 1.054187837124261e8
4.887212276214813e-7 1.0802471281126238e8
4.897186700767243e-7 1.1068546723450896e8
4.907161125319672e-7 1.134019914530405e8
4.917135549872102e-7 1.1617524244829518e8
4.927109974424531e-7 1.1900618982562868e8
4.93708439897696e-7 1.2189581592820942e8
4.94705882352939e-7 1.2484511595145123e8
4.957033248081819e-7 1.2785509805799302e8
4.967007672634249e-7 1.3092678349321775e8
4.976982097186678e-7 1.3406120670131978e8
4.986956521739108e-7 1.3725941544191414e8
4.996930946291537e-7 1.4052247090719852e8
5.006905370843967e-7 1.4385144783966014e8
5.016879795396396e-7 1.4724743465033314e8
5.026854219948826e-7 1.507115335376099e8
5.036828644501255e-7 1.5424486060660306e8
5.046803069053685e-7 1.57848545989064e8
5.056777493606114e-7 1.6152373396385577e8
5.066751918158544e-7 1.6527158307798633e8
5.076726342710973e-7 1.6909326626819724e8
5.086700767263403e-7 1.7298997098311788e8
5.096675191815832e-7 1.7696289930597904e8
5.106649616368261e-7 1.8101326807789275e8
5.116624040920691e-7 1.8514230902169663e8
5.12659846547312e-7 1.8935126886636946e8
5.13657289002555e-7 1.936414094720101e8
5.146547314577979e-7 1.980140079553979e8
5.156521739130409e-7 2.0247035681611648e8
5.166496163682838e-7 2.0701176406325948e8
5.176470588235268e-7 2.1163955334271142e8
5.186445012787697e-7 2.1635506406500864e8
5.196419437340127e-7 2.211596515337815e8
5.206393861892556e-7 2.2605468707477957e8
5.216368286444986e-7 2.3104155816548368e8
5.226342710997415e-7 2.3612166856530493e8
5.236317135549845e-7 2.412964384463747e8
5.246291560102274e-7 2.4656730452492332e8
5.256265984654704e-7 2.5193572019325918e8
5.266240409207133e-7 2.574031556523377e8
5.276214833759563e-7 2.6297109804493853e8
5.286189258311992e-7 2.6864105158943075e8
5.296163682864421e-7 2.744145377141575e8
5.306138107416851e-7 2.802930951924131e8
5.31611253196928e-7 2.862782802780359e8
5.32608695652171e-7 2.9237166684161377e8
5.336061381074139e-7 2.985748465072982e8
5.346035805626569e-7 3.04889428790237e8
5.356010230178998e-7 3.113170412346266e8
5.365984654731428e-7 3.178593295523847e8
5.375959079283857e-7 3.245179577624478e8
5.385933503836287e-7 3.31294608330694e8
5.395907928388716e-7 3.3819098231049985e8
5.405882352941146e-7 3.4520879948392314e8
5.415856777493575e-7 3.5234979850352377e8
5.425831202046005e-7 3.5961573703482676e8
5.435805626598434e-7 3.670083918994204e8
5.445780051150864e-7 3.745295592186983e8
5.455754475703293e-7 3.8218105455825293e8
5.465728900255722e-7 3.899647130729151e8
5.475703324808152e-7 3.978823896524487e8
5.485677749360581e-7 4.0593595906789553e8
5.495652173913011e-7 4.141273161185902e8
5.50562659846544e-7 4.22458375779823e8
5.51560102301787e-7 4.3093107335118186e8
5.525575447570299e-7 4.395473646055499e8
5.535549872122729e-7 4.483092259387866e8
5.545524296675158e-7 4.57218654520074e8
5.555498721227588e-7 4.662776684429442e8
5.565473145780017e-7 4.754883068769948e8
5.575447570332447e-7 4.848526302202768e8
5.585421994884876e-7 4.943727202523848e8
5.595396419437306e-7 5.040506802882226e8
5.605370843989735e-7 5.138886353324787e8
5.615345268542165e-7 5.238887322348001e8
5.625319693094594e-7 5.340531398456497e8
5.635294117647023e-7 5.443840491728929e8
5.645268542199453e-7 5.548836735390784e8
5.655242966751882e-7 5.655542487394401e8
5.665217391304312e-7 5.763980332006091e8
5.675191815856741e-7 5.874173081400536e8
5.685166240409171e-7 5.986143777262311e8
5.6951406649616e-7 6.099915692394862e8
5.70511508951403e-7 6.215512332336613e8
5.715089514066459e-7 6.332957436984525e8
5.725063938618889e-7 6.452274982225063e8
5.735038363171318e-7 6.57348918157258e8
5.745012787723748e-7 6.696624487815108e8
5.754987212276177e-7 6.74288442412794e8
5.764961636828607e-7 6.710662255053709e8
5.774936061381036e-7 6.678244596621448e8
5.784910485933466e-7 6.645637612447265e8
5.794884910485895e-7 6.61284742616684e8
5.804859335038325e-7 6.57988012041473e8
5.814833759590754e-7 6.546741735835723e8
5.824808184143183e-7 6.513438270127705e8
5.834782608695613e-7 6.479975677115873e8
5.844757033248042e-7 6.446359865858275e8
5.854731457800472e-7 6.412596699781944e8
5.864705882352901e-7 6.378691995849711e8
5.874680306905331e-7 6.344651523757253e8
5.88465473145776e-7 6.310481005160148e8
5.89462915601019e-7 6.276186112930487e8
5.904603580562619e-7 6.241772470442941e8
5.914578005115049e-7 6.207245650889786e8
5.924552429667478e-7 6.172611176624676e8
5.934526854219908e-7 6.137874518534666e8
5.944501278772337e-7 6.103041095440519e8
5.954475703324767e-7 6.068116273524375e8
5.964450127877196e-7 6.033105365785019e8
5.974424552429626e-7 5.998013631520059e8
5.984398976982055e-7 5.962846275834578e8
5.994373401534484e-7 5.927608449176445e8
6.004347826086914e-7 5.892305246897078e8
6.014322250639343e-7 5.856941708838078e8
6.024296675191773e-7 5.821522818942933e8
6.034271099744202e-7 5.786053504893394e8
6.044245524296632e-7 5.750538637770551e8
6.054219948849061e-7 5.714983031739674e8
6.064194373401491e-7 5.679391443758904e8
6.07416879795392e-7 5.643768573311117e8
6.08414322250635e-7 5.608119062158754e8
6.094117647058779e-7 5.572447494121164e8
6.104092071611209e-7 5.536758394874014e8
6.114066496163638e-7 5.50105623177047e8
6.124040920716068e-7 5.465345413683845e8
6.134015345268497e-7 5.429630290870963e8
6.143989769820927e-7 5.39391515485639e8
6.153964194373356e-7 5.3582042383366144e8
6.163938618925785e-7 5.3225017151041913e8
6.173913043478215e-7 5.286811699991242e8
6.183887468030644e-7 5.251138248831944e8
6.193861892583074e-7 5.215485358443754e8
6.203836317135503e-7 5.1798569666267824e8
6.213810741687933e-7 5.144256952181197e8
6.223785166240362e-7 5.1086891349418825e8
6.233759590792792e-7 5.073157275830449e8
6.243734015345221e-7 5.037665076923854e8
6.253708439897651e-7 5.0022161815393126e8
6.26368286445008e-7 4.9668141743353397e8
6.27365728900251e-7 4.931462581428311e8
6.283631713554939e-7 4.89616487052418e8
6.293606138107369e-7 4.860924451065218e8
6.303580562659798e-7 4.8257446743911034e8
6.313554987212228e-7 4.790628833914191e8
6.323529411764657e-7 4.755580165308571e8
6.333503836317087e-7 4.720601846712493e8
6.343478260869516e-7 4.685696998943887e8
6.353452685421945e-7 4.650868685728486e8
6.363427109974375e-7 4.6161199139403945e8
6.373401534526804e-7 4.581453633854645e8
6.383375959079234e-7 4.546872739411294e8
6.393350383631663e-7 4.5123800684909755e8
6.403324808184093e-7 4.4779784032013667e8
6.413299232736522e-7 4.4436704701742136e8
6.423273657288952e-7 4.4094589408728504e8
6.433248081841381e-7 4.375346431909518e8
6.443222506393811e-7 4.3413355053724056e8
6.45319693094624e-7 4.307428669162098e8
6.46317135549867e-7 4.2736283773369384e8
6.473145780051099e-7 4.2399370304671794e8
6.483120204603529e-7 4.206356975997453e8
6.493094629155958e-7 4.172890508617458e8
6.503069053708388e-7 4.13953987064032e8
6.513043478260817e-7 4.106307252388546e8
6.523017902813246e-7 4.0731947925870955e8
6.532992327365676e-7 4.040204578763474e8
6.542966751918105e-7 4.007338647654386e8
6.552941176470535e-7 3.9745989856187505e8
6.562915601022964e-7 3.9419875290568185e8
6.572890025575394e-7 3.909506164835125e8
6.582864450127823e-7 3.8771567307168436e8
6.592838874680253e-7 3.844941015797629e8
6.602813299232682e-7 3.812860760946242e8
6.612787723785112e-7 3.780917659250148e8
6.622762148337541e-7 3.7491133564654636e8
6.632736572889971e-7 3.7174494514712316e8
6.6427109974424e-7 3.685927496727728e8
6.65268542199483e-7 3.654548998738513e8
6.662659846547259e-7 3.623315418516053e8
6.672634271099689e-7 3.592228172050642e8
6.682608695652118e-7 3.5612886307824206e8
6.692583120204548e-7 3.5304981220762676e8
6.702557544756977e-7 3.49985792969932e8
6.712531969309406e-7 3.4693692943009776e8
6.722506393861836e-7 3.4390334138950855e8
6.732480818414265e-7 3.40885144434415e8
6.742455242966695e-7 3.378824499845408e8
6.752429667519124e-7 3.3489536534184766e8
6.762404092071554e-7 3.3192399373945e8
6.772378516623983e-7 3.2896843439064306e8
6.782352941176413e-7 3.260287825380507e8
6.792327365728842e-7 3.2310512950285e8
6.802301790281272e-7 3.20197562734069e8
6.812276214833701e-7 3.173061658579455e8
6.822250639386131e-7 3.14431018727305e8
6.83222506393856e-7 3.115721974709756e8
6.84219948849099e-7 3.0872977454319566e8
6.852173913043419e-7 3.05903818773014e8
6.862148337595849e-7 3.0309439541365916e8
6.872122762148278e-7 3.003015661918682e8
6.882097186700707e-7 2.975253893571594e8
6.892071611253137e-7 2.947659197310317e8
6.902046035805566e-7 2.9202320875607914e8
6.912020460357996e-7 2.892973045450074e8
6.921994884910425e-7 2.8658825192953825e8
6.931969309462855e-7 2.8389609250918835e8
6.941943734015284e-7 2.812208646999155e8
6.951918158567714e-7 2.7856260378260607e8
6.961892583120143e-7 2.75921341951418e8
6.971867007672573e-7 2.7329710836193204e8
6.981841432225002e-7 2.7068992917913455e8
6.991815856777432e-7 2.6809982762520194e8
7.001790281329861e-7 2.655268240270783e8
7.011764705882291e-7 2.6297093586384216e8
7.02173913043472e-7 2.6043217781384662e8
7.03171355498715e-7 2.5791056180162883e8
7.041687979539579e-7 2.5540609704457343e8
7.051662404092008e-7 2.5291879009932667e8
7.061636828644438e-7 2.5044864490795147e8
7.071611253196867e-7 2.4799566284381127e8
7.081585677749297e-7 2.4555984275717986e8
7.091560102301726e-7 2.431411810205681e8
7.101534526854156e-7 2.4073967157375717e8
7.111508951406585e-7 2.3835530596853632e8
7.121483375959015e-7 2.3598807341313326e8
7.131457800511444e-7 2.3363796081633416e8
7.141432225063874e-7 2.3130495283128795e8
7.151406649616303e-7 2.2898903189898214e8
7.161381074168733e-7 2.2669017829139337e8
7.171355498721162e-7 2.244083701543012e8
7.181329923273592e-7 2.2214358354976225e8
7.191304347826021e-7 2.198957924982386e8
7.201278772378451e-7 2.1766496902037722e8
7.21125319693088e-7 2.154510831784331e8
7.22122762148331e-7 2.1325410311733496e8
7.231202046035739e-7 2.110739951053906e8
7.241176470588168e-7 2.0891072357461742e8
7.251150895140598e-7 2.0676425116071573e8
7.261125319693027e-7 2.0463453874265298e8
7.271099744245457e-7 2.025215454818856e8
7.281074168797886e-7 2.0042522886118922e8
7.291048593350316e-7 1.9834554472311532e8
7.301023017902745e-7 1.9628244730805695e8
7.310997442455175e-7 1.942358892919288e8
7.320971867007604e-7 1.9220582182345623e8
7.330946291560034e-7 1.9019219456107536e8
7.340920716112463e-7 1.8819495570943484e8
7.350895140664893e-7 1.8621405205550793e8
7.360869565217322e-7 1.8424942900430194e8
7.370843989769752e-7 1.823010306141729e8
7.380818414322181e-7 1.8036879963174045e8
7.390792838874611e-7 1.7845267752640122e8
7.40076726342704e-7 1.765526045244426e8
7.41074168797947e-7 1.7466851964275214e8
7.420716112531899e-7 1.7280036072212762e8
7.430690537084328e-7 1.709480644601819e8
7.440664961636758e-7 1.6911156644384488e8
7.450639386189187e-7 1.6729080118146452e8
7.460613810741617e-7 1.6548570213450015e8
7.470588235294046e-7 1.6369620174881786e8
7.480562659846476e-7 1.619222314855803e8
7.490537084398905e-7 1.60163721851734e8
7.500511508951335e-7 1.5842060243009517e8
7.510485933503764e-7 1.56692801909035e8
7.520460358056194e-7 1.5498024811176527e8
7.530434782608623e-7 1.5328286802522084e8
7.540409207161053e-7 1.5160058782854733e8
7.550383631713482e-7 1.4993333292119065e8
7.560358056265912e-7 1.4828102795058793e8
7.570332480818341e-7 1.4664359683946556e8
7.58030690537077e-7 1.4502096281274357e8
7.5902813299232e-7 1.4341304842404577e8
7.600255754475629e-7 1.4181977558182302e8
7.610230179028059e-7 1.4024106557508335e8
7.620204603580488e-7 1.3867683909873676e8
7.630179028132918e-7 1.3712701627855647e8
7.640153452685347e-7 1.355915166957528e8
7.650127877237777e-7 1.3407025941116792e8
7.660102301790206e-7 1.3256316298909125e8
7.670076726342636e-7 1.3107014552069625e8
7.680051150895065e-7 1.295911246471025e8
7.690025575447495e-7 1.281260175820648e8
7.699999999999924e-7 1.2667474113429181e8
