3.8e-7 2.732737476278416e7
3.8099744245524296e-7 2.804678858802488e7
3.819948849104859e-7 2.877982058706444e7
3.8299232736572886e-7 2.9526595315324865e7
3.839897698209718e-7 3.0287235737472188e7
3.8498721227621475e-7 3.106186317643806e7
3.859846547314577e-7 3.1850597262956433e7
3.8698209718670064e-7 3.2653555885644723e7
3.879795396419436e-7 3.347085514164823e7
3.8897698209718654e-7 3.430260928787575e7
3.899744245524295e-7 3.514893069284864e7
3.9097186700767243e-7 3.600992978918456e7
3.919693094629154e-7 3.688571502673938e7
3.9296675191815833e-7 3.777639282642879e7
3.939641943734013e-7 3.868206753475087e7
3.949616368286442e-7 3.9602841379028544e7
3.9595907928388717e-7 4.0538814423393786e7
3.969565217391301e-7 4.149008452553242e7
3.9795396419437306e-7 4.2456747294206716e7
3.98951406649616e-7 4.3438896047576554e7
3.9994884910485896e-7 4.443662177233491e7
4.009462915601019e-7 4.545001308367427e7
4.0194373401534485e-7 4.647915618610171e7
4.029411764705878e-7 4.752413483511862e7
4.0393861892583075e-7 4.858503029977723e7
4.049360613810737e-7 4.966192132613302e7
4.0593350383631664e-7 5.075488410160192e7
4.069309462915596e-7 5.186399222023973e7
4.0792838874680254e-7 5.2989316648955e7
4.089258312020455e-7 5.413092569466507e7
4.0992327365728843e-7 5.528888497241074e7
4.109207161125314e-7 5.646325737443716e7
4.119181585677743e-7 5.7654103040252514e7
4.1291560102301727e-7 5.8861479327674344e7
4.139130434782602e-7 6.008544078487011e7
4.1491048593350317e-7 6.132603912340385e7
4.159079283887461e-7 6.2583323192293644e7
4.1690537084398906e-7 6.385733895308766e7
4.17902813299232e-7 6.514812945596752e7
4.1890025575447495e-7 6.645573481687957e7
4.198976982097179e-7 6.778019219570673e7
4.2089514066496085e-7 6.91215357754777e7
4.218925831202038e-7 7.047979674262394e7
4.2289002557544674e-7 7.1855003268284e7
4.238874680306897e-7 7.324718049066055e7
4.2488491048593264e-7 7.465635049842946e7
4.258823529411756e-7 7.60825323152073e7
4.2687979539641853e-7 7.752574188507323e7
4.278772378516615e-7 7.898599205914898e7
4.2887468030690443e-7 8.04632925832379e7
4.298721227621474e-7 8.19576500865203e7
4.308695652173903e-7 8.346906807130355e7
4.3186700767263327e-7 8.499754690382935e7
4.328644501278762e-7 8.654308380613251e7
4.3386189258311916e-7 8.810567284895007e7
4.348593350383621e-7 8.968530494567719e7
4.3585677749360506e-7 9.128196784736747e7
4.36854219948848e-7 9.289564613877301e7
4.3785166240409095e-7 9.452632123541895e7
4.388491048593339e-7 9.617397138170862e7
4.3984654731457685e-7 9.78385716500547e7
4.408439897698198e-7 9.952009394102772e7
4.4184143222506274e-7 1.0121850698451877e8
4.428388746803057e-7 1.0293377634190767e8
4.4383631713554863e-7 1.0466586440923193e8
4.448337595907916e-7 1.0641473042134371e8
4.4583120204603453e-7 1.0818033045705561e8
4.468286445012775e-7 1.0996261744525674e8
4.478260869565204e-7 1.1176154117199974e8
4.4882352941176337e-7 1.1357704828854327e8
4.498209718670063e-7 1.1540908232034293e8
4.5081841432224926e-7 1.1725758367698349e8
4.518158567774922e-7 1.191224896630353e8
4.5281329923273516e-7 1.2100373448983352e8
4.538107416879781e-7 1.2290124928816277e8
4.5480818414322105e-7 1.2481496212183794e8
4.55805626598464e-7 1.2674479800217202e8
4.5680306905370695e-7 1.2869067890331657e8
4.578005115089499e-7 1.3065252377846403e8
4.5879795396419284e-7 1.3263024857690078e8
4.597953964194358e-7 1.346237662618992e8
4.6079283887467874e-7 1.3663298682942915e8
4.617902813299217e-7 1.3865781732768926e8
4.6278772378516463e-7 1.4069816187743142e8
4.637851662404076e-7 1.4275392169307387e8
4.647826086956505e-7 1.4482499510458612e8
4.6578005115089347e-7 1.4691127758013383e8
4.667774936061364e-7 1.4901266174946678e8
4.6777493606137937e-7 1.511290374280398e8
4.687723785166223e-7 1.532602916418486e8
4.6976982097186526e-7 1.5540630865297037e8
4.707672634271082e-7 1.5756696998579252e8
4.7176470588235116e-7 1.5974215445391336e8
4.727621483375941e-7 1.6193173818770212e8
4.7375959079283705e-7 1.641355946625054e8
4.7475703324808e-7 1.6635359472748062e8
4.7575447570332294e-7 1.6858560663504505e8
4.767519181585659e-7 1.7083149607092237e8
4.777493606138089e-7 1.7309112618477684e8
4.787468030690518e-7 1.7536435762141204e8
4.797442455242948e-7 1.77651048552526e8
4.807416879795377e-7 1.7995105470900518e8
4.817391304347807e-7 1.8226422941373825e8
4.827365728900236e-7 1.845904236149409e8
4.837340153452666e-7 1.8692948591997033e8
4.847314578005095e-7 1.8928126262961674e8
4.857289002557525e-7 1.916455977728578e8
4.867263427109954e-7 1.940223331420559e8
4.877237851662384e-7 1.9641130832858893e8
4.887212276214813e-7 1.988123607588931e8
4.897186700767243e-7 2.012253257309049e8
4.907161125319672e-7 2.036500364508917e8
4.917135549872102e-7 2.0608632407064492e8
4.927109974424531e-7 2.085340177250289e8
4.93708439897696e-7 2.109929445698712e8
4.94705882352939e-7 2.134629298201675e8
4.957033248081819e-7 2.1594379678860393e8
4.967007672634249e-7 2.1843536692436326e8
4.976982097186678e-7 2.2093745985221568e8
4.986956521739108e-7 2.2344989341186377e8
4.996930946291537e-7 2.2597248369754532e8
5.006905370843967e-7 2.2850504509786075e8
5.016879795396396e-7 2.310473903358211e8
5.026854219948826e-7 2.3359933050910127e8
5.036828644501255e-7 2.361606751304796e8
5.046803069053685e-7 2.3873123216845497e8
5.056777493606114e-7 2.4131080808802065e8
5.066751918158544e-7 2.4389920789158872e8
5.076726342710973e-7 2.4649623516004163e8
5.086700767263403e-7 2.4910169209390685e8
5.096675191815832e-7 2.517153795546331e8
5.106649616368261e-7 2.5433709710595798e8
5.116624040920691e-7 2.5696664305535278e8
5.12659846547312e-7 2.5960381449553397e8
5.13657289002555e-7 2.6224840734601727e8
5.146547314577979e-7 2.649002163947234e8
5.156521739130409e-7 2.675590353395933e8
5.166496163682838e-7 2.7022465683022577e8
5.176470588235268e-7 2.7289687250951034e8
5.186445012787697e-7 2.755754730552482e8
5.196419437340127e-7 2.7826024822174776e8
5.206393861892556e-7 2.809509868813813e8
5.216368286444986e-7 2.8364747706609523e8
5.226342710997415e-7 2.863495060088564e8
5.236317135549845e-7 2.890568601850282e8
5.246291560102274e-7 2.917693253536577e8
5.256265984654704e-7 2.9448668659867483e8
5.266240409207133e-7 2.9720872836997616e8
5.276214833759563e-7 2.9993523452440417e8
5.286189258311992e-7 3.026659883665797e8
5.296163682864421e-7 3.054007726896167e8
5.306138107416851e-7 3.08139369815671e8
5.31611253196928e-7 3.1088156163633907e8
5.32608695652171e-7 3.136271296528871e8
5.336061381074139e-7 3.1637585501629883e8
5.346035805626569e-7 3.191275185671354e8
5.356010230178998e-7 3.2188190087519854e8
5.365984654731428e-7 3.2463878227898645e8
5.375959079283857e-7 3.273979429249338e8
5.385933503836287e-7 3.3015916280642515e8
5.395907928388716e-7 3.329222218025796e8
5.405882352941146e-7 3.356868997167882e8
5.415856777493575e-7 3.3845297631500244e8
5.425831202046005e-7 3.412202313637692e8
5.435805626598434e-7 3.439884446679954e8
5.445780051150864e-7 3.4675739610843694e8
5.455754475703293e-7 3.4952686567891264e8
5.465728900255722e-7 3.522966335232254e8
5.475703324808152e-7 3.5506647997179097e8
5.485677749360581e-7 3.578361855779576e8
5.495652173913011e-7 3.6060553115402836e8
5.50562659846544e-7 3.633742978069551e8
5.51560102301787e-7 3.6614226697372055e8
5.525575447570299e-7 3.6890922045638454e8
5.535549872122729e-7 3.716749404568045e8
5.545524296675158e-7 3.744392096110084e8
5.555498721227588e-7 3.772018110232249e8
5.565473145780017e-7 3.7996252829956734e8
5.575447570332447e-7 3.827211455813544e8
5.585421994884876e-7 3.8547744757807785e8
5.595396419437306e-7 3.8823121959999293e8
5.605370843989735e-7 3.9098224759035164e8
5.615345268542165e-7 3.937303181572572e8
5.625319693094594e-7 3.9647521860512865e8
5.635294117647023e-7 3.992167369657976e8
5.645268542199453e-7 4.019546620292079e8
5.655242966751882e-7 4.0468878337372917e8
5.665217391304312e-7 4.074188913960712e8
5.675191815856741e-7 4.101447773408065e8
5.685166240409171e-7 4.128662333294821e8
5.6951406649616e-7 4.1558305238934004e8
5.70511508951403e-7 4.1829502848161733e8
5.715089514066459e-7 4.2100195652944314e8
5.725063938618889e-7 4.237036324453228e8
5.735038363171318e-7 4.2639985315820706e8
5.745012787723748e-7 4.2909041664013875e8
5.754987212276177e-7 4.3177512193248636e8
5.764961636828607e-7 4.344537691717526e8
5.774936061381036e-7 4.371261596149633e8
5.784910485933466e-7 4.397920956646221e8
5.794884910485895e-7 4.4245138089325196e8
5.804859335038325e-7 4.4510382006749624e8
5.814833759590754e-7 4.47749219171802e8
5.824808184143183e-7 4.503873854316651e8
5.834782608695613e-7 4.53018127336441e8
5.844757033248042e-7 4.5564125466173905e8
5.854731457800472e-7 4.582565784913688e8
5.864705882352901e-7 4.608639112388579e8
5.874680306905331e-7 4.634630666685394e8
5.88465473145776e-7 4.6605385991620487e8
5.89462915601019e-7 4.6863610750931776e8
5.904603580562619e-7 4.712096273868011e8
5.914578005115049e-7 4.7377423891838455e8
5.924552429667478e-7 4.7632976292352474e8
5.934526854219908e-7 4.788760216898804e8
5.944501278772337e-7 4.814128389913748e8
5.954475703324767e-7 4.839400401058042e8
5.964450127877196e-7 4.864574518320285e8
5.974424552429626e-7 4.8896490250673103e8
5.984398976982055e-7 4.914622220207331e8
5.994373401534484e-7 4.9394924183491105e8
6.004347826086914e-7 4.9642579499564993e8
6.014322250639343e-7 4.9889171614989626e8
6.024296675191773e-7 5.013468415597794e8
6.034271099744202e-7 5.037910091167954e8
6.044245524296632e-7 5.0622405835559773e8
6.054219948849061e-7 5.08645830467338e8
6.064194373401491e-7 5.110561683126087e8
6.07416879795392e-7 5.1345491643395704e8
6.08414322250635e-7 5.158419210679902e8
6.094117647058779e-7 5.1821703015706885e8
6.104092071611209e-7 5.205800933605823e8
6.114066496163638e-7 5.229309620658198e8
6.124040920716068e-7 5.2526948939844364e8
6.134015345268497e-7 5.27595530232537e8
6.143989769820927e-7 5.299089412002749e8
6.153964194373356e-7 5.3220958070117635e8
6.163938618925785e-7 5.3449730891097033e8
6.173913043478215e-7 5.367719877900659e8
6.183887468030644e-7 5.390334810916264e8
6.193861892583074e-7 5.412816543692617e8
6.203836317135503e-7 5.435163749843266e8
6.213810741687933e-7 5.457375121128501e8
6.223785166240362e-7 5.47944936752062e8
6.233759590792792e-7 5.501385217265645e8
6.243734015345221e-7 5.52318141694122e8
6.253708439897651e-7 5.544836731510681e8
6.26368286445008e-7 5.566349944373642e8
6.27365728900251e-7 5.587719857412854e8
6.283631713554939e-7 5.608945291037346e8
6.293606138107369e-7 5.630025084222176e8
6.303580562659798e-7 5.650958094544467e8
6.313554987212228e-7 5.671743198216008e8
6.323529411764657e-7 5.692379290112369e8
6.333503836317087e-7 5.712865283798559e8
6.343478260869516e-7 5.733200111551299e8
6.353452685421945e-7 5.753382724377832e8
6.363427109974375e-7 5.773412092031492e8
6.373401534526804e-7 5.793287203023974e8
6.383375959079234e-7 5.813007064634192e8
6.393350383631663e-7 5.832570702914087e8
6.403324808184093e-7 5.851977162691153e8
6.413299232736522e-7 5.871225507567736e8
6.423273657288952e-7 5.8903148199174e8
6.433248081841381e-7 5.909244200878024e8
6.443222506393811e-7 5.928012770341891e8
6.45319693094624e-7 5.946619666942911e8
6.46317135549867e-7 5.965064048040689e8
6.473145780051099e-7 5.98334508970179e8
6.483120204603529e-7 6.001461986677988e8
6.493094629155958e-7 6.01941395238185e8
6.503069053708388e-7 6.037200218859296e8
6.513043478260817e-7 6.054820036759547e8
6.523017902813246e-7 6.072272675302196e8
6.532992327365676e-7 6.089557422241734e8
6.542966751918105e-7 6.106673583829305e8
6.552941176470535e-7 6.123620484771852e8
6.562915601022964e-7 6.140397468188728e8
6.572890025575394e-7 6.157003895565794e8
6.582864450127823e-7 6.173439146706839e8
6.592838874680253e-7 6.189702619682828e8
6.602813299232682e-7 6.205793730778406e8
6.612787723785112e-7 6.221711914436321e8
6.622762148337541e-7 6.237456623199286e8
6.632736572889971e-7 6.253027327649606e8
6.6427109974424e-7 6.268423516346589e8
6.65268542199483e-7 6.283644695761667e8
6.662659846547259e-7 6.298690390211374e8
6.672634271099689e-7 6.313560141788135e8
6.682608695652118e-7 6.328253510288992e8
6.692583120204548e-7 6.342770073142239e8
6.702557544756977e-7 6.357109425331999e8
6.712531969309406e-7 6.371271179320899e8
6.722506393861836e-7 6.385254964970703e8
6.732480818414265e-7 6.399060429461051e8
6.742455242966695e-7 6.41268723720636e8
6.752429667519124e-7 6.426135069770855e8
6.762404092071554e-7 6.439403625781857e8
6.772378516623983e-7 6.45249262084117e8
6.782352941176413e-7 6.465401787434957e8
6.792327365728842e-7 6.478130874841751e8
6.802301790281272e-7 6.490679649038858e8
6.812276214833701e-7 6.503047892607331e8
6.822250639386131e-7 6.515235404635017e8
6.83222506393856e-7 6.527242000618416e8
6.84219948849099e-7 6.539067512362862e8
6.852173913043419e-7 6.550711787881284e8
6.862148337595849e-7 6.562174691291522e8
6.872122762148278e-7 6.573456102712274e8
6.882097186700707e-7 6.584555918157716e8
6.892071611253137e-7 6.595474049430767e8
6.902046035805566e-7 6.606210424015062e8
6.912020460357996e-7 6.616764984965733e8
6.921994884910425e-7 6.62713769079892e8
6.931969309462855e-7 6.63732851538012e8
6.941943734015284e-7 6.647337447811483e8
6.951918158567714e-7 6.657164492317784e8
6.961892583120143e-7 6.66680966813166e8
6.971867007672573e-7 6.676273009377419e8
6.981841432225002e-7 6.68555456495412e8
6.991815856777432e-7 6.69465439841762e8
7.001790281329861e-7 6.703572587861599e8
7.011764705882291e-7 6.712309225797769e8
7.02173913043472e-7 6.72086441903515e8
7.03171355498715e-7 6.729238288558558e8
7.041687979539579e-7 6.73743096940621e8
7.051662404092008e-7 6.745442610546614e8
7.061636828644438e-7 6.753273374754695e8
7.071611253196867e-7 6.760923438487177e8
7.081585677749297e-7 6.768392991757293e8
7.091560102301726e-7 6.775682238008881e8
7.101534526854156e-7 6.782791393989747e8
7.111508951406585e-7 6.78972068962457e8
7.121483375959015e-7 6.796470367887125e8
7.131457800511444e-7 6.803040684671994e8
7.141432225063874e-7 6.809431908665868e8
7.151406649616303e-7 6.815644321218189e8
7.161381074168733e-7 6.821678216211473e8
7.171355498721162e-7 6.827533899931173e8
7.181329923273592e-7 6.833211690935138e8
7.191304347826021e-7 6.838711919922698e8
7.201278772378451e-7 6.844034929603411e8
7.21125319693088e-7 6.849181074565488e8
7.22122762148331e-7 6.854150721143922e8
7.231202046035739e-7 6.858944247288413e8
7.241176470588168e-7 6.863562042430869e8
7.251150895140598e-7 6.868004507353045e8
7.261125319693027e-7 6.872272054053501e8
7.271099744245457e-7 6.876365105614893e8
7.281074168797886e-7 6.88028409607073e8
7.291048593350316e-7 6.88402947027229e8
7.301023017902745e-7 6.887601683755285e8
7.310997442455175e-7 6.891001202606505e8
7.320971867007604e-7 6.894228503330371e8
7.330946291560034e-7 6.897284072715578e8
7.340920716112463e-7 6.90016840770157e8
7.350895140664893e-7 6.902882015245236e8
7.360869565217322e-7 6.90542541218742e8
7.370843989769752e-7 6.907799125119662e8
7.380818414322181e-7 6.910003690250978e8
7.390792838874611e-7 6.912039653274695e8
7.40076726342704e-7 6.913907569235497e8
7.41074168797947e-7 6.915608002396485e8
7.420716112531899e-7 6.91714152610659e8
7.430690537084328e-7 6.918508722667967e8
7.440664961636758e-7 6.919710183203721e8
7.450639386189187e-7 6.920746507525847e8
7.460613810741617e-7 6.921618304003283e8
7.470588235294046e-7 6.92232618943041e8
7.480562659846476e-7 6.922870788895715e8
7.490537084398905e-7 6.923252735650742e8
7.500511508951335e-7 6.92347267097935e8
7.510485933503764e-7 6.923531244067346e8
7.520460358056194e-7 6.923429111872497e8
7.530434782608623e-7 6.923166938994707e8
7.540409207161053e-7 6.922745397546794e8
7.550383631713482e-7 6.922165167025591e8
7.560358056265912e-7 6.921426934183314e8
7.570332480818341e-7 6.920531392899547e8
7.58030690537077e-7 6.919479244053572e8
7.5902813299232e-7 6.918271195397097e8
7.600255754475629e-7 6.916907961427587e8
7.610230179028059e-7 6.915390263261926e8
7.620204603580488e-7 6.913718828510638e8
7.630179028132918e-7 6.911894391152656e8
7.640153452685347e-7 6.909917691410525e8
7.650127877237777e-7 6.907789475626136e8
7.660102301790206e-7 6.905510496137116e8
7.670076726342636e-7 6.903081511153622e8
7.680051150895065e-7 6.900503284635816e8
7.690025575447495e-7 6.897776586171837e8
7.699999999999924e-7 6.894902190856426e8
