3.8e-7 67.19820836672132
3.8099744245524296e-7 78.15431566227484
3.819948849104859e-7 90.87992257528549
3.8299232736572886e-7 105.65821764434622
3.839897698209718e-7 122.8173121773744
3.8498721227621475e-7 142.7373059720952
3.859846547314577e-7 165.85845527927188
3.8698209718670064e-7 192.6906136007024
3.879795396419436e-7 223.8241421155712
3.8897698209718654e-7 259.9425167253399
3.899744245524295e-7 301.8368935036456
3.9097186700767243e-7 350.4229344295062
3.919693094629154e-7 406.76024146980853
3.9296675191815833e-7 472.074800280997
3.939641943734013e-7 547.7848960785922
3.949616368286442e-7 635.5310347937933
3.9595907928388717e-7 737.2104838984051
3.969565217391301e-7 855.0171408413477
3.9795396419437306e-7 991.4875447514089
3.98951406649616e-7 1149.5539710472754
3.9994884910485896e-7 1332.6056912997985
4.009462915601019e-7 1544.5596449201935
4.0194373401534485e-7 1789.9419582267553
4.029411764705878e-7 2073.981963877321
4.0393861892583075e-7 2402.7206238018975
4.049360613810737e-7 2783.135546520125
4.0593350383631664e-7 3223.285120696625
4.069309462915596e-7 3732.4746674251355
4.0792838874680254e-7 4321.4479514448785
4.089258312020455e-7 5002.607894784728
4.0992327365728843e-7 5790.270914966896
4.109207161125314e-7 6700.959975088706
4.119181585677743e-7 7753.742197707304
4.1291560102301727e-7 8970.6177732428
4.139130434782602e-7 10376.967903539638
4.1491048593350317e-7 12002.070681732475
4.159079283887461e-7 13879.695142965691
4.1690537084398906e-7 16048.785252421207
4.17902813299232e-7 18554.247356889868
4.1890025575447495e-7 21447.856647469733
4.198976982097179e-7 24789.30050254705
4.2089514066496085e-7 28647.379246325192
4.218925831202038e-7 33101.38791966633
4.2289002557544674e-7 38242.70617517414
4.238874680306897e-7 44176.62744412611
4.2488491048593264e-7 51024.463155682795
4.258823529411756e-7 58925.963106616146
4.2687979539641853e-7 68042.09918330109
4.278772378516615e-7 78558.2666423485
4.2887468030690443e-7 90834.67690260893
4.298721227621474e-7 106211.01553125888
4.308695652173903e-7 124174.32739615586
4.3186700767263327e-7 145157.28325471218
4.328644501278762e-7 169664.50484932982
4.3386189258311916e-7 198284.4640185636
4.348593350383621e-7 231703.33918208076
4.3585677749360506e-7 270721.1495276346
4.36854219948848e-7 316270.5393906528
4.3785166240409095e-7 369438.64593288436
4.388491048593339e-7 431492.55365958886
4.3984654731457685e-7 503908.92114756844
4.408439897698198e-7 588408.460425658
4.4184143222506274e-7 686996.0598863652
4.428388746803057e-7 802007.4698851688
4.4383631713554863e-7 936163.6191716433
4.448337595907916e-7 1.0926338033227036e6
4.4583120204603453e-7 1.275109187274196e6
4.468286445012775e-7 1.4878882973513573e6
4.478260869565204e-7 1.7359764490765587e6
4.4882352941176337e-7 2.025201371508336e6
4.498209718670063e-7 2.3623476539262114e6
4.5081841432224926e-7 2.755313064422299e6
4.518158567774922e-7 3.2132902817869713e6
4.5281329923273516e-7 3.7469781528733987e6
4.538107416879781e-7 4.368827250019587e6
4.5480818414322105e-7 5.093325271734634e6
4.55805626598464e-7 5.937328721682945e6
4.5680306905370695e-7 6.92044833569068e6
4.578005115089499e-7 8.065496926843616e6
4.5879795396419284e-7 9.399009711155122e6
4.597953964194358e-7 1.0951848791364085e7
4.6079283887467874e-7 1.2759905349635215e7
4.617902813299217e-7 1.486491527237232e7
4.6278772378516463e-7 1.7315406449614078e7
4.637851662404076e-7 2.016779891271586e7
4.647826086956505e-7 2.3487682361106213e7
4.6578005115089347e-7 2.7351299555836998e7
4.667774936061364e-7 3.1847268610124014e7
4.6777493606137937e-7 3.7078582484354764e7
4.687723785166223e-7 4.3164930110056855e7
4.6976982097186526e-7 5.0245390657190695e7
4.707672634271082e-7 5.84815606759499e7
4.7176470588235116e-7 6.806118336648417e7
4.727621483375941e-7 7.92023602641834e7
4.7375959079283705e-7 9.215843841353874e7
4.7475703324808e-7 1.0722368091698857e8
4.7575447570332294e-7 1.247398459070269e8
4.767519181585659e-7 1.4510381887110168e8
4.777493606138089e-7 1.634721637450597e8
4.787468030690518e-7 1.6732630063403466e8
4.797442455242948e-7 1.7125550046234557e8
4.807416879795377e-7 1.7526089445937198e8
4.817391304347807e-7 1.793436253127553e8
4.827365728900236e-7 1.835048472137007e8
4.837340153452666e-7 1.8774572590187296e8
4.847314578005095e-7 1.920674387098881e8
4.857289002557525e-7 1.9647117460740465e8
4.867263427109954e-7 2.0095813424480745e8
4.877237851662384e-7 2.0552952999648827e8
4.887212276214813e-7 2.1018658600371897e8
4.897186700767243e-7 2.1493053821712095e8
4.907161125319672e-7 2.197626344387343e8
4.917135549872102e-7 2.246841343636725e8
4.927109974424531e-7 2.296963096213802e8
4.93708439897696e-7 2.3480044381648326e8
4.94705882352939e-7 2.399978325692327e8
4.957033248081819e-7 2.4528978355555058e8
4.967007672634249e-7 2.506776165466611e8
4.976982097186678e-7 2.561626634483348e8
4.986956521739108e-7 2.6174626833971015e8
4.996930946291537e-7 2.674297875117332e8
5.006905370843967e-7 2.732145895051828e8
5.016879795396396e-7 2.7910205514829516e8
5.026854219948826e-7 2.8509357759399945e8
5.036828644501255e-7 2.911905623567408e8
5.046803069053685e-7 2.973944273489158e8
5.056777493606114e-7 3.0370660291690654e8
5.066751918158544e-7 3.101285318767183e8
5.076726342710973e-7 3.1666166954922444e8
5.086700767263403e-7 3.233074837950153e8
5.096675191815832e-7 3.300674550488594e8
5.106649616368261e-7 3.369430763537668e8
5.116624040920691e-7 3.4393585339466876e8
5.12659846547312e-7 3.510473045317074e8
5.13657289002555e-7 3.5827896083313143e8
5.146547314577979e-7 3.6563236610782504e8
5.156521739130409e-7 3.7310907693742883e8
5.166496163682838e-7 3.8071066270809835e8
5.176470588235268e-7 3.8843870564187205e8
5.186445012787697e-7 3.962948008276615e8
5.196419437340127e-7 4.0428055625187093e8
5.206393861892556e-7 4.123975928286307e8
5.216368286444986e-7 4.2064754442966783e8
5.226342710997415e-7 4.2903205791380143e8
5.236317135549845e-7 4.375527931560661e8
5.246291560102274e-7 4.462114230764669e8
5.256265984654704e-7 4.5500963366837955e8
5.266240409207133e-7 4.589617720379995e8
5.276214833759563e-7 4.546523009282842e8
5.286189258311992e-7 4.5035239751154065e8
5.296163682864421e-7 4.460627344454951e8
5.306138107416851e-7 4.417839695386826e8
5.31611253196928e-7 4.3751674580187714e8
5.32608695652171e-7 4.332616915054907e8
5.336061381074139e-7 4.290194202427503e8
5.346035805626569e-7 4.24790530998457e8
5.356010230178998e-7 4.2057560822315973e8
5.365984654731428e-7 4.163752219125411e8
5.375959079283857e-7 4.121899276918392e8
5.385933503836287e-7 4.0802026690513104e8
5.395907928388716e-7 4.0386676670928836e8
5.405882352941146e-7 3.997299401724321e8
5.415856777493575e-7 3.956102863767189e8
5.425831202046005e-7 3.9150829052527094e8
5.435805626598434e-7 3.874244240531003e8
5.445780051150864e-7 3.833591447418319e8
5.455754475703293e-7 3.7931289683809e8
5.465728900255722e-7 3.7528611117536455e8
5.475703324808152e-7 3.7127920529919857e8
5.485677749360581e-7 3.672925835955453e8
5.495652173913011e-7 3.633266374221405e8
5.50562659846544e-7 3.59381745242718e8
5.51560102301787e-7 3.554582727639504e8
5.525575447570299e-7 3.515565730749323e8
5.535549872122729e-7 3.4767698678908664e8
5.545524296675158e-7 3.4381984218833894e8
5.555498721227588e-7 3.399854553694176e8
5.565473145780017e-7 3.3617413039215994e8
5.575447570332447e-7 3.323861594296617e8
5.585421994884876e-7 3.286218229201705e8
5.595396419437306e-7 3.248813897205608e8
5.605370843989735e-7 3.211651172612941e8
5.615345268542165e-7 3.1747325170272887e8
5.625319693094594e-7 3.1380602809264535e8
5.635294117647023e-7 3.101636705248944e8
5.645268542199453e-7 3.0654639229903585e8
5.655242966751882e-7 3.029543960808644e8
5.665217391304312e-7 2.993878740637028e8
5.675191815856741e-7 2.958470081303688e8
5.685166240409171e-7 2.923319700156964e8
5.6951406649616e-7 2.8884292146953255e8
5.70511508951403e-7 2.853800144200808e8
5.715089514066459e-7 2.819433911375223e8
5.725063938618889e-7 2.7853318439781e8
5.735038363171318e-7 2.751495176465441e8
5.745012787723748e-7 2.7179250516283906e8
5.754987212276177e-7 2.749594726767524e8
5.764961636828607e-7 2.848803578334584e8
5.774936061381036e-7 2.9514375633609223e8
5.784910485933466e-7 3.0576099889947176e8
5.794884910485895e-7 3.16743776094122e8
5.804859335038325e-7 3.281041493450868e8
5.814833759590754e-7 3.398545622551922e8
5.824808184143183e-7 3.520078522620146e8
5.834782608695613e-7 3.645772626380833e8
5.844757033248042e-7 3.775764548441088e8
5.854731457800472e-7 3.9101952124528253e8
5.864705882352901e-7 4.0492099820098984e8
5.874680306905331e-7 4.192958795385639e8
5.88465473145776e-7 4.341596304219824e8
5.89462915601019e-7 4.495282016267363e8
5.904603580562619e-7 4.654180442323883e8
5.914578005115049e-7 4.8184612474467146e8
5.924552429667478e-7 4.98829940659298e8
5.934526854219908e-7 5.163875364799727e8
5.944501278772337e-7 5.3453752020349073e8
5.954475703324767e-7 5.532990802850844e8
5.964450127877196e-7 5.726920030976145e8
5.974424552429626e-7 5.927366908985481e8
5.984398976982055e-7 6.134541803189976e8
5.994373401534484e-7 6.348661613896374e8
6.004347826086914e-7 6.569949971184828e8
6.014322250639343e-7 6.79863743636184e8
6.024296675191773e-7 7.034961709247282e8
6.034271099744202e-7 7.279167841459515e8
6.044245524296632e-7 7.53150845586741e8
6.054219948849061e-7 7.792243972381743e8
6.064194373401491e-7 8.061642840264367e8
6.07416879795392e-7 8.339981777137126e8
6.08414322250635e-7 8.627546014878701e8
6.094117647058779e-7 8.924629552601852e8
6.104092071611209e-7 9.231535416908818e8
6.114066496163638e-7 9.548575929628628e8
6.124040920716068e-7 9.876072983245159e8
6.134015345268497e-7 1.0214358324230032e9
6.143989769820927e-7 1.0563773844501548e9
6.153964194373356e-7 1.092467188123539e9
6.163938618925785e-7 1.1297415525259895e9
6.173913043478215e-7 1.168237893827499e9
6.183887468030644e-7 1.2079947679139454e9
6.193861892583074e-7 1.2490519039479349e9
6.203836317135503e-7 1.2914502388875587e9
6.213810741687933e-7 1.3352319529897418e9
6.223785166240362e-7 1.3804405063253233e9
6.233759590792792e-7 1.4271206763341317e9
6.243734015345221e-7 1.3468052782772117e9
6.253708439897651e-7 1.2033238346000488e9
6.26368286445008e-7 1.0750842935807557e9
6.27365728900251e-7 9.60472401969146e8
6.283631713554939e-7 8.580443281113565e8
6.293606138107369e-7 7.665087301529841e8
6.303580562659798e-7 6.847107043752639e8
6.313554987212228e-7 6.116174172689857e8
6.323529411764657e-7 5.4630524538493e8
6.333503836317087e-7 4.879482653165126e8
6.343478260869516e-7 4.358079525884937e8
6.353452685421945e-7 3.89223962940891e8
6.363427109974375e-7 3.4760588268556976e8
6.373401534526804e-7 3.1042584663205856e8
6.383375959079234e-7 2.7721193267052305e8
6.393350383631663e-7 2.475422515905533e8
6.403324808184093e-7 2.2103965921825022e8
6.413299232736522e-7 1.9736702557334146e8
6.423273657288952e-7 1.762230025743028e8
6.433248081841381e-7 1.573382379348489e8
6.443222506393811e-7 1.4047198837348664e8
6.45319693094624e-7 1.2540909016514593e8
6.46317135549867e-7 1.1195724945944743e8
6.473145780051099e-7 9.99446187271874e7
6.483120204603529e-7 8.92176292226521e7
6.493094629155958e-7 7.963905250722915e7
6.503069053708388e-7 7.108626690768436e7
6.513043478260817e-7 6.344970731482239e7
6.523017902813246e-7 5.663147899576108e7
6.532992327365676e-7 5.054411812334816e7
6.542966751918105e-7 4.510948354403206e7
6.552941176470535e-7 4.025776593294051e7
6.562915601022964e-7 3.59266019418628e7
6.572890025575394e-7 3.206028225007681e7
6.582864450127823e-7 2.8609043595446896e7
6.592838874680253e-7 2.5528435908240616e7
6.602813299232682e-7 2.2778756605449796e7
6.612787723785112e-7 2.032454494054922e7
6.622762148337541e-7 1.813413005282776e7
6.632736572889971e-7 1.6179227030910516e7
6.6427109974424e-7 1.4434575905080283e7
6.65268542199483e-7 1.2877619019896302e7
6.662659846547259e-7 1.1488212719007252e7
6.672634271099689e-7 1.0248369703886516e7
6.682608695652118e-7 9.142028812785106e6
6.692583120204548e-7 8.154849310250602e6
6.702557544756977e-7 7.274027085353656e6
6.712531969309406e-7 6.488130432102656e6
6.722506393861836e-7 5.7869533318249695e6
6.732480818414265e-7 4.707086123381372e6
6.742455242966695e-7 3.7128052432578816e6
6.752429667519124e-7 2.928452179018103e6
6.762404092071554e-7 2.309724130022324e6
6.772378516623983e-7 1.8216635023203015e6
6.782352941176413e-7 1.436687577081507e6
6.792327365728842e-7 1.1330333991831876e6
6.802301790281272e-7 893530.4274259557
6.812276214833701e-7 704631.9000754033
6.822250639386131e-7 555650.4074155146
6.83222506393856e-7 438154.6415226226
6.84219948849099e-7 345493.3560428127
6.852173913043419e-7 272419.7236152797
6.862148337595849e-7 214794.92710397372
6.872122762148278e-7 169354.27995218636
6.882097186700707e-7 133522.6910676572
6.892071611253137e-7 105269.06833643728
6.902046035805566e-7 82991.44822714281
6.912020460357996e-7 65426.370219563374
6.921994884910425e-7 51577.381275876236
6.931969309462855e-7 40658.63409335896
6.941943734015284e-7 32050.39408780237
6.951918158567714e-7 25263.941841348584
6.961892583120143e-7 19913.887909598117
6.971867007672573e-7 15696.335262494518
6.981841432225002e-7 12371.654788742017
6.991815856777432e-7 9750.89981932737
7.001790281329861e-7 7685.0911998257725
7.011764705882291e-7 6056.766648753201
7.02173913043472e-7 4773.316124230462
7.03171355498715e-7 3761.725900502856
7.041687979539579e-7 2964.433725116392
7.051662404092008e-7 2336.0602818025945
7.061636828644438e-7 1840.831770686518
7.071611253196867e-7 1450.5475356336574
7.081585677749297e-7 1142.9775273727923
7.091560102301726e-7 900.5987335470402
7.101534526854156e-7 709.5989084397329
7.111508951406585e-7 559.0910810159629
7.121483375959015e-7 440.4942663576004
7.131457800511444e-7 347.04522810540334
7.141432225063874e-7 273.4135711364125
7.151406649616303e-7 215.39830487864828
7.161381074168733e-7 169.68864011425885
7.171355498721162e-7 133.6754275278025
7.181329923273592e-7 105.30252104414109
7.191304347826021e-7 82.94961600312858
7.201278772378451e-7 65.33989987711081
7.21125319693088e-7 51.46726286248957
7.22122762148331e-7 38.32187434336962
7.231202046035739e-7 28.304903245282105
7.241176470588168e-7 20.905727029539204
7.251150895140598e-7 15.440366075897218
7.261125319693027e-7 11.403513332491857
7.271099744245457e-7 8.421870680855259
7.281074168797886e-7 6.2196696966046785
7.291048593350316e-7 4.593196031059332
7.301023017902745e-7 3.3919668033469317
7.310997442455175e-7 2.5048239380805
7.320971867007604e-7 1.8496598207360055
7.330946291560034e-7 1.3658267431208466
7.340920716112463e-7 1.0085292509372756
7.350895140664893e-7 0.7446815063035956
7.360869565217322e-7 0.5498470083419817
7.370843989769752e-7 0.40597794181797753
7.380818414322181e-7 0.29974526159050285
7.390792838874611e-7 0.22130517917154005
7.40076726342704e-7 0.16338802973790165
7.41074168797947e-7 0.12062528274842506
7.420716112531899e-7 0.08905246541113225
7.430690537084328e-7 0.06574202669132861
7.440664961636758e-7 0.04853218121918507
7.450639386189187e-7 0.035826646380164764
7.460613810741617e-7 0.026446741531496117
7.470588235294046e-7 0.01952216118629848
7.480562659846476e-7 0.014410311531614688
7.490537084398905e-7 0.01063674234919062
7.500511508951335e-7 0.007851158509261368
7.510485933503764e-7 0.005794937140132925
7.520460358056194e-7 0.004277141641158019
7.530434782608623e-7 0.0031568103823477298
7.540409207161053e-7 0.0023298789711475813
7.550383631713482e-7 0.0017195241088592184
7.560358056265912e-7 0.001269034006206114
7.570332480818341e-7 0.0009365444058310025
7.58030690537077e-7 0.000691152131417192
7.5902813299232e-7 0.0005100457495135268
7.600255754475629e-7 0.0003763872097207986
7.610230179028059e-7 0.00027774795108320336
7.620204603580488e-7 0.00020495437478710275
7.630179028132918e-7 0.0001512355475141366
7.640153452685347e-7 0.00011159403294870747
7.650127877237777e-7 0.00008234144836443228
7.660102301790206e-7 0.000060755627100143884
7.670076726342636e-7 0.00004482755265747826
7.680051150895065e-7 0.00003307456221564471
7.690025575447495e-7 0.000024402469070093068
7.699999999999924e-7 0.00001800379530864075
