3.8e-7 113343.1962344075
3.8099744245524296e-7 104324.91140534397
3.819948849104859e-7 96006.426934414
3.8299232736572886e-7 88335.0252196433
3.839897698209718e-7 81261.81991412288
3.8498721227621475e-7 74741.48973500667
3.859846547314577e-7 68732.02970687566
3.8698209718670064e-7 63194.5187888128
3.879795396419436e-7 58092.902889969155
3.8897698209718654e-7 53393.79233165182
3.899744245524295e-7 49066.272864960345
3.9097186700767243e-7 45081.72940183359
3.919693094629154e-7 41413.68166406477
3.9296675191815833e-7 38037.63099943532
3.939641943734013e-7 34930.917656666876
3.949616368286442e-7 32072.587851442517
3.9595907928388717e-7 29443.269994366234
3.969565217391301e-7 27025.05948845874
3.9795396419437306e-7 24801.411538698965
3.98951406649616e-7 22757.041449273533
3.9994884910485896e-7 20877.831915645438
4.009462915601019e-7 19150.74684837007
4.0194373401534485e-7 17563.751293830286
4.029411764705878e-7 16105.73704379223
4.0393861892583075e-7 14766.453550964943
4.049360613810737e-7 13536.443791643893
4.0593350383631664e-7 12406.984739081463
4.069309462915596e-7 11370.032132528395
4.0792838874680254e-7 10418.169246975764
4.089258312020455e-7 9544.55938756022
4.0992327365728843e-7 8742.901850430766
4.109207161125314e-7 8007.391108662257
4.119181585677743e-7 7332.6789975966185
4.1291560102301727e-7 6713.839688843349
4.139130434782602e-7 6146.337256126571
4.1491048593350317e-7 5625.995649273806
4.159079283887461e-7 5148.970904944159
4.1690537084398906e-7 4711.72543423719
4.17902813299232e-7 4311.004238147309
4.1890025575447495e-7 3943.812911972211
4.198976982097179e-7 3607.3973092871693
4.2089514066496085e-7 3299.2247449931415
4.218925831202038e-7 3016.9666252737875
4.2289002557544674e-7 2758.482400084275
4.238874680306897e-7 2521.804741077175
4.2488491048593264e-7 2305.125854675866
4.258823529411756e-7 2106.7848463634305
4.2687979539641853e-7 1925.2560581906607
4.278772378516615e-7 1759.1383070473678
4.2887468030690443e-7 1678.3472647837998
4.298721227621474e-7 2168.677966263019
4.308695652173903e-7 2801.9003038792903
4.3186700767263327e-7 3619.553913024509
4.328644501278762e-7 4675.225561412762
4.3386189258311916e-7 6038.034897916754
4.348593350383621e-7 7797.126496846193
4.3585677749360506e-7 10067.458063377357
4.36854219948848e-7 12997.257982983094
4.3785166240409095e-7 16777.632612857407
4.388491048593339e-7 21654.94166719645
4.3984654731457685e-7 27946.737535741508
4.408439897698198e-7 36062.292702592946
4.4184143222506274e-7 46529.0331335527
4.428388746803057e-7 60026.57325530307
4.4383631713554863e-7 77430.53396612633
4.448337595907916e-7 99868.94984695787
4.4583120204603453e-7 128794.87502582841
4.468286445012775e-7 166079.82992204351
4.478260869565204e-7 214134.05879433957
4.4882352941176337e-7 276061.27469799377
4.498209718670063e-7 355857.76209083956
4.5081841432224926e-7 458668.5265921163
4.518158567774922e-7 591116.8043843262
4.5281329923273516e-7 761727.8991533455
4.538107416879781e-7 981474.2959376884
4.5480818414322105e-7 1.2644766858276604e6
4.55805626598464e-7 1.6289054071422762e6
4.5680306905370695e-7 2.0981394888519864e6
4.578005115089499e-7 2.702256768142849e6
4.5879795396419284e-7 3.4799494697447564e6
4.597953964194358e-7 4.480986493636898e6
4.6079283887467874e-7 5.769378145763187e6
4.617902813299217e-7 7.42744332652258e6
4.6278772378516463e-7 9.56103603936532e6
4.637851662404076e-7 1.2306261057382124e7
4.647826086956505e-7 1.5838102256898671e7
4.6578005115089347e-7 2.0381507352727182e7
4.667774936061364e-7 2.6225627064676527e7
4.6777493606137937e-7 3.374210474703302e7
4.687723785166223e-7 4.3408566581704795e7
4.6976982097186526e-7 5.5838788420571424e7
4.707672634271082e-7 7.182143358504197e7
4.7176470588235116e-7 9.236979244558917e7
4.727621483375941e-7 1.1878564281346336e8
4.7375959079283705e-7 1.5274123289967418e8
4.7475703324808e-7 1.963845207182518e8
4.7575447570332294e-7 2.524742556792763e8
4.767519181585659e-7 3.245533498905679e8
4.777493606138089e-7 3.909715286061098e8
4.787468030690518e-7 3.8766423157493716e8
4.797442455242948e-7 3.843494404268818e8
4.807416879795377e-7 3.810280507491883e8
4.817391304347807e-7 3.777009446163562e8
4.827365728900236e-7 3.7436899044780844e8
4.837340153452666e-7 3.710330428772098e8
4.847314578005095e-7 3.676939426332272e8
4.857289002557525e-7 3.643525164315065e8
4.867263427109954e-7 3.610095768776331e8
4.877237851662384e-7 3.576659223808617e8
4.887212276214813e-7 3.543223370783692e8
4.897186700767243e-7 3.509795907698083e8
4.907161125319672e-7 3.4763843886193484e8
4.917135549872102e-7 3.442996223230488e8
4.927109974424531e-7 3.409638676470407e8
4.93708439897696e-7 3.3763188682679087e8
4.94705882352939e-7 3.343043773366788e8
4.957033248081819e-7 3.309820221239866e8
4.967007672634249e-7 3.276654896089269e8
4.976982097186678e-7 3.243554336930907e8
4.986956521739108e-7 3.210524937760422e8
4.996930946291537e-7 3.177572947798598e8
5.006905370843967e-7 3.1447044718135804e8
5.016879795396396e-7 3.1119254705176264e8
5.026854219948826e-7 3.079241761036194e8
5.036828644501255e-7 3.0466590174467903e8
5.046803069053685e-7 3.014182771385483e8
5.056777493606114e-7 2.9818184127186227e8
5.066751918158544e-7 2.949571190277617e8
5.076726342710973e-7 2.9174462126543725e8
5.086700767263403e-7 2.8854484490552986e8
5.096675191815832e-7 2.8535827302115595e8
5.106649616368261e-7 2.821853749343396e8
5.116624040920691e-7 2.790266063176406e8
5.12659846547312e-7 2.758824093007601e8
5.13657289002555e-7 2.7275321258190614e8
5.146547314577979e-7 2.696394315437305e8
5.156521739130409e-7 2.665414683736029e8
5.166496163682838e-7 2.6345971218804735e8
5.176470588235268e-7 2.6039453916112068e8
5.186445012787697e-7 2.573463126565508e8
5.196419437340127e-7 2.5431538336343035e8
5.206393861892556e-7 2.5130208943528518e8
5.216368286444986e-7 2.483067566323273e8
5.226342710997415e-7 2.45329698466705e8
5.236317135549845e-7 2.4237121635057974e8
5.246291560102274e-7 2.3943159974684244e8
5.256265984654704e-7 2.3651112632230866e8
5.266240409207133e-7 2.3636706021280876e8
5.276214833759563e-7 2.4087110933704695e8
5.286189258311992e-7 2.454441457787571e8
5.296163682864421e-7 2.5008694457410726e8
5.306138107416851e-7 2.5480028578036982e8
5.31611253196928e-7 2.5958495447431034e8
5.32608695652171e-7 2.6444174075037876e8
5.336061381074139e-7 2.6937143971870697e8
5.346035805626569e-7 2.743748515029163e8
5.356010230178998e-7 2.794527812377344e8
5.365984654731428e-7 2.8460603906642836e8
5.375959079283857e-7 2.8983544013804847e8
5.385933503836287e-7 2.951418046044902e8
5.395907928388716e-7 3.0052595761737883e8
5.405882352941146e-7 3.059887293247659e8
5.415856777493575e-7 3.1153095486765563e8
5.425831202046005e-7 3.17153474376352e8
5.435805626598434e-7 3.228571329666365e8
5.445780051150864e-7 3.2864278073576653e8
5.455754475703293e-7 3.3451127275830907e8
5.465728900255722e-7 3.4046346908181053e8
5.475703324808152e-7 3.465002347222907e8
5.485677749360581e-7 3.526224396595802e8
5.495652173913011e-7 3.58830958832498e8
5.50562659846544e-7 3.651266721338574e8
5.51560102301787e-7 3.7151046440533215e8
5.525575447570299e-7 3.779832254321469e8
5.535549872122729e-7 3.8454584993763155e8
5.545524296675158e-7 3.911992375776104e8
5.555498721227588e-7 3.9794429293464845e8
5.565473145780017e-7 4.047819255121496e8
5.575447570332447e-7 4.117130497283039e8
5.585421994884876e-7 4.18738584909901e8
5.595396419437306e-7 4.258594552859844e8
5.605370843989735e-7 4.330765899813863e8
5.615345268542165e-7 4.403909230101134e8
5.625319693094594e-7 4.478033932685934e8
5.635294117647023e-7 4.553149445287943e8
5.645268542199453e-7 4.629265254312116e8
5.655242966751882e-7 4.706390894777246e8
5.665217391304312e-7 4.7845359502431905e8
5.675191815856741e-7 4.86371005273696e8
5.685166240409171e-7 4.943922882677392e8
5.6951406649616e-7 5.025184168798836e8
5.70511508951403e-7 5.107503688073413e8
5.715089514066459e-7 5.19089126563221e8
5.725063938618889e-7 5.2753567746853113e8
5.735038363171318e-7 5.360910136440687e8
5.745012787723748e-7 5.447561320021911e8
5.754987212276177e-7 5.494323587684399e8
5.764961636828607e-7 5.500155487085922e8
5.774936061381036e-7 5.505705465901933e8
5.784910485933466e-7 5.510974180090418e8
5.794884910485895e-7 5.515962324104794e8
5.804859335038325e-7 5.520670630375091e8
5.814833759590754e-7 5.525099868785754e8
5.824808184143183e-7 5.529250846149937e8
5.834782608695613e-7 5.533124405680729e8
5.844757033248042e-7 5.536721426459616e8
5.854731457800472e-7 5.540042822902066e8
5.864705882352901e-7 5.543089544220763e8
5.874680306905331e-7 5.545862573886522e8
5.88465473145776e-7 5.548362929087226e8
5.89462915601019e-7 5.550591660184779e8
5.904603580562619e-7 5.552549850170516e8
5.914578005115049e-7 5.5542386141191e8
5.924552429667478e-7 5.555659098641204e8
5.934526854219908e-7 5.55681248133496e8
5.944501278772337e-7 5.55769997023683e8
5.954475703324767e-7 5.558322803271402e8
5.964450127877196e-7 5.558682247700957e8
5.974424552429626e-7 5.558779599574577e8
5.984398976982055e-7 5.558616183176949e8
5.994373401534484e-7 5.558193350477566e8
6.004347826086914e-7 5.557512480579603e8
6.014322250639343e-7 5.556574979169518e8
6.024296675191773e-7 5.555382277967008e8
6.034271099744202e-7 5.553935834175487e8
6.044245524296632e-7 5.552237129933739e8
6.054219948849061e-7 5.550287671768138e8
6.064194373401491e-7 5.548088990046296e8
6.07416879795392e-7 5.545642638431785e8
6.08414322250635e-7 5.542950193340355e8
6.094117647058779e-7 5.540013253397738e8
6.104092071611209e-7 5.536833438899014e8
6.114066496163638e-7 5.533412391269907e8
6.124040920716068e-7 5.529751772530078e8
6.134015345268497e-7 5.525853264758273e8
6.143989769820927e-7 5.521718569560003e8
6.153964194373356e-7 5.517349407537262e8
6.163938618925785e-7 5.512747517760863e8
6.173913043478215e-7 5.50791465724532e8
6.183887468030644e-7 5.5028526004263e8
6.193861892583074e-7 5.497563138641033e8
6.203836317135503e-7 5.492048079611439e8
6.213810741687933e-7 5.486309246930443e8
6.223785166240362e-7 5.480348479551169e8
6.233759590792792e-7 5.474167631279517e8
6.243734015345221e-7 5.507377174905072e8
6.253708439897651e-7 5.564607899061936e8
6.26368286445008e-7 5.622204058935528e8
6.27365728900251e-7 5.680165844680212e8
6.283631713554939e-7 5.738493431010153e8
6.293606138107369e-7 5.79718697720952e8
6.303580562659798e-7 5.856246627143959e8
6.313554987212228e-7 5.915672509273372e8
6.323529411764657e-7 5.97546473666601e8
6.333503836317087e-7 6.03562340701389e8
6.343478260869516e-7 6.096148602649422e8
6.353452685421945e-7 6.1570403905633e8
6.363427109974375e-7 6.218298822423679e8
6.373401534526804e-7 6.279923934596658e8
6.383375959079234e-7 6.341915748167796e8
6.393350383631663e-7 6.404274268965046e8
6.403324808184093e-7 6.466999487582831e8
6.413299232736522e-7 6.530091379407179e8
6.423273657288952e-7 6.593549904642316e8
6.433248081841381e-7 6.657375008338176e8
6.443222506393811e-7 6.721566620419132e8
6.45319693094624e-7 6.786124655713987e8
6.46317135549867e-7 6.851049013986975e8
6.473145780051099e-7 6.916339579969939e8
6.483120204603529e-7 6.981996223395547e8
6.493094629155958e-7 7.048018799031738e8
6.503069053708388e-7 7.114407146717126e8
6.513043478260817e-7 7.181161091397572e8
6.523017902813246e-7 7.248280443163688e8
6.532992327365676e-7 7.315764997289565e8
6.542966751918105e-7 7.383614534272416e8
6.552941176470535e-7 7.451828819873248e8
6.562915601022964e-7 7.520407605158564e8
6.572890025575394e-7 7.589350626543185e8
6.582864450127823e-7 7.658657605833746e8
6.592838874680253e-7 7.728328250273575e8
6.602813299232682e-7 7.798362252588141e8
6.612787723785112e-7 7.868759291031784e8
6.622762148337541e-7 7.939519029435179e8
6.632736572889971e-7 8.010641117253735e8
6.6427109974424e-7 8.08212518961703e8
6.65268542199483e-7 8.153970867379061e8
6.662659846547259e-7 8.226177757169349e8
6.672634271099689e-7 8.298745451445014e8
6.682608695652118e-7 8.37167352854363e8
6.692583120204548e-7 8.444961552737e8
6.702557544756977e-7 8.518609074285709e8
6.712531969309406e-7 8.592615629494547e8
6.722506393861836e-7 8.666980740768793e8
6.732480818414265e-7 7.22284576422901e8
6.742455242966695e-7 5.648140344324676e8
6.752429667519124e-7 4.416605016153381e8
6.762404092071554e-7 3.453485608311374e8
6.772378516623983e-7 2.700304936083783e8
6.782352941176413e-7 2.1113202043963933e8
6.792327365728842e-7 1.6507510927114296e8
6.802301790281272e-7 1.2906109385792086e8
6.812276214833701e-7 1.0090098603067264e8
6.822250639386131e-7 7.888271700978969e7
6.83222506393856e-7 6.166727452546152e7
6.84219948849099e-7 4.820744918916083e7
6.852173913043419e-7 3.7684270638959564e7
6.862148337595849e-7 2.9457283910735235e7
6.872122762148278e-7 2.3025653826853875e7
6.882097186700707e-7 1.7997740481949303e7
6.892071611253137e-7 1.4067301704485549e7
6.902046035805566e-7 1.0994879651969086e7
6.912020460357996e-7 8.59324269830601e6
6.921994884910425e-7 6.715999468296308e6
6.931969309462855e-7 5.248694117929456e6
6.941943734015284e-7 4.101842373691644e6
6.951918158567714e-7 3.205485526735753e6
6.961892583120143e-7 2.5049316481219325e6
6.971867007672573e-7 1.95742532112652e6
6.981841432225002e-7 1.5295435360422574e6
6.991815856777432e-7 1.1951594739352118e6
7.001790281329861e-7 933850.3883745436
7.011764705882291e-7 729652.7673275227
7.02173913043472e-7 570089.0558388776
7.03171355498715e-7 445406.7227520526
7.041687979539579e-7 347983.3622291027
7.051662404092008e-7 271861.61605775275
7.061636828644438e-7 212385.598168372
7.071611253196867e-7 165916.6775617255
7.081585677749297e-7 129611.30479441765
7.091560102301726e-7 101247.34349162344
7.101534526854156e-7 79088.3214123727
7.111508951406585e-7 61777.324784662014
7.121483375959015e-7 48254.06528103406
7.131457800511444e-7 37690.060875295254
7.141432225063874e-7 29437.975749971294
7.151406649616303e-7 22992.02754897012
7.161381074168733e-7 17957.04509674943
7.171355498721162e-7 14024.287296175598
7.181329923273592e-7 10952.546383641984
7.191304347826021e-7 8553.381172844734
7.201278772378451e-7 6679.5779938989635
7.21125319693088e-7 5216.134086472261
7.22122762148331e-7 5375.940181496255
7.231202046035739e-7 5764.551165507237
7.241176470588168e-7 6181.09242387789
7.251150895140598e-7 6627.56038506588
7.261125319693027e-7 7106.093437197899
7.271099744245457e-7 7618.981972340109
7.281074168797886e-7 8168.67913809286
7.291048593350316e-7 8757.812346096933
7.301023017902745e-7 9389.195590499252
7.310997442455175e-7 10065.84263312843
7.320971867007604e-7 10790.981116089868
7.330946291560034e-7 11568.067666724603
7.340920716112463e-7 12400.804064404694
7.350895140664893e-7 13293.154543481425
7.360869565217322e-7 14249.364311881553
7.370843989769752e-7 15273.979370386764
7.380818414322181e-7 16371.867723553929
7.390792838874611e-7 17548.242079569292
7.40076726342704e-7 18808.684143102386
7.41074168797947e-7 20159.170612470487
7.420716112531899e-7 21606.101000169176
7.430690537084328e-7 23156.32740410768
7.440664961636758e-7 24817.186365745158
7.450639386189187e-7 26596.532960793043
7.460613810741617e-7 28502.777278276535
7.470588235294046e-7 30544.923454575302
7.480562659846476e-7 32732.611440640307
7.490537084398905e-7 35076.161692963215
7.500511508951335e-7 37586.622992109435
7.510485933503764e-7 40275.82360677785
7.520460358056194e-7 43156.42603647875
7.530434782608623e-7 46241.985582097695
7.540409207161053e-7 49547.01301090957
7.550383631713482e-7 53087.04160109412
7.560358056265912e-7 56878.698870572814
7.570332480818341e-7 60939.78331612133
7.58030690537077e-7 65289.346511304306
7.5902813299232e-7 69947.7809359299
7.600255754475629e-7 74936.91393554855
7.610230179028059e-7 80280.10823711561
7.620204603580488e-7 86002.3694764528
7.630179028132918e-7 92130.46122468333
7.640153452685347e-7 98693.02803453594
7.650127877237777e-7 105720.72706345997
7.660102301790206e-7 113246.36886902332
7.670076726342636e-7 121305.06801325115
7.680051150895065e-7 129934.40415659072
7.690025575447495e-7 139174.59436924255
7.699999999999924e-7 149068.67743790438
