3.8e-7 66.1681215825691
3.8099744245524296e-7 76.20428172045132
3.819948849104859e-7 87.74647022373192
3.8299232736572886e-7 101.01835323839522
3.839897698209718e-7 116.2764838737498
3.8498721227621475e-7 133.815091348185
3.859846547314577e-7 153.97156110025426
3.8698209718670064e-7 177.13270466802075
3.879795396419436e-7 203.7419321466434
3.8897698209718654e-7 234.30745601071274
3.899744245524295e-7 269.41167330844155
3.9097186700767243e-7 309.72189401228695
3.919693094629154e-7 356.0026070009396
3.9296675191815833e-7 409.1295021559946
3.939641943734013e-7 470.10549784420675
3.949616368286442e-7 540.0790581477163
3.9595907928388717e-7 620.3651241971818
3.969565217391301e-7 712.4690295355455
3.9795396419437306e-7 818.1138213660057
3.98951406649616e-7 939.2714686957526
3.9994884910485896e-7 1078.198505776676
4.009462915601019e-7 1237.4767360027236
4.0194373401534485e-7 1420.059708843679
4.029411764705878e-7 1629.3257819467726
4.0393861892583075e-7 1869.138693891991
4.049360613810737e-7 2160.92902789974
4.0593350383631664e-7 2513.289741945454
4.069309462915596e-7 2922.660661592292
4.0792838874680254e-7 3398.1966069716973
4.089258312020455e-7 3950.51185559893
4.0992327365728843e-7 4591.911182719018
4.109207161125314e-7 5336.657230139721
4.119181585677743e-7 6201.279878681266
4.1291560102301727e-7 7204.93418037425
4.139130434782602e-7 8369.814423479205
4.1491048593350317e-7 9721.63307714001
4.159079283887461e-7 11290.174717051492
4.1690537084398906e-7 13109.936596621335
4.17902813299232e-7 15220.869331656055
4.1890025575447495e-7 17669.23324737653
4.198976982097179e-7 20508.58833694918
4.2089514066496085e-7 23800.938549507548
4.218925831202038e-7 27618.054319080355
4.2289002557544674e-7 32043.00092868416
4.238874680306897e-7 37171.90455068767
4.2488491048593264e-7 43115.9927012963
4.258823529411756e-7 50003.95149256001
4.2687979539641853e-7 57984.648573552586
4.278772378516615e-7 67230.27815443113
4.2887468030690443e-7 77933.83525632888
4.298721227621474e-7 90279.87846280535
4.308695652173903e-7 104568.34913797912
4.3186700767263327e-7 121102.83160209957
4.328644501278762e-7 140234.05474405593
4.3386189258311916e-7 162367.16814338145
4.348593350383621e-7 187970.13449025655
4.3585677749360506e-7 217583.4085843139
4.36854219948848e-7 251831.099024405
4.3785166240409095e-7 291433.8384306267
4.388491048593339e-7 337223.6222518941
4.3984654731457685e-7 390160.91557977285
4.408439897698198e-7 451354.37268502376
4.4184143222506274e-7 522083.56610568985
4.428388746803057e-7 603825.182065193
4.4383631713554863e-7 698283.2079586599
4.448337595907916e-7 807423.7169629403
4.4583120204603453e-7 933514.9460486583
4.468286445012775e-7 1.0791734685791612e6
4.478260869565204e-7 1.2474173833143297e6
4.4882352941176337e-7 1.441727580342644e6
4.498209718670063e-7 1.6661183039373823e6
4.5081841432224926e-7 1.9252184156665008e6
4.518158567774922e-7 2.2243649718337003e6
4.5281329923273516e-7 2.5697109715707945e6
4.538107416879781e-7 3.013531087214294e6
4.5480818414322105e-7 3.5579678310316093e6
4.55805626598464e-7 4.200311514487908e6
4.5680306905370695e-7 4.9580903746536495e6
4.578005115089499e-7 5.8519571769962525e6
4.5879795396419284e-7 6.906243858029972e6
4.597953964194358e-7 8.149614226176979e6
4.6079283887467874e-7 9.615831989324447e6
4.617902813299217e-7 1.1344664407127088e7
4.6278772378516463e-7 1.3382945425226675e7
4.637851662404076e-7 1.5785826329484591e7
4.647826086956505e-7 1.8618246869294997e7
4.6578005115089347e-7 2.195666556709929e7
4.667774936061364e-7 2.5891094705415905e7
4.6777493606137937e-7 3.052749343793202e7
4.687723785166223e-7 3.599058181267146e7
4.6976982097186526e-7 4.242714946368988e7
4.707672634271082e-7 5.000994560554865e7
4.7176470588235116e-7 5.894225208323734e7
4.727621483375941e-7 6.946325897778727e7
4.7375959079283705e-7 8.18543831002259e7
4.7475703324808e-7 9.64466941581793e7
4.7575447570332294e-7 1.1362964207703394e8
4.767519181585659e-7 1.3386131263596246e8
4.777493606138089e-7 1.5162132992717633e8
4.787468030690518e-7 1.5267654045253184e8
4.797442455242948e-7 1.5372490765079397e8
4.807416879795377e-7 1.5476628069197708e8
4.817391304347807e-7 1.5580051072466594e8
4.827365728900236e-7 1.5682745090698475e8
4.837340153452666e-7 1.5784695643651393e8
4.847314578005095e-7 1.588588845791465e8
4.857289002557525e-7 1.5986309469689488e8
4.867263427109954e-7 1.6085944827464187e8
4.877237851662384e-7 1.618478089458415e8
4.887212276214813e-7 1.6282804251717046e8
4.897186700767243e-7 1.638000169921331e8
4.907161125319672e-7 1.6476360259362835e8
4.917135549872102e-7 1.6571867178547525e8
4.927109974424531e-7 1.6666509929290357e8
4.93708439897696e-7 1.6760276212202138e8
4.94705882352939e-7 1.6853153957825348e8
4.957033248081819e-7 1.6945131328376698e8
4.967007672634249e-7 1.7036196719388387e8
4.976982097186678e-7 1.7126338761249125e8
4.986956521739108e-7 1.721554632064492e8
4.996930946291537e-7 1.7303808501901904e8
5.006905370843967e-7 1.7391114648230055e8
5.016879795396396e-7 1.7477454342869943e8
5.026854219948826e-7 1.8009793559436545e8
5.036828644501255e-7 1.8664806707023242e8
5.046803069053685e-7 1.934211355908451e8
5.056777493606114e-7 2.004242362293432e8
5.066751918158544e-7 2.0766467525687012e8
5.076726342710973e-7 2.1514997603256842e8
5.086700767263403e-7 2.228878850479984e8
5.096675191815832e-7 2.3088637812980026e8
5.106649616368261e-7 2.3915366680451193e8
5.116624040920691e-7 2.4769820482955146e8
5.12659846547312e-7 2.5652869489447373e8
5.13657289002555e-7 2.6565409549667928e8
5.146547314577979e-7 2.7508362799589944e8
5.156521739130409e-7 2.848267838518253e8
5.166496163682838e-7 2.94893332049402e8
5.176470588235268e-7 3.052933267163864e8
5.186445012787697e-7 3.1603711493787545e8
5.196419437340127e-7 3.271353447726397e8
5.206393861892556e-7 3.385989734761843e8
5.216368286444986e-7 3.504392759355994e8
5.226342710997415e-7 3.6266785332136005e8
5.236317135549845e-7 3.752966419613669e8
5.246291560102274e-7 3.883379224426378e8
5.256265984654704e-7 4.0180432894619226e8
5.266240409207133e-7 4.1154202007663614e8
5.276214833759563e-7 4.144689185580734e8
5.286189258311992e-7 4.1738799820474523e8
5.296163682864421e-7 4.2029896785609484e8
5.306138107416851e-7 4.232015381728437e8
5.31611253196928e-7 4.260954216863077e8
5.32608695652171e-7 4.289803328468141e8
5.336061381074139e-7 4.3185598807120705e8
5.346035805626569e-7 4.3472210578945225e8
5.356010230178998e-7 4.375784064903246e8
5.365984654731428e-7 4.4042461276618344e8
5.375959079283857e-7 4.432604493568228e8
5.385933503836287e-7 4.4608564319239604e8
5.395907928388716e-7 4.488999234354281e8
5.405882352941146e-7 4.517030215218789e8
5.415856777493575e-7 4.544946712012919e8
5.425831202046005e-7 4.572746085760082e8
5.435805626598434e-7 4.600425721394411e8
5.445780051150864e-7 4.6279830281341875e8
5.455754475703293e-7 4.6554154398460066e8
5.465728900255722e-7 4.682720415399467e8
5.475703324808152e-7 4.7098954390126127e8
5.485677749360581e-7 4.73693802058799e8
5.495652173913011e-7 4.763845696039406e8
5.50562659846544e-7 4.790616027609301e8
5.51560102301787e-7 4.7087401846425e8
5.525575447570299e-7 4.6209627315264213e8
5.535549872122729e-7 4.5345514146230984e8
5.545524296675158e-7 4.44949234429893e8
5.555498721227588e-7 4.3657715591575134e8
5.565473145780017e-7 4.283375034144967e8
5.575447570332447e-7 4.2022886884354717e8
5.585421994884876e-7 4.122498393099552e8
5.595396419437306e-7 4.0439899785572815e8
5.605370843989735e-7 3.9667492418190104e8
5.615345268542165e-7 3.8907619535160935e8
5.625319693094594e-7 3.816013864724062e8
5.635294117647023e-7 3.742490713581158e8
5.645268542199453e-7 3.67017823170473e8
5.655242966751882e-7 3.5990621504083204e8
5.665217391304312e-7 3.5291282067222625e8
5.675191815856741e-7 3.4603621492206967e8
5.685166240409171e-7 3.392749743657722e8
5.6951406649616e-7 3.326276778415878e8
5.70511508951403e-7 3.260929069769727e8
5.715089514066459e-7 3.1966924669675577e8
5.725063938618889e-7 3.1335528571343356e8
5.735038363171318e-7 3.071496169998841e8
5.745012787723748e-7 3.010508382448075e8
5.754987212276177e-7 3.023130793809703e8
5.764961636828607e-7 3.110293612675793e8
5.774936061381036e-7 3.1998020633581984e8
5.784910485933466e-7 3.291715055429515e8
5.794884910485895e-7 3.3860928810491043e8
5.804859335038325e-7 3.4829972453830713e8
5.814833759590754e-7 3.582491297655086e8
5.824808184143183e-7 3.684639662840199e8
5.834782608695613e-7 3.78950847401438e8
5.844757033248042e-7 3.897165405372817e8
5.854731457800472e-7 4.0076797059297556e8
5.864705882352901e-7 4.1211222339135045e8
5.874680306905331e-7 4.237565491870229e8
5.88465473145776e-7 4.357083662490189e8
5.89462915601019e-7 4.479752645170754e8
5.904603580562619e-7 4.605650093330495e8
5.914578005115049e-7 4.734855452489032e8
5.924552429667478e-7 4.8674499991276157e8
5.934526854219908e-7 5.0035168803455e8
5.944501278772337e-7 5.1431411543279773e8
5.954475703324767e-7 5.286409831641225e8
5.964450127877196e-7 5.433411917370847e8
5.974424552429626e-7 5.584238454119793e8
5.984398976982055e-7 5.738982565882636e8
5.994373401534484e-7 5.901345473844758e8
6.004347826086914e-7 6.123910117038139e8
6.014322250639343e-7 6.354575029527537e8
6.024296675191773e-7 6.59362514950171e8
6.034271099744202e-7 6.84135512044974e8
6.044245524296632e-7 7.09806961192124e8
6.054219948849061e-7 7.364083650595798e8
6.064194373401491e-7 7.639722961985531e8
6.07416879795392e-7 7.925324323102813e8
6.08414322250635e-7 8.221235926436943e8
6.094117647058779e-7 8.527817755592993e8
6.104092071611209e-7 8.845441972957104e8
6.114066496163638e-7 9.17449331976417e8
6.124040920716068e-7 9.515369528954457e8
6.134015345268497e-7 9.868481751217978e8
6.143989769820927e-7 1.0234254994637936e9
6.153964194373356e-7 1.0613128578356109e9
6.163938618925785e-7 1.1005556600696898e9
6.173913043478215e-7 1.1412008422199767e9
6.183887468030644e-7 1.183296916402259e9
6.193861892583074e-7 1.2268940222194586e9
6.203836317135503e-7 1.2720439798209052e9
6.213810741687933e-7 1.3188003446464655e9
6.223785166240362e-7 1.36721846390752e9
6.233759590792792e-7 1.4173555348588026e9
6.243734015345221e-7 1.338526655813157e9
6.253708439897651e-7 1.1952880468243496e9
6.26368286445008e-7 1.0673341804449427e9
6.27365728900251e-7 9.530389139680132e8
6.283631713554939e-7 8.509485670068684e8
6.293606138107369e-7 7.597636912782794e8
6.303580562659798e-7 6.783227606996633e8
6.313554987212228e-7 6.055875802658972e8
6.323529411764657e-7 5.406302332395638e8
6.333503836317087e-7 4.826214050633592e8
6.343478260869516e-7 4.3081993931231976e8
6.353452685421945e-7 3.8456349615029484e8
6.363427109974375e-7 3.4326019732258725e8
6.373401534526804e-7 3.0638115386885595e8
6.383375959079234e-7 2.734537836241823e8
6.393350383631663e-7 2.4405583532363284e8
6.403324808184093e-7 2.178100448545608e8
6.413299232736522e-7 1.9437935701759025e8
6.423273657288952e-7 1.7346265315639615e8
6.433248081841381e-7 1.5479093128330514e8
6.443222506393811e-7 1.3812389093867877e8
6.45319693094624e-7 1.2324688004535316e8
6.46317135549867e-7 1.0996816551640257e8
6.473145780051099e-7 9.811649340011172e7
6.483120204603529e-7 8.823860283283398e7
6.493094629155958e-7 8.213757244381541e7
6.503069053708388e-7 7.64556035716329e7
6.513043478260817e-7 7.116411795609547e7
6.523017902813246e-7 6.6236471064197905e7
6.532992327365676e-7 6.164782236296631e7
6.542966751918105e-7 5.737501421343801e7
6.552941176470535e-7 5.339645881881859e7
6.562915601022964e-7 4.9692032696710676e7
6.572890025575394e-7 4.624297817979668e7
6.582864450127823e-7 4.3031811481627725e7
6.592838874680253e-7 4.004223689437849e7
6.602813299232682e-7 3.7259066713670924e7
6.612787723785112e-7 3.466814651201794e7
6.622762148337541e-7 3.225628540715876e7
6.632736572889971e-7 3.0011190994701415e7
6.6427109974424e-7 2.7921408636123855e7
6.65268542199483e-7 2.5976264813428175e7
6.662659846547259e-7 2.4165814280673567e7
6.672634271099689e-7 2.2480790760319803e7
6.682608695652118e-7 2.0912560948868427e7
6.692583120204548e-7 1.9453081611772534e7
6.702557544756977e-7 1.8094859562060997e7
6.712531969309406e-7 1.6830914330660935e7
6.722506393861836e-7 1.5654743349052485e7
6.732480818414265e-7 1.2306058623049947e7
6.742455242966695e-7 9.145923056138786e6
6.752429667519124e-7 6.7970748216565875e6
6.762404092071554e-7 5.051293054240096e6
6.772378516623983e-7 3.753782888669621e6
6.782352941176413e-7 2.7894711177314823e6
6.792327365728842e-7 2.0728161519375301e6
6.802301790281272e-7 1.5402313461140324e6
6.812276214833701e-7 1.1444516555214229e6
6.822250639386131e-7 850345.3235621231
6.83222506393856e-7 631800.0365921776
6.84219948849099e-7 469407.98139563325
6.852173913043419e-7 348744.89336019265
6.862148337595849e-7 259090.72647543452
6.872122762148278e-7 192478.65031420678
6.882097186700707e-7 142988.13582180388
6.892071611253137e-7 106219.49841327843
6.902046035805566e-7 78903.33314638426
6.912020460357996e-7 58610.22285879501
6.921994884910425e-7 43534.98242506014
6.931969309462855e-7 32336.30626886473
6.941943734015284e-7 24017.5961679574
6.951918158567714e-7 17838.396659496895
6.961892583120143e-7 13248.579057805302
6.971867007672573e-7 9807.01311732313
6.981841432225002e-7 7206.730552811695
6.991815856777432e-7 5295.746501271622
7.001790281329861e-7 3891.3789108437463
7.011764705882291e-7 2859.350132923269
7.02173913043472e-7 2100.964413689626
7.03171355498715e-7 1543.6813170769562
7.041687979539579e-7 1134.1859103146498
7.051662404092008e-7 833.294566017934
7.061636828644438e-7 612.2102650401852
7.071611253196867e-7 449.7699887358252
7.081585677749297e-7 330.42142608798264
7.091560102301726e-7 242.73580569899954
7.101534526854156e-7 178.31482513792614
7.111508951406585e-7 130.98726651498185
7.121483375959015e-7 96.2185430994867
7.131457800511444e-7 70.67675409802848
7.141432225063874e-7 51.91377229264377
7.151406649616303e-7 38.1308778287172
7.161381074168733e-7 28.006529362422235
7.171355498721162e-7 20.569801826752602
7.181329923273592e-7 15.107384979718024
7.191304347826021e-7 11.095245327592757
7.201278772378451e-7 8.14841230515964
7.21125319693088e-7 5.984082953756886
7.22122762148331e-7 4.313416787145887
7.231202046035739e-7 3.1008320215199254
7.241176470588168e-7 2.2290700919656925
7.251150895140598e-7 1.6023519976168372
7.261125319693027e-7 1.1518101248677455
7.271099744245457e-7 0.8279281889475826
7.281074168797886e-7 0.5951045989042969
7.291048593350316e-7 0.42774293953168013
7.301023017902745e-7 0.3074406898017705
7.310997442455175e-7 0.22096772359204905
7.320971867007604e-7 0.15881275622524146
7.330946291560034e-7 0.11413819920843996
7.340920716112463e-7 0.08202869208180312
7.350895140664893e-7 0.05895080507793564
7.360869565217322e-7 0.04236458166888634
7.370843989769752e-7 0.03044425684390977
7.380818414322181e-7 0.021877472672815125
7.390792838874611e-7 0.015720931856818957
7.40076726342704e-7 0.01129662798621011
7.41074168797947e-7 0.00811724808804225
7.420716112531899e-7 0.005832547796602408
7.430690537084328e-7 0.0041908038217382945
7.440664961636758e-7 0.003011105259020365
7.450639386189187e-7 0.002163436575937454
7.460613810741617e-7 0.0015616337984412031
7.470588235294046e-7 0.0011339926964762368
7.480562659846476e-7 0.0008234383076647046
7.490537084398905e-7 0.0005979180597083523
7.500511508951335e-7 0.0004341523052219575
7.510485933503764e-7 0.00031523354748840227
7.520460358056194e-7 0.0002288825412315048
7.530434782608623e-7 0.00016618157266463254
7.540409207161053e-7 0.00012065437216991068
7.550383631713482e-7 0.00008759782157003906
7.560358056265912e-7 0.00006359656088740689
7.570332480818341e-7 0.00004617044699873328
7.58030690537077e-7 0.00003351850894183847
7.5902813299232e-7 0.000024332991599795114
7.600255754475629e-7 0.00001766430539748872
7.610230179028059e-7 0.000012822948727427606
7.620204603580488e-7 9.308282790188679e-6
7.630179028132918e-7 6.756808231595788e-6
7.640153452685347e-7 4.9046047845214335e-6
7.650127877237777e-7 3.5600564176560124e-6
7.660102301790206e-7 2.5840458820206697e-6
7.670076726342636e-7 1.875573449937197e-6
7.680051150895065e-7 1.3613145476796539e-6
7.690025575447495e-7 9.880376324544584e-7
7.699999999999924e-7 7.170989988889713e-7
