3.8e-7 7.127005425499201e6
3.8099744245524296e-7 7.377363704470808e6
3.819948849104859e-7 7.635104986547679e6
3.8299232736572886e-7 7.900401810481507e6
3.839897698209718e-7 8.173429539659464e6
3.8498721227621475e-7 8.454366382577e6
3.859846547314577e-7 8.743393413033642e6
3.8698209718670064e-7 9.040694590047864e6
3.879795396419436e-7 9.346456777484475e6
3.8897698209718654e-7 9.66086976339076e6
3.899744245524295e-7 9.984126279036226e6
3.9097186700767243e-7 1.031642201765082e7
3.919693094629154e-7 1.0657955652857425e7
3.9296675191815833e-7 1.100892885679398e7
3.939641943734013e-7 1.136954631792099e7
3.949616368286442e-7 1.1740015758509632e7
3.9595907928388717e-7 1.2120547951806806e7
3.969565217391301e-7 1.2511356738872997e7
3.9795396419437306e-7 1.2912659045088485e7
3.98951406649616e-7 1.3324674896324836e7
3.9994884910485896e-7 1.3747627434777424e7
4.009462915601019e-7 1.418174293445527e7
4.0194373401534485e-7 1.4627250816325102e7
4.029411764705878e-7 1.5084383663106363e7
4.0393861892583075e-7 1.5553377233712923e7
4.049360613810737e-7 1.6034470477339849e7
4.0593350383631664e-7 1.6527905547190603e7
4.069309462915596e-7 1.7033927813843034e7
4.0792838874680254e-7 1.755278587825097e7
4.089258312020455e-7 1.8084731584377963e7
4.0992327365728843e-7 1.863002003146193e7
4.109207161125314e-7 1.918890958590714e7
4.119181585677743e-7 1.9761661892801847e7
4.1291560102301727e-7 2.034854188705928e7
4.139130434782602e-7 2.09498178041791e7
4.1491048593350317e-7 2.1565761190628797e7
4.159079283887461e-7 2.2196646913841713e7
4.1690537084398906e-7 2.2842753171830572e7
4.17902813299232e-7 2.3504361502415415e7
4.1890025575447495e-7 2.4181756792062584e7
4.198976982097179e-7 2.487522728433613e7
4.2089514066496085e-7 2.558506458795717e7
4.218925831202038e-7 2.631156368447265e7
4.2289002557544674e-7 2.7055022935530744e7
4.238874680306897e-7 2.7815744089762915e7
4.2488491048593264e-7 2.8594032289270584e7
4.258823529411756e-7 2.9390196075717397e7
4.2687979539641853e-7 3.0204547396024596e7
4.278772378516615e-7 3.103740160766969e7
4.2887468030690443e-7 3.1889077483588785e7
4.298721227621474e-7 3.275989721668105e7
4.308695652173903e-7 3.365018642391487e7
4.3186700767263327e-7 3.456027415003718e7
4.328644501278762e-7 3.5490492870884374e7
4.3386189258311916e-7 3.644117849629552e7
4.348593350383621e-7 3.74126703726276e7
4.3585677749360506e-7 3.8405311284873776e7
4.36854219948848e-7 3.9419447458384514e7
4.3785166240409095e-7 4.0455428560191855e7
4.388491048593339e-7 4.151360769993755e7
4.3984654731457685e-7 4.259434143040647e7
4.408439897698198e-7 4.369798974766429e7
4.4184143222506274e-7 4.482491609080197e7
4.428388746803057e-7 4.597548734128694e7
4.4383631713554863e-7 4.71500738219229e7
4.448337595907916e-7 4.834904929541718e7
4.4583120204603453e-7 4.957279096256071e7
4.468286445012775e-7 5.082167946001696e7
4.478260869565204e-7 5.209609885772585e7
4.4882352941176337e-7 5.339643665592061e7
4.498209718670063e-7 5.472308378176057e7
4.5081841432224926e-7 5.607643458558249e7
4.518158567774922e-7 5.745688683676849e7
4.5281329923273516e-7 5.886484171923732e7
4.538107416879781e-7 6.030070382655664e7
4.5480818414322105e-7 6.176488115667976e7
4.55805626598464e-7 6.325778510630924e7
4.5680306905370695e-7 6.4779830464888684e7
4.578005115089499e-7 6.633143540822452e7
4.5879795396419284e-7 6.791302149174105e7
4.597953964194358e-7 6.952501364337103e7
4.6079283887467874e-7 7.11678401560805e7
4.617902813299217e-7 7.284193268003692e7
4.6278772378516463e-7 7.454772621441641e7
4.637851662404076e-7 7.628565909885646e7
4.647826086956505e-7 7.80561730045553e7
4.6578005115089347e-7 7.985971292502135e7
4.667774936061364e-7 8.169672716647388e7
4.6777493606137937e-7 8.356766733789931e7
4.687723785166223e-7 8.547298834076428e7
4.6976982097186526e-7 8.741314835838991e7
4.707672634271082e-7 8.938860884498961e7
4.7176470588235116e-7 9.139983451437211e7
4.727621483375941e-7 9.344729332831344e7
4.7375959079283705e-7 9.553145648460288e7
4.7475703324808e-7 9.765279840476218e7
4.7575447570332294e-7 9.98117967214443e7
4.767519181585659e-7 1.0200893226551226e8
4.777493606138089e-7 1.0424468905280468e8
4.787468030690518e-7 1.0651955427058671e8
4.797442455242948e-7 1.0883401826369353e8
4.807416879795377e-7 1.111885745203686e8
4.817391304347807e-7 1.135837196577979e8
4.827365728900236e-7 1.1601995340734692e8
4.837340153452666e-7 1.1849777859950104e8
4.847314578005095e-7 1.2101770114851384e8
4.857289002557525e-7 1.2358023003676777e8
4.867263427109954e-7 1.2618587729884812e8
4.877237851662384e-7 1.288351580053368e8
4.887212276214813e-7 1.3152859024632688e8
4.897186700767243e-7 1.3426669511466196e8
4.907161125319672e-7 1.3704999668890774e8
4.917135549872102e-7 1.3987902201605228e8
4.927109974424531e-7 1.427543010939442e8
4.93708439897696e-7 1.4567636685347262e8
4.94705882352939e-7 1.4864575514048615e8
4.957033248081819e-7 1.5166300469746482e8
4.967007672634249e-7 1.5472865714493775e8
4.976982097186678e-7 1.578432569626602e8
4.986956521739108e-7 1.6100735147054347e8
4.996930946291537e-7 1.6422149080935407e8
5.006905370843967e-7 1.6748622792117324e8
5.016879795396396e-7 1.708021185296275e8
5.026854219948826e-7 1.7416972111989477e8
5.036828644501255e-7 1.7758959691848516e8
5.046803069053685e-7 1.8106230987280533e8
5.056777493606114e-7 1.845884266305051e8
5.066751918158544e-7 1.8816851651861644e8
5.076726342710973e-7 1.918031515224802e8
5.086700767263403e-7 1.954929062644744e8
5.096675191815832e-7 1.992383579825392e8
5.106649616368261e-7 2.030400865085077e8
5.116624040920691e-7 2.06898674246243e8
5.12659846547312e-7 2.1081470614959073e8
5.13657289002555e-7 2.1478876970013955e8
5.146547314577979e-7 2.188214548848124e8
5.156521739130409e-7 2.229133541732698e8
5.166496163682838e-7 2.270650624951471e8
5.176470588235268e-7 2.3127717721712e8
5.186445012787697e-7 2.3555029811980587e8
5.196419437340127e-7 2.3988502737450314e8
5.206393861892556e-7 2.4428196951977214e8
5.216368286444986e-7 2.4874173143786448e8
5.226342710997415e-7 2.5326492233099955e8
5.236317135549845e-7 2.5785215369749773e8
5.246291560102274e-7 2.625040393077661e8
5.256265984654704e-7 2.672211951801527e8
5.266240409207133e-7 2.720042395566572e8
5.276214833759563e-7 2.768537928785218e8
5.286189258311992e-7 2.817704777616787e8
5.296163682864421e-7 2.867549189720915e8
5.306138107416851e-7 2.9180774340096164e8
5.31611253196928e-7 2.969295800398258e8
5.32608695652171e-7 3.0212105995554143e8
5.336061381074139e-7 3.0738281626515955e8
5.346035805626569e-7 3.1271548411069316e8
5.356010230178998e-7 3.181197006337843e8
5.365984654731428e-7 3.235961049502734e8
5.375959079283857e-7 3.291453381246731e8
5.385933503836287e-7 3.3476804314455e8
5.395907928388716e-7 3.4046486489482313e8
5.405882352941146e-7 3.4623645013197297e8
5.415856777493575e-7 3.5208344745817125e8
5.425831202046005e-7 3.5800650729533863e8
5.435805626598434e-7 3.6400628185912454e8
5.445780051150864e-7 3.7008342513281393e8
5.455754475703293e-7 3.762385928411747e8
5.465728900255722e-7 3.8247244242423755e8
5.475703324808152e-7 3.8878563301101714e8
5.485677749360581e-7 3.95178825393173e8
5.495652173913011e-7 4.0165268199862677e8
5.50562659846544e-7 4.082078668651169e8
5.51560102301787e-7 4.14845045613719e8
5.525575447570299e-7 4.215648854223118e8
5.535549872122729e-7 4.2836805499901474e8
5.545524296675158e-7 4.3525522455557764e8
5.555498721227588e-7 4.4222706578074163e8
5.565473145780017e-7 4.4928425181357384e8
5.575447570332447e-7 4.5642745721676576e8
5.585421994884876e-7 4.636573579499174e8
5.595396419437306e-7 4.7097463134278667e8
5.605370843989735e-7 4.783799560685358e8
5.615345268542165e-7 4.858740121169588e8
5.625319693094594e-7 4.934574807676834e8
5.635294117647023e-7 5.011310445633832e8
5.645268542199453e-7 5.088953872829703e8
5.655242966751882e-7 5.167511939147935e8
5.665217391304312e-7 5.2469915062982744e8
5.675191815856741e-7 5.3273994475487375e8
5.685166240409171e-7 5.408742647457559e8
5.6951406649616e-7 5.491028001605383e8
5.70511508951403e-7 5.574262416327387e8
5.715089514066459e-7 5.658452808445657e8
5.725063938618889e-7 5.743606105001693e8
5.735038363171318e-7 5.829729242989147e8
5.745012787723748e-7 5.916829169086674e8
5.754987212276177e-7 5.957350681703084e8
5.764961636828607e-7 5.950328084493068e8
5.774936061381036e-7 5.943002771255779e8
5.784910485933466e-7 5.935377519531614e8
5.794884910485895e-7 5.927455132626598e8
5.804859335038325e-7 5.919238438663168e8
5.814833759590754e-7 5.910730289637645e8
5.824808184143183e-7 5.90193356048427e8
5.834782608695613e-7 5.892851148146183e8
5.844757033248042e-7 5.88348597065372e8
5.854731457800472e-7 5.873840966209862e8
5.864705882352901e-7 5.86391909228329e8
5.874680306905331e-7 5.853723324709198e8
5.88465473145776e-7 5.843256656798029e8
5.89462915601019e-7 5.832522098452181e8
5.904603580562619e-7 5.821522675291116e8
5.914578005115049e-7 5.810261427784762e8
5.924552429667478e-7 5.798741410395561e8
5.934526854219908e-7 5.786965690729101e8
5.944501278772337e-7 5.774937348693825e8
5.954475703324767e-7 5.762659475669464e8
5.964450127877196e-7 5.750135173684764e8
5.974424552429626e-7 5.737367554604408e8
5.984398976982055e-7 5.724359739325145e8
5.994373401534484e-7 5.711114856981711e8
6.004347826086914e-7 5.697636044161909e8
6.014322250639343e-7 5.683926444131639e8
6.024296675191773e-7 5.669989206069603e8
6.034271099744202e-7 5.655827484311692e8
6.044245524296632e-7 5.641444437605604e8
6.054219948849061e-7 5.626843228375134e8
6.064194373401491e-7 5.612027021994742e8
6.07416879795392e-7 5.596998986074115e8
6.08414322250635e-7 5.581762289752994e8
6.094117647058779e-7 5.566320103006213e8
6.104092071611209e-7 5.550675595958992e8
6.114066496163638e-7 5.534831938212569e8
6.124040920716068e-7 5.518792298180292e8
6.134015345268497e-7 5.50255984243391e8
6.143989769820927e-7 5.48613773506053e8
6.153964194373356e-7 5.469529137029815e8
6.163938618925785e-7 5.452737205571808e8
6.173913043478215e-7 5.43576509356518e8
6.183887468030644e-7 5.418615948935946e8
6.193861892583074e-7 5.401292914066771e8
6.203836317135503e-7 5.383799125216677e8
6.213810741687933e-7 5.3661377119514287e8
6.223785166240362e-7 5.34831179658416e8
6.233759590792792e-7 5.3303244936267596e8
6.243734015345221e-7 5.312178909251601e8
6.253708439897651e-7 5.29387814076368e8
6.26368286445008e-7 5.2754252760833484e8
6.27365728900251e-7 5.256823393239395e8
6.283631713554939e-7 5.2380755598724264e8
6.293606138107369e-7 5.219184832748792e8
6.303580562659798e-7 5.200154257284681e8
6.313554987212228e-7 5.1809868670805734e8
6.323529411764657e-7 5.161685683465948e8
6.333503836317087e-7 5.1422537150541925e8
6.343478260869516e-7 5.1226939573076874e8
6.353452685421945e-7 5.1030093921129405e8
6.363427109974375e-7 5.083202987365857e8
6.373401534526804e-7 5.063277696567043e8
6.383375959079234e-7 5.0432364584269184e8
6.393350383631663e-7 5.023082196480892e8
6.403324808184093e-7 5.002817818714298e8
6.413299232736522e-7 4.9824462171970195e8
6.423273657288952e-7 4.961970267728011e8
6.433248081841381e-7 4.941392829489271e8
6.443222506393811e-7 4.9207167447094285e8
6.45319693094624e-7 4.8999448383369243e8
6.46317135549867e-7 4.879079917722479e8
6.473145780051099e-7 4.8581247723109937e8
6.483120204603529e-7 4.837082173342629e8
6.493094629155958e-7 4.815954873563212e8
6.503069053708388e-7 4.794745606943596e8
6.513043478260817e-7 4.773457088408168e8
6.523017902813246e-7 4.752092013572187e8
6.532992327365676e-7 4.730653058488101e8
6.542966751918105e-7 4.709142879400541e8
6.552941176470535e-7 4.687564112510011e8
6.562915601022964e-7 4.665919373745201e8
6.572890025575394e-7 4.64421125854383e8
6.582864450127823e-7 4.6224423416417545e8
6.592838874680253e-7 4.600615176870622e8
6.602813299232682e-7 4.57873229696351e8
6.612787723785112e-7 4.5567962133689266e8
6.622762148337541e-7 4.5348094160726625e8
6.632736572889971e-7 4.512774373427674e8
6.6427109974424e-7 4.4906935319918114e8
6.65268542199483e-7 4.4685693163732606e8
6.662659846547259e-7 4.4464041290836704e8
6.672634271099689e-7 4.4242003503987956e8
6.682608695652118e-7 4.401960338226615e8
6.692583120204548e-7 4.3796864279828024e8
6.702557544756977e-7 4.3573809324734247e8
6.712531969309406e-7 4.335046141784846e8
6.722506393861836e-7 4.312684323180637e8
6.732480818414265e-7 4.2902977210054284e8
6.742455242966695e-7 4.267888556595673e8
6.752429667519124e-7 4.2454590281970817e8
6.762404092071554e-7 4.2230113108888143e8
6.772378516623983e-7 4.200547556514051e8
6.782352941176413e-7 4.1780698936171997e8
6.792327365728842e-7 4.155580427387309e8
6.802301790281272e-7 4.13308123960775e8
6.812276214833701e-7 4.110574388612148e8
6.822250639386131e-7 4.088061909246135e8
6.83222506393856e-7 4.065545812835268e8
6.84219948849099e-7 4.0430280871586466e8
6.852173913043419e-7 4.020510696428318e8
6.862148337595849e-7 3.997995581274289e8
6.872122762148278e-7 3.975484658735087e8
6.882097186700707e-7 3.9529798222537816e8
6.892071611253137e-7 3.9304829416793007e8
6.902046035805566e-7 3.9079958632730037e8
6.912020460357996e-7 3.885520409720383e8
6.921994884910425e-7 3.8630583801478165e8
6.931969309462855e-7 3.8406115501442266e8
6.941943734015284e-7 3.818181671787659e8
6.951918158567714e-7 3.795770473676471e8
6.961892583120143e-7 3.77337966096537e8
6.971867007672573e-7 3.751010915405769e8
6.981841432225002e-7 3.7286658953907746e8
6.991815856777432e-7 3.7063462360044837e8
7.001790281329861e-7 3.6840535490755194e8
7.011764705882291e-7 3.6617894232347834e8
7.02173913043472e-7 3.639555423977246e8
7.03171355498715e-7 3.617353093727777e8
7.041687979539579e-7 3.595183951910818e8
7.051662404092008e-7 3.573049495023897e8
7.061636828644438e-7 3.550951196714855e8
7.071611253196867e-7 3.528890507862677e8
7.081585677749297e-7 3.506868856661873e8
7.091560102301726e-7 3.4848876487103194e8
7.101534526854156e-7 3.462948267100434e8
7.111508951406585e-7 3.441052072513655e8
7.121483375959015e-7 3.419200403318082e8
7.131457800511444e-7 3.3973945756692326e8
7.141432225063874e-7 3.3756358836138487e8
7.151406649616303e-7 3.353925599196565e8
7.161381074168733e-7 3.3322649725695103e8
7.171355498721162e-7 3.310655232104637e8
7.181329923273592e-7 3.289097584508756e8
7.191304347826021e-7 3.267593214941177e8
7.201278772378451e-7 3.246143287133903e8
7.21125319693088e-7 3.2247489435142386e8
7.22122762148331e-7 3.203411305329815e8
7.231202046035739e-7 3.1821314727759224e8
7.241176470588168e-7 3.160910525124988e8
7.251150895140598e-7 3.139749520858367e8
7.261125319693027e-7 3.1186494978000027e8
7.271099744245457e-7 3.0976114732522887e8
7.281074168797886e-7 3.076636444133721e8
7.291048593350316e-7 3.055725387118507e8
7.301023017902745e-7 3.034879258777932e8
7.310997442455175e-7 3.0140989957234323e8
7.320971867007604e-7 2.9933855147513396e8
7.330946291560034e-7 2.972739712989256e8
7.340920716112463e-7 2.9521624680438685e8
7.350895140664893e-7 2.9316546381503177e8
7.360869565217322e-7 2.911217062322881e8
7.370843989769752e-7 2.89085056050702e8
7.380818414322181e-7 2.870555933732719e8
7.390792838874611e-7 2.850333964268979e8
7.40076726342704e-7 2.8301854157795197e8
7.41074168797947e-7 2.810111033479496e8
7.420716112531899e-7 2.7901115442933285e8
7.430690537084328e-7 2.7701876570134294e8
7.440664961636758e-7 2.750340062459885e8
7.450639386189187e-7 2.7305694336410016e8
7.460613810741617e-7 2.710876425914601e8
7.470588235294046e-7 2.6912616771501434e8
7.480562659846476e-7 2.6717258078915015e8
7.490537084398905e-7 2.6522694215203816e8
7.500511508951335e-7 2.632893104420331e8
7.510485933503764e-7 2.6135974261413184e8
7.520460358056194e-7 2.5943829395648047e8
7.530434782608623e-7 2.5752501810692036e8
7.540409207161053e-7 2.55619967069582e8
7.550383631713482e-7 2.5372319123150972e8
7.560358056265912e-7 2.518347393793155e8
7.570332480818341e-7 2.4995465871586195e8
7.58030690537077e-7 2.480829948769663e8
7.5902813299232e-7 2.4621979194811878e8
7.600255754475629e-7 2.4436509248121977e8
7.610230179028059e-7 2.4251893751131973e8
7.620204603580488e-7 2.406813665733662e8
7.630179028132918e-7 2.3885241771895555e8
7.640153452685347e-7 2.370321275330749e8
7.650127877237777e-7 2.3522053115084127e8
7.660102301790206e-7 2.334176622742306e8
7.670076726342636e-7 2.3162355318879017e8
7.680051150895065e-7 2.2983823478033462e8
7.690025575447495e-7 2.2806173655162013e8
7.699999999999924e-7 2.2629408663899487e8
