3.8e-7 23.166866157368194
3.8099744245524296e-7 27.449657863098185
3.819948849104859e-7 32.518184809911304
3.8299232736572886e-7 38.5155409916782
3.839897698209718e-7 45.61069462578958
3.8498721227621475e-7 54.00313455950004
3.859846547314577e-7 63.92834551935517
3.8698209718670064e-7 75.66425910715989
3.879795396419436e-7 89.53885332169978
3.8897698209718654e-7 105.93910379176496
3.899744245524295e-7 125.32152563156104
3.9097186700767243e-7 148.2245867995582
3.919693094629154e-7 175.28332314146678
3.9296675191815833e-7 207.24654320012488
3.939641943734013e-7 244.99707887228197
3.949616368286442e-7 289.5756178347482
3.9595907928388717e-7 342.20874740220125
3.969565217391301e-7 404.3419495216215
3.9795396419437306e-7 477.6784157736329
3.98951406649616e-7 564.224702843888
3.9994884910485896e-7 666.3444268209543
4.009462915601019e-7 786.8214034093955
4.0194373401534485e-7 928.9338860352931
4.029411764705878e-7 1096.541841095759
4.0393861892583075e-7 1294.189536561332
4.049360613810737e-7 1497.4630395195313
4.0593350383631664e-7 1706.0815138917394
4.069309462915596e-7 1943.467232943799
4.0792838874680254e-7 2213.547983558836
4.089258312020455e-7 2520.7827506869717
4.0992327365728843e-7 2870.2329005558463
4.109207161125314e-7 3267.6428189123603
4.119181585677743e-7 3719.531249561633
4.1291560102301727e-7 4233.294741144504
4.139130434782602e-7 4817.324793855508
4.1491048593350317e-7 5481.140505362742
4.159079283887461e-7 6235.538749606836
4.1690537084398906e-7 7092.7641868796745
4.17902813299232e-7 8066.701702503141
4.1890025575447495e-7 9173.094208928254
4.198976982097179e-7 10429.789127102196
4.2089514066496085e-7 11857.01729307196
4.218925831202038e-7 13477.708521296827
4.2289002557544674e-7 15317.848604099212
4.238874680306897e-7 17406.883145078067
4.2488491048593264e-7 19778.1743221269
4.258823529411756e-7 22469.51746307203
4.2687979539641853e-7 25523.725205284227
4.278772378516615e-7 28989.28801277988
4.2887468030690443e-7 33059.54168787775
4.298721227621474e-7 38820.004547419114
4.308695652173903e-7 45578.36107958369
4.3186700767263327e-7 53506.50541880999
4.328644501278762e-7 62805.78062662045
4.3386189258311916e-7 73711.99736957162
4.348593350383621e-7 86501.30353615849
4.3585677749360506e-7 101497.04836556263
4.36854219948848e-7 119077.80877045523
4.3785166240409095e-7 139686.77367541578
4.388491048593339e-7 163842.71503257105
4.3984654731457685e-7 192152.81249860866
4.408439897698198e-7 225327.64347364978
4.4184143222506274e-7 264198.7023747174
4.428388746803057e-7 309738.8738825024
4.4383631713554863e-7 363086.3559022842
4.448337595907916e-7 425572.61079897964
4.4583120204603453e-7 498755.02006082895
4.468286445012775e-7 584455.0301975689
4.478260869565204e-7 684802.7090453046
4.4882352941176337e-7 802288.7848275268
4.498209718670063e-7 939825.4189162854
4.5081841432224926e-7 1.100817171449539e6
4.518158567774922e-7 1.2892438616814767e6
4.5281329923273516e-7 1.5097573078685075e6
4.538107416879781e-7 1.7877970864707183e6
4.5480818414322105e-7 2.1276651346566514e6
4.55805626598464e-7 2.531870399302023e6
4.5680306905370695e-7 3.012542065107633e6
4.578005115089499e-7 3.58408690099727e6
4.5879795396419284e-7 4.263615295169832e6
4.597953964194358e-7 5.071446685908232e6
4.6079283887467874e-7 6.031709131007676e6
4.617902813299217e-7 7.173050486714573e6
4.6278772378516463e-7 8.529481898186538e6
4.637851662404076e-7 1.0141378130170396e7
4.647826086956505e-7 1.2056663798265634e7
4.6578005115089347e-7 1.433221992725574e7
4.667774936061364e-7 1.7035551616703454e7
4.6777493606137937e-7 2.0246765116502378e7
4.687723785166223e-7 2.4060911520666838e7
4.6976982097186526e-7 2.8590764829823155e7
4.707672634271082e-7 3.3970114611443534e7
4.7176470588235116e-7 4.03576682564092e7
4.727621483375941e-7 4.794167531029022e7
4.7375959079283705e-7 5.694540704359092e7
4.7475703324808e-7 6.763364890335064e7
4.7575447570332294e-7 8.032039245201355e7
4.767519181585659e-7 9.537794766778144e7
4.777493606138089e-7 1.0897602987804897e8
4.787468030690518e-7 1.109374056440379e8
4.797442455242948e-7 1.129236611220142e8
4.807416879795377e-7 1.1493493896836074e8
4.817391304347807e-7 1.169713804027736e8
4.827365728900236e-7 1.1903312518497306e8
4.837340153452666e-7 1.2112031159170566e8
4.847314578005095e-7 1.2323307639404109e8
4.857289002557525e-7 1.2537155483496778e8
4.867263427109954e-7 1.2753588060729188e8
4.877237851662384e-7 1.2972618583184126e8
4.887212276214813e-7 1.3194260103597929e8
4.897186700767243e-7 1.3418525513243051e8
4.907161125319672e-7 1.364542753984255e8
4.917135549872102e-7 1.3874978745516154e8
4.927109974424531e-7 1.4107191524758562e8
4.93708439897696e-7 1.4342078102450693e8
4.94705882352939e-7 1.4579650531902984e8
4.957033248081819e-7 1.4819920692932478e8
4.967007672634249e-7 1.5062900289972603e8
4.976982097186678e-7 1.5308600850216997e8
4.986956521739108e-7 1.5557033721796408e8
4.996930946291537e-7 1.580821007199055e8
5.006905370843967e-7 1.6062140885473296e8
5.016879795396396e-7 1.631883696259246e8
5.026854219948826e-7 1.6933115629150409e8
5.036828644501255e-7 1.7655186482434818e8
5.046803069053685e-7 1.8406593202936855e8
5.056777493606114e-7 1.9188472138131344e8
5.066751918158544e-7 2.0002001658715993e8
5.076726342710973e-7 2.0848403645157355e8
5.086700767263403e-7 2.172894502466669e8
5.096675191815832e-7 2.264493936025105e8
5.106649616368261e-7 2.359774849353671e8
5.116624040920691e-7 2.4588784243116263e8
5.12659846547312e-7 2.5619510160226056e8
5.13657289002555e-7 2.669144334361411e8
5.146547314577979e-7 2.780615631552333e8
5.156521739130409e-7 2.896527896076769e8
5.166496163682838e-7 3.017050053094727e8
5.176470588235268e-7 3.1423571715908545e8
5.186445012787697e-7 3.2726306784622794e8
5.196419437340127e-7 3.4080585797724503e8
5.206393861892556e-7 3.548835689401997e8
5.216368286444986e-7 3.6951638653349936e8
5.226342710997415e-7 3.8472522538262683e8
5.236317135549845e-7 4.005317541703209e8
5.246291560102274e-7 4.1695842170632195e8
5.256265984654704e-7 4.340284838636338e8
5.266240409207133e-7 4.4576576148463225e8
5.276214833759563e-7 4.4770001559333783e8
5.286189258311992e-7 4.496118170188873e8
5.296163682864421e-7 4.515009851492142e8
5.306138107416851e-7 4.5336734414657193e8
5.31611253196928e-7 4.5521072295224583e8
5.32608695652171e-7 4.5703095528977877e8
5.336061381074139e-7 4.5882787966672367e8
5.346035805626569e-7 4.6060133937495726e8
5.356010230178998e-7 4.623511824895624e8
5.365984654731428e-7 4.640772618663102e8
5.375959079283857e-7 4.657794351377504e8
5.385933503836287e-7 4.6745756470793545e8
5.395907928388716e-7 4.691115177458108e8
5.405882352941146e-7 4.707411661772731e8
5.415856777493575e-7 4.723463866759246e8
5.425831202046005e-7 4.739270606525599e8
5.435805626598434e-7 4.7548307424338764e8
5.445780051150864e-7 4.7701431829700696e8
5.455754475703293e-7 4.7852068836018944e8
5.465728900255722e-7 4.800020846624504e8
5.475703324808152e-7 4.8145841209946686e8
5.485677749360581e-7 4.8288958021532995e8
5.495652173913011e-7 4.8429550318369305e8
5.50562659846544e-7 4.856760997878028e8
5.51560102301787e-7 4.7614135425108284e8
5.525575447570299e-7 4.6606267739837646e8
5.535549872122729e-7 4.561701624901219e8
5.545524296675158e-7 4.4646117050880927e8
5.555498721227588e-7 4.369330756922747e8
5.565473145780017e-7 4.275832663174709e8
5.575447570332447e-7 4.184091454497118e8
5.585421994884876e-7 4.094081316581551e8
5.595396419437306e-7 4.0057765969824135e8
5.605370843989735e-7 3.9191518116183907e8
5.615345268542165e-7 3.834181650958031e8
5.625319693094594e-7 3.750840985896889e8
5.635294117647023e-7 3.6691048733334315e8
5.645268542199453e-7 3.5889485614508915e8
5.655242966751882e-7 3.5103474947121966e8
5.665217391304312e-7 3.433277318575058e8
5.675191815856741e-7 3.3577138839343375e8
5.685166240409171e-7 3.283633251298515e8
5.6951406649616e-7 3.2110116947074395e8
5.70511508951403e-7 3.139825705397878e8
5.715089514066459e-7 3.070051995223896e8
5.725063938618889e-7 3.00166749983875e8
5.735038363171318e-7 2.9346493816447556e8
5.745012787723748e-7 2.8689750325178885e8
5.754987212276177e-7 2.883008158795827e8
5.764961636828607e-7 2.977924280062726e8
5.774936061381036e-7 3.07580433142444e8
5.784910485933466e-7 3.1767361982072914e8
5.794884910485895e-7 3.2808102450727534e8
5.804859335038325e-7 3.388119382751735e8
5.814833759590754e-7 3.4987591364989716e8
5.824808184143183e-7 3.6128277163099056e8
5.834782608695613e-7 3.730426088943802e8
5.844757033248042e-7 3.8516580517979133e8
5.854731457800472e-7 3.976630308678159e8
5.864705882352901e-7 4.105452547513387e8
5.874680306905331e-7 4.238237520061229e8
5.88465473145776e-7 4.375101123654414e8
5.89462915601019e-7 4.5161624850380224e8
5.904603580562619e-7 4.661544046349168e8
5.914578005115049e-7 4.811371653291622e8
5.924552429667478e-7 4.96577464555959e8
5.934526854219908e-7 5.1248859495656097e8
5.944501278772337e-7 5.2888421735294616e8
5.954475703324767e-7 5.457783704985603e8
5.964450127877196e-7 5.63185481076865e8
5.974424552429626e-7 5.811203739537585e8
5.984398976982055e-7 5.99598282690051e8
5.994373401534484e-7 6.18784329501989e8
6.004347826086914e-7 6.40872791171414e8
6.014322250639343e-7 6.63719070612469e8
6.024296675191773e-7 6.873481955758773e8
6.034271099744202e-7 7.117859910696108e8
6.044245524296632e-7 7.370591039122264e8
6.054219948849061e-7 7.631950280191438e8
6.064194373401491e-7 7.902221304431906e8
6.07416879795392e-7 8.181696781912287e8
6.08414322250635e-7 8.470678658393904e8
6.094117647058779e-7 8.769478439700309e8
6.104092071611209e-7 9.078417484541649e8
6.114066496163638e-7 9.397827306038471e8
6.124040920716068e-7 9.728049882196312e8
6.134015345268497e-7 1.0069437975589193e9
6.143989769820927e-7 1.0422355462518424e9
6.153964194373356e-7 1.078717767191894e9
6.163938618925785e-7 1.1164291734295042e9
6.173913043478215e-7 1.1554096940973504e9
6.183887468030644e-7 1.1957005113971322e9
6.193861892583074e-7 1.2373440986783438e9
6.203836317135503e-7 1.28038425964036e9
6.213810741687933e-7 1.3248661686901917e9
6.223785166240362e-7 1.3708364124889543e9
6.233759590792792e-7 1.4183430327212393e9
6.243734015345221e-7 1.334919487418725e9
6.253708439897651e-7 1.1869944462156906e9
6.26368286445008e-7 1.0554182260876029e9
6.27365728900251e-7 9.383889126736635e8
6.283631713554939e-7 8.343026191066102e8
6.293606138107369e-7 7.417317891713475e8
6.303580562659798e-7 6.594058700801909e8
6.313554987212228e-7 5.861940969386843e8
6.323529411764657e-7 5.210901589506141e8
6.333503836317087e-7 4.6319854236291486e8
6.343478260869516e-7 4.117223674057545e8
6.353452685421945e-7 3.6595255633067286e8
6.363427109974375e-7 3.252581873495741e8
6.373401534526804e-7 2.8907790506111896e8
6.383375959079234e-7 2.5691227202521846e8
6.393350383631663e-7 2.2831695869548988e8
6.403324808184093e-7 2.0289668010810295e8
6.413299232736522e-7 1.8029979770058638e8
6.423273657288952e-7 1.6021351352683952e8
6.433248081841381e-7 1.4235959206188217e8
6.443222506393811e-7 1.2649055185619467e8
6.45319693094624e-7 1.1238627559800641e8
6.46317135549867e-7 9.985099275567071e7
6.473145780051099e-7 8.871059397556742e7
6.483120204603529e-7 7.951726461860955e7
6.493094629155958e-7 7.408658113918556e7
6.503069053708388e-7 6.902428131571235e7
6.513043478260817e-7 6.430556001950722e7
6.523017902813246e-7 5.99072689699446e7
6.532992327365676e-7 5.5807807040510654e7
6.542966751918105e-7 5.198701775674491e7
6.552941176470535e-7 4.842609351963413e7
6.562915601022964e-7 4.510748611790767e7
6.572890025575394e-7 4.201482312067919e7
6.582864450127823e-7 3.913282976810736e7
6.592838874680253e-7 3.6447256002315596e7
6.602813299232682e-7 3.394480830381168e7
6.612787723785112e-7 3.161308602020483e7
6.622762148337541e-7 2.9440521894187413e7
6.632736572889971e-7 2.74163265166516e7
6.6427109974424e-7 2.5530436448499046e7
6.65268542199483e-7 2.3773465771269366e7
6.662659846547259e-7 2.2136660842221357e7
6.672634271099689e-7 2.061185804401926e7
6.682608695652118e-7 1.9191444332768638e7
6.692583120204548e-7 1.7868320400865827e7
6.702557544756977e-7 1.6635866283034021e7
6.712531969309406e-7 1.548790924506155e7
6.722506393861836e-7 1.441869380518755e7
6.732480818414265e-7 1.1363870726865305e7
6.742455242966695e-7 8.47239778778011e6
6.752429667519124e-7 6.316439418921044e6
6.762404092071554e-7 4.708952822965292e6
6.772378516623983e-7 3.51044695016272e6
6.782352941176413e-7 2.6168969614526904e6
6.792327365728842e-7 1.9507293926241861e6
6.802301790281272e-7 1.4540980468962993e6
6.812276214833701e-7 1.083868699972996e6
6.822250639386131e-7 807878.4816966978
6.83222506393856e-7 602146.0605995931
6.84219948849099e-7 448791.02388288855
6.852173913043419e-7 334482.2217110426
6.862148337595849e-7 249280.6341259645
6.872122762148278e-7 185776.47856165958
6.882097186700707e-7 138445.75873196908
6.892071611253137e-7 103170.46491597182
6.902046035805566e-7 76880.81539187647
6.912020460357996e-7 57288.50560079216
6.921994884910425e-7 42687.82073511789
6.931969309462855e-7 31807.3516251533
6.941943734015284e-7 23699.44242405015
6.951918158567714e-7 17657.77167061297
6.961892583120143e-7 13155.90932016081
6.971867007672573e-7 9690.892837000225
6.981841432225002e-7 6962.248671070186
6.991815856777432e-7 5001.757652234456
7.001790281329861e-7 3593.2148791484838
7.011764705882291e-7 2581.2568317475243
7.02173913043472e-7 1854.2435934065231
7.03171355498715e-7 1331.956219103166
7.041687979539579e-7 956.755045139064
7.051662404092008e-7 687.2255129129686
7.061636828644438e-7 493.6118108846534
7.071611253196867e-7 354.5354118769764
7.081585677749297e-7 254.63702938099803
7.091560102301726e-7 182.88218944205792
7.101534526854156e-7 131.34369572679267
7.111508951406585e-7 94.32679330957065
7.121483375959015e-7 67.74059068123083
7.131457800511444e-7 48.646433949593174
7.141432225063874e-7 34.93342863742474
7.151406649616303e-7 25.08531965925286
7.161381074168733e-7 18.013012092802622
7.171355498721162e-7 12.934253428069765
7.181329923273592e-7 9.287199312293078
7.191304347826021e-7 6.66832241890281
7.201278772378451e-7 4.787809784059754
7.21125319693088e-7 3.437523757765873
7.22122762148331e-7 2.444654004559019
7.231202046035739e-7 1.7361543357121347
7.241176470588168e-7 1.2329569856477431
7.251150895140598e-7 0.8755808179047415
7.261125319693027e-7 0.6217750855957431
7.271099744245457e-7 0.44152897121105517
7.281074168797886e-7 0.31352628321067966
7.291048593350316e-7 0.22262688461140526
7.301023017902745e-7 0.1580775574913658
7.310997442455175e-7 0.11224107674945341
7.320971867007604e-7 0.07969342234062196
7.330946291560034e-7 0.05658251176628472
7.340920716112463e-7 0.040172707697340486
7.350895140664893e-7 0.02852129036797187
7.360869565217322e-7 0.020248668181394237
7.370843989769752e-7 0.014375171352991645
7.380818414322181e-7 0.010205138772047383
7.390792838874611e-7 0.007244595831591563
7.40076726342704e-7 0.005142790289358407
7.41074168797947e-7 0.0036506728785364027
7.420716112531899e-7 0.0025914123131715685
7.430690537084328e-7 0.0018394570616012689
7.440664961636758e-7 0.0013056668336518806
7.450639386189187e-7 0.0009267545234814806
7.460613810741617e-7 0.0006568965339072961
7.470588235294046e-7 0.0004647941801969898
7.480562659846476e-7 0.0003288623416144561
7.490537084398905e-7 0.00023267911449429877
7.500511508951335e-7 0.0001646229940407962
7.510485933503764e-7 0.00011646983698615519
7.520460358056194e-7 0.00008239983812501525
7.530434782608623e-7 0.000058294718570325924
7.540409207161053e-7 0.000041240323473344334
7.550383631713482e-7 0.00002917460323759922
7.560358056265912e-7 0.00002063849084170185
7.570332480818341e-7 0.000014599602745350967
7.58030690537077e-7 0.000010327478609765023
7.5902813299232e-7 7.305295248454223e-6
7.600255754475629e-7 5.167392908997626e-6
7.610230179028059e-7 3.6550681555468675e-6
7.620204603580488e-7 2.5852931549229165e-6
7.630179028132918e-7 1.8285821420941684e-6
7.640153452685347e-7 1.293330596894573e-6
7.650127877237777e-7 9.147345197402679e-7
7.660102301790206e-7 6.469505141110265e-7
7.670076726342636e-7 4.575489589754282e-7
7.680051150895065e-7 3.2358965903024986e-7
7.690025575447495e-7 2.288454534999281e-7
7.699999999999924e-7 1.6183802583035506e-7
