3.8e-7 2.0487628641534767e6
3.8195e-7 2.2208552173537165e6
3.839e-7 2.4489539837509603e6
3.8585e-7 2.761136602816211e6
3.8779999999999997e-7 3.0497460811040476e6
3.8974999999999995e-7 3.377318042706957e6
3.9169999999999994e-7 3.7882559024508204e6
3.9364999999999993e-7 4.158838858129525e6
3.955999999999999e-7 4.516664690174898e6
3.975499999999999e-7 4.834586374187857e6
3.994999999999999e-7 5.201708479998764e6
4.014499999999999e-7 5.636964071642339e6
4.0339999999999987e-7 6.512124947022822e6
4.0534999999999985e-7 7.3977426466033505e6
4.0729999999999984e-7 8.263775363804943e6
4.0924999999999983e-7 9.134251254445922e6
4.111999999999998e-7 1.0211988598099513e7
4.131499999999998e-7 1.1652943119511433e7
4.150999999999998e-7 1.3542027796352515e7
4.170499999999998e-7 1.553835628909828e7
4.1899999999999977e-7 1.6957881366424777e7
4.2094999999999976e-7 1.8852252077134077e7
4.2289999999999974e-7 2.1053136205098454e7
4.2484999999999973e-7 2.291399843577796e7
4.267999999999997e-7 2.5089909952108774e7
4.287499999999997e-7 2.759844597793209e7
4.306999999999997e-7 3.1497163723651975e7
4.326499999999997e-7 3.63323210051504e7
4.3459999999999967e-7 4.249494224826313e7
4.3654999999999966e-7 4.572499302685112e7
4.3849999999999965e-7 4.850296218711789e7
4.4044999999999963e-7 5.120428924115123e7
4.423999999999996e-7 5.475952167769628e7
4.443499999999996e-7 5.88484992537955e7
4.462999999999996e-7 6.345477339638843e7
4.482499999999996e-7 6.955986971007067e7
4.5019999999999957e-7 7.702588122318883e7
4.5214999999999956e-7 8.572199763549179e7
4.5409999999999955e-7 8.854745842278172e7
4.5604999999999953e-7 8.489663956950788e7
4.579999999999995e-7 8.658642615357722e7
4.599499999999995e-7 8.55112585321039e7
4.618999999999995e-7 7.95066938692522e7
4.638499999999995e-7 7.921273131126517e7
4.6579999999999947e-7 7.983231407669379e7
4.6774999999999946e-7 7.942993092795971e7
4.6969999999999945e-7 7.821468587105334e7
4.7164999999999944e-7 7.720751410105288e7
4.735999999999994e-7 8.021882373534052e7
4.755499999999994e-7 8.329105610418825e7
4.774999999999995e-7 8.642871821235852e7
4.794499999999995e-7 7.823493389063229e7
4.813999999999995e-7 7.238960443482272e7
4.833499999999996e-7 6.890546005220756e7
4.852999999999996e-7 6.908354569155376e7
4.872499999999997e-7 7.012543181580366e7
4.891999999999997e-7 7.198775471708196e7
4.911499999999997e-7 7.49050275404749e7
4.930999999999998e-7 7.833252180100048e7
4.950499999999998e-7 8.214927654829517e7
4.969999999999999e-7 8.778173595804168e7
4.989499999999999e-7 9.52267656551468e7
5.008999999999999e-7 1.0961037103873782e8
5.0285e-7 1.2593618613031727e8
5.048e-7 1.444299541737727e8
5.067500000000001e-7 1.555213347291564e8
5.087000000000001e-7 1.7309440542910278e8
5.106500000000001e-7 2.0503332814570725e8
5.126000000000002e-7 2.38882666667843e8
5.145500000000002e-7 2.7268497685648113e8
5.165000000000003e-7 2.9622497706789815e8
5.184500000000003e-7 3.2262102854327005e8
5.204000000000003e-7 3.574463025349842e8
5.223500000000004e-7 4.4326243478749293e8
5.243000000000004e-7 5.283956865318008e8
5.262500000000005e-7 6.107909019024563e8
5.282000000000005e-7 5.68957802572648e8
5.301500000000005e-7 5.0717129189279914e8
5.321000000000006e-7 4.2725705675808597e8
5.340500000000006e-7 3.8439045119988054e8
5.360000000000007e-7 3.474721959700304e8
5.379500000000007e-7 3.1098121225017375e8
5.399000000000008e-7 2.999377523852486e8
5.418500000000008e-7 3.01827317187511e8
5.438000000000008e-7 3.278169342447759e8
5.457500000000009e-7 3.33081518357021e8
5.477000000000009e-7 3.248216160949634e8
5.49650000000001e-7 3.122162785445304e8
5.51600000000001e-7 3.1608365855456954e8
5.53550000000001e-7 3.370431513100046e8
5.555000000000011e-7 3.535205049233688e8
5.574500000000011e-7 3.852719488786176e8
5.594000000000012e-7 4.4841094561238533e8
5.613500000000012e-7 5.351698246888872e8
5.633000000000012e-7 5.914928783635333e8
5.652500000000013e-7 5.103965007961827e8
5.672000000000013e-7 4.7740440362498724e8
5.691500000000014e-7 4.658316955683718e8
5.711000000000014e-7 4.730912336783757e8
5.730500000000014e-7 4.786300421718138e8
5.750000000000015e-7 4.8277450533629e8
5.769500000000015e-7 4.6352348622735167e8
5.789000000000016e-7 4.352682026148816e8
5.808500000000016e-7 3.972561677002761e8
5.828000000000016e-7 4.0690950909460044e8
5.847500000000017e-7 4.260042767187792e8
5.867000000000017e-7 4.513680027043283e8
5.886500000000018e-7 4.2578259125082934e8
5.906000000000018e-7 3.8578589098436105e8
5.925500000000018e-7 3.4730965226481205e8
5.945000000000019e-7 2.986320429800061e8
5.964500000000019e-7 2.513468497289876e8
5.98400000000002e-7 2.3233804659044158e8
6.00350000000002e-7 2.5032546893696737e8
6.02300000000002e-7 3.1436075927391297e8
6.042500000000021e-7 3.993573345125926e8
6.062000000000021e-7 4.866862382802363e8
6.081500000000022e-7 5.527715436868718e8
6.101000000000022e-7 6.301360320814857e8
6.120500000000023e-7 7.382066895674645e8
6.140000000000023e-7 9.364406374377873e8
6.159500000000023e-7 1.2310535368439481e9
6.179000000000024e-7 1.5983641758669615e9
6.198500000000024e-7 1.6989759479589055e9
6.218000000000025e-7 1.8186110202134137e9
6.237500000000025e-7 1.9572347185625396e9
6.257000000000025e-7 1.2518886957556458e9
6.276500000000026e-7 8.298618216211288e8
6.296000000000026e-7 5.759921530715469e8
6.315500000000027e-7 4.432837497124335e8
6.335000000000027e-7 3.4928783802585983e8
6.354500000000027e-7 2.806510669996354e8
6.374000000000028e-7 2.352555530287496e8
6.393500000000028e-7 1.9857473413483858e8
6.413000000000029e-7 1.6252212152912015e8
6.432500000000029e-7 1.3355589303730519e8
6.452000000000029e-7 1.102720289755608e8
6.47150000000003e-7 9.42954578874987e7
6.49100000000003e-7 8.419982543008496e7
6.510500000000031e-7 7.851039783915846e7
6.530000000000031e-7 7.730928127019536e7
6.549500000000031e-7 7.624419595219755e7
6.569000000000032e-7 7.493783271439457e7
6.588500000000032e-7 7.527604271165596e7
6.608000000000033e-7 7.556841840169781e7
6.627500000000033e-7 7.45990045805381e7
6.647000000000034e-7 7.318925362379569e7
6.666500000000034e-7 7.08285389616364e7
6.686000000000034e-7 6.352948028028594e7
6.705500000000035e-7 5.841287511799826e7
6.725000000000035e-7 5.4752488459343754e7
6.744500000000036e-7 5.161088239352386e7
6.764000000000036e-7 4.694375527442674e7
6.783500000000036e-7 4.078500140121008e7
6.803000000000037e-7 3.629432836681546e7
6.822500000000037e-7 3.2408779985989146e7
6.842000000000038e-7 2.894197226483512e7
6.861500000000038e-7 2.6070569071142554e7
6.881000000000038e-7 2.3580167352770165e7
6.900500000000039e-7 2.1443702460406173e7
6.920000000000039e-7 1.898121864728705e7
6.93950000000004e-7 1.6561703897494897e7
6.95900000000004e-7 1.4860610477732755e7
6.97850000000004e-7 1.329190540663004e7
6.998000000000041e-7 1.1851060289405694e7
7.017500000000041e-7 9.768168131357824e6
7.037000000000042e-7 8.567077376371993e6
7.056500000000042e-7 8.40637694531768e6
7.076000000000042e-7 8.070699920983189e6
7.095500000000043e-7 7.603897032418318e6
7.115000000000043e-7 6.874621502634484e6
7.134500000000044e-7 6.377385900571465e6
7.154000000000044e-7 5.968452732816908e6
7.173500000000044e-7 5.475279711712381e6
7.193000000000045e-7 4.990062040182511e6
7.212500000000045e-7 4.524633131814315e6
7.232000000000046e-7 3.849726183471694e6
7.251500000000046e-7 3.3102436679015877e6
7.271000000000047e-7 2.885333925720364e6
7.290500000000047e-7 2.3069602396197207e6
7.310000000000047e-7 1.8162606953724504e6
7.329500000000048e-7 1.4203129140433772e6
7.349000000000048e-7 1.216892963872213e6
7.368500000000049e-7 1.075558510918782e6
7.388000000000049e-7 953588.0844871161
7.407500000000049e-7 878101.3114125355
7.42700000000005e-7 824520.8108723748
7.44650000000005e-7 737974.729599787
7.466000000000051e-7 632936.4660071386
7.485500000000051e-7 520184.9963300096
7.505000000000051e-7 454866.17977726733
7.524500000000052e-7 370457.21772538027
7.544000000000052e-7 266176.57563620864
7.563500000000053e-7 193390.04831447432
7.583000000000053e-7 146627.61393302144
7.602500000000053e-7 125387.22387617257
7.622000000000054e-7 109846.00701624631
7.641500000000054e-7 95334.67385251989
7.661000000000055e-7 71776.39709767916
7.680500000000055e-7 55202.537066507866
