3.8e-7 5.807459074120047
3.8099744245524296e-7 6.933807479178957
3.819948849104859e-7 8.277079248264938
3.8299232736572886e-7 9.878768216342461
3.839897698209718e-7 11.788253181071184
3.8498721227621475e-7 14.064286742749204
3.859846547314577e-7 16.776763540343854
3.8698209718670064e-7 20.008820003832316
3.879795396419436e-7 23.85932741010613
3.8897698209718654e-7 28.4458514797993
3.899744245524295e-7 33.908165312685924
3.9097186700767243e-7 40.41241851659444
3.919693094629154e-7 48.15608439647718
3.9296675191815833e-7 57.37382957707221
3.939641943734013e-7 68.3444770736876
3.949616368286442e-7 81.39926535651247
3.9595907928388717e-7 96.93164326737542
3.969565217391301e-7 115.40888479908989
3.9795396419437306e-7 137.38585998307215
3.98951406649616e-7 163.52135992358652
3.9994884910485896e-7 194.59744710651137
4.009462915601019e-7 231.54238855189087
4.0194373401534485e-7 275.4578315996849
4.029411764705878e-7 327.65100298297926
4.0393861892583075e-7 389.6728547364936
4.049360613810737e-7 463.3632494058881
4.0593350383631664e-7 550.904476681475
4.069309462915596e-7 654.8846295459701
4.0792838874680254e-7 778.3726468705199
4.089258312020455e-7 925.0071588709521
4.0992327365728843e-7 1099.1016610975937
4.109207161125314e-7 1305.7690024731367
4.119181585677743e-7 1551.0687160516823
4.1291560102301727e-7 1842.1813626734938
4.139130434782602e-7 2187.6148152572373
4.1491048593350317e-7 2597.448306007751
4.159079283887461e-7 3083.621114972234
4.1690537084398906e-7 3660.2740252194026
4.17902813299232e-7 4344.153141715758
4.1890025575447495e-7 5155.0874081349275
4.198976982097179e-7 6116.553205991571
4.2089514066496085e-7 7256.3418397797195
4.218925831202038e-7 8607.348566389337
4.2289002557544674e-7 10208.505194949614
4.238874680306897e-7 12105.88225629545
4.2488491048593264e-7 14353.991427740913
4.258823529411756e-7 17017.32442633086
4.2687979539641853e-7 20172.17110249525
4.278772378516615e-7 23908.767153060176
4.2887468030690443e-7 28333.830936356124
4.298721227621474e-7 33573.559558245346
4.308695652173903e-7 39777.166995408574
4.3186700767263327e-7 47121.06187166685
4.328644501278762e-7 55813.78000532737
4.3386189258311916e-7 66101.80747248697
4.348593350383621e-7 78276.45423847796
4.3585677749360506e-7 92681.96705114727
4.36854219948848e-7 109725.10403513853
4.3785166240409095e-7 129886.43318163561
4.388491048593339e-7 153733.66375913526
4.3984654731457685e-7 181937.3748320923
4.408439897698198e-7 215289.5700415246
4.4184143222506274e-7 254725.56431126347
4.428388746803057e-7 301349.7982379764
4.4383631713554863e-7 356466.28200509126
4.448337595907916e-7 421614.4955562874
4.4583120204603453e-7 498611.71879694884
4.468286445012775e-7 589602.9386704522
4.478260869565204e-7 697119.6836766686
4.4882352941176337e-7 824149.376166603
4.498209718670063e-7 974217.0749137468
4.5081841432224926e-7 1.151481812498983e6
4.518158567774922e-7 1.3608501227326936e6
4.5281329923273516e-7 1.6081098129965756e6
4.538107416879781e-7 1.9000875771494792e6
4.5480818414322105e-7 2.2448346807639105e6
4.55805626598464e-7 2.651845698697199e6
4.5680306905370695e-7 3.1323161650414118e6
4.578005115089499e-7 3.6994460304726837e6
4.5879795396419284e-7 4.368797039111536e6
4.597953964194358e-7 5.158713568142673e6
4.6079283887467874e-7 6.090818156132417e6
4.617902813299217e-7 7.190594924286692e6
4.6278772378516463e-7 8.48807642055841e6
4.637851662404076e-7 1.0018652150321284e7
4.647826086956505e-7 1.182402027065281e7
4.6578005115089347e-7 1.3953307701927269e7
4.667774936061364e-7 1.6464388348830488e7
4.6777493606137937e-7 1.942543433862518e7
4.687723785166223e-7 2.2916741313181948e7
4.6976982097186526e-7 2.703287601221811e7
4.707672634271082e-7 3.188520284530225e7
4.7176470588235116e-7 3.760485608894525e7
4.727621483375941e-7 4.4346236020069994e7
4.7375959079283705e-7 5.2291121010626525e7
4.7475703324808e-7 6.165350371484929e7
4.7575447570332294e-7 7.2685278396926e7
4.767519181585659e-7 8.568292866114153e7
4.777493606138089e-7 9.750349734704436e7
4.787468030690518e-7 9.983013719804268e7
4.797442455242948e-7 1.0220286342777692e8
4.807416879795377e-7 1.0462238933596034e8
4.817391304347807e-7 1.0708943583849904e8
4.827365728900236e-7 1.0960473150462428e8
4.837340153452666e-7 1.121690125938337e8
4.847314578005095e-7 1.1478302309264752e8
4.857289002557525e-7 1.1744751475117406e8
4.867263427109954e-7 1.2016324711948735e8
4.877237851662384e-7 1.2293098758381335e8
4.887212276214813e-7 1.2575151140252662e8
4.897186700767243e-7 1.2862560174195525e8
4.907161125319672e-7 1.3155404971199654e8
4.917135549872102e-7 1.345376544015369e8
4.927109974424531e-7 1.3757722291368338e8
4.93708439897696e-7 1.40673570400801e8
4.94705882352939e-7 1.438275200993567e8
4.957033248081819e-7 1.4703990336457208e8
4.967007672634249e-7 1.503115597048815e8
4.976982097186678e-7 1.5364333681619865e8
4.986956521739108e-7 1.5703609061598507e8
4.996930946291537e-7 1.604906852771324e8
5.006905370843967e-7 1.6400799326164687e8
5.016879795396396e-7 1.6758889535413784e8
5.026854219948826e-7 1.7123428069511995e8
5.036828644501255e-7 1.7494504681411433e8
5.046803069053685e-7 1.7872209966256365e8
5.056777493606114e-7 1.8256635364654863e8
5.066751918158544e-7 1.8647873165931523e8
5.076726342710973e-7 1.904601651136064e8
5.086700767263403e-7 1.945115939738065e8
5.096675191815832e-7 1.9863396678788733e8
5.106649616368261e-7 2.0282824071916953e8
5.116624040920691e-7 2.0709538157788506e8
5.12659846547312e-7 2.1143636385255915e8
5.13657289002555e-7 2.158521707411879e8
5.146547314577979e-7 2.2034379418224382e8
5.156521739130409e-7 2.2491223488547605e8
5.166496163682838e-7 2.295585023625304e8
5.176470588235268e-7 2.342836149573795e8
5.186445012787697e-7 2.3908859987656674e8
5.196419437340127e-7 2.439744932192615e8
5.206393861892556e-7 2.4894234000712696e8
5.216368286444986e-7 2.5399319421400896e8
5.226342710997415e-7 2.591281187954316e8
5.236317135549845e-7 2.6434818571791643e8
5.246291560102274e-7 2.6965447598811287e8
5.256265984654704e-7 2.7504807968175185e8
5.266240409207133e-7 2.805300959724102e8
5.276214833759563e-7 2.8610163316010696e8
5.286189258311992e-7 2.917638086997047e8
5.296163682864421e-7 2.9751774922914827e8
5.306138107416851e-7 3.033645905975104e8
5.31611253196928e-7 3.0930547789287007e8
5.32608695652171e-7 3.1534156547001714e8
5.336061381074139e-7 3.214740169779751e8
5.346035805626569e-7 3.2770400538735133e8
5.356010230178998e-7 3.3403271301752156e8
5.365984654731428e-7 3.4046133156363434e8
5.375959079283857e-7 3.469910621234508e8
5.385933503836287e-7 3.536231152240134e8
5.395907928388716e-7 3.603587108481491e8
5.405882352941146e-7 3.671990784607985e8
5.415856777493575e-7 3.741454570351874e8
5.425831202046005e-7 3.811990950788328e8
5.435805626598434e-7 3.8836125065938133e8
5.445780051150864e-7 3.9563319143028647e8
5.455754475703293e-7 4.0301619465633297e8
5.465728900255722e-7 4.105115472389899e8
5.475703324808152e-7 4.1812054574161863e8
5.485677749360581e-7 4.2584449641450775e8
5.495652173913011e-7 4.336847152197753e8
5.50562659846544e-7 4.416425278560917e8
5.51560102301787e-7 4.4971926978327024e8
5.525575447570299e-7 4.5791628624669594e8
5.535549872122729e-7 4.662349323016114e8
5.545524296675158e-7 4.746765728372438e8
5.555498721227588e-7 4.832425826007934e8
5.565473145780017e-7 4.919343462212814e8
5.575447570332447e-7 5.007532582332398e8
5.585421994884876e-7 5.0970072310027e8
5.595396419437306e-7 5.1877815523845214e8
5.605370843989735e-7 5.279869790396248e8
5.615345268542165e-7 5.373286288945221e8
5.625319693094594e-7 5.468045492157651e8
5.635294117647023e-7 5.56416194460734e8
5.645268542199453e-7 5.661650291542976e8
5.655242966751882e-7 5.760525279114153e8
5.665217391304312e-7 5.860801754595988e8
5.675191815856741e-7 5.962494666612636e8
5.685166240409171e-7 6.065619065359333e8
5.6951406649616e-7 6.170190102823299e8
5.70511508951403e-7 6.276223033003421e8
5.715089514066459e-7 6.383733212128617e8
5.725063938618889e-7 6.492736098875033e8
5.735038363171318e-7 6.603247254582154e8
5.745012787723748e-7 6.715282343467551e8
5.754987212276177e-7 6.759388140270219e8
5.764961636828607e-7 6.734215428949078e8
5.774936061381036e-7 6.708785396227429e8
5.784910485933466e-7 6.683103515299606e8
5.794884910485895e-7 6.657175243915399e8
5.804859335038325e-7 6.631006023205162e8
5.814833759590754e-7 6.604601276530347e8
5.824808184143183e-7 6.577966408358839e8
5.834782608695613e-7 6.551106803165326e8
5.844757033248042e-7 6.524027824356837e8
5.854731457800472e-7 6.496734813222857e8
5.864705882352901e-7 6.469233087910454e8
5.874680306905331e-7 6.441527942424033e8
5.88465473145776e-7 6.413624645649754e8
5.89462915601019e-7 6.385528440404361e8
5.904603580562619e-7 6.357244542508556e8
5.914578005115049e-7 6.328778139884458e8
5.924552429667478e-7 6.300134391677439e8
5.934526854219908e-7 6.271318427401624e8
5.944501278772337e-7 6.242335346109678e8
5.954475703324767e-7 6.213190215585854e8
5.964450127877196e-7 6.183888071562859e8
5.974424552429626e-7 6.154433916962025e8
5.984398976982055e-7 6.124832721156454e8
5.994373401534484e-7 6.095089419257659e8
6.004347826086914e-7 6.065208911424471e8
6.014322250639343e-7 6.0351960621949e8
6.024296675191773e-7 6.005055699840426e8
6.034271099744202e-7 5.974792615742241e8
6.044245524296632e-7 5.944411563789912e8
6.054219948849061e-7 5.913917259801413e8
6.064194373401491e-7 5.883314380965091e8
6.07416879795392e-7 5.852607565302734e8
6.08414322250635e-7 5.821801411153888e8
6.094117647058779e-7 5.790900476681056e8
6.104092071611209e-7 5.759909279395508e8
6.114066496163638e-7 5.728832295703475e8
6.124040920716068e-7 5.697673960472691e8
6.134015345268497e-7 5.66643866661865e8
6.143989769820927e-7 5.635130764710641e8
6.153964194373356e-7 5.603754562597203e8
6.163938618925785e-7 5.572314325050753e8
6.173913043478215e-7 5.540814273431127e8
6.183887468030644e-7 5.509258585367686e8
6.193861892583074e-7 5.477651394460007e8
6.203836317135503e-7 5.445996789996496e8
6.213810741687933e-7 5.414298816691047e8
6.223785166240362e-7 5.382561474437115e8
6.233759590792792e-7 5.3507887180792946e8
6.243734015345221e-7 5.31898445720189e8
6.253708439897651e-7 5.287152555934189e8
6.26368286445008e-7 5.255296832772429e8
6.27365728900251e-7 5.2234210604179156e8
6.283631713554939e-7 5.191528965631092e8
6.293606138107369e-7 5.159624229101435e8
6.303580562659798e-7 5.1277104853326195e8
6.313554987212228e-7 5.095791322543002e8
6.323529411764657e-7 5.0638702825809056e8
6.333503836317087e-7 5.031950860854525e8
6.343478260869516e-7 5.000036506276264e8
6.353452685421945e-7 4.968130621220986e8
6.363427109974375e-7 4.936236561498202e8
6.373401534526804e-7 4.9043576363377833e8
6.383375959079234e-7 4.872497108388822e8
6.393350383631663e-7 4.840658193731582e8
6.403324808184093e-7 4.808844061902211e8
6.413299232736522e-7 4.777057835929738e8
6.423273657288952e-7 4.745302592385456e8
6.433248081841381e-7 4.713581361444116e8
6.443222506393811e-7 4.681897126956763e8
6.45319693094624e-7 4.650252826535096e8
6.46317135549867e-7 4.6186513516468024e8
6.473145780051099e-7 4.587095547721932e8
6.483120204603529e-7 4.55558821426973e8
6.493094629155958e-7 4.5241321050060034e8
6.503069053708388e-7 4.4927299279904246e8
6.513043478260817e-7 4.461384345773875e8
6.523017902813246e-7 4.4300979755552083e8
6.532992327365676e-7 4.398873389347559e8
6.542966751918105e-7 4.367713114153596e8
6.552941176470535e-7 4.3366196321498024e8
6.562915601022964e-7 4.3055953808792174e8
6.572890025575394e-7 4.2746427534527385e8
6.582864450127823e-7 4.243764098758437e8
6.592838874680253e-7 4.2129617216788596e8
6.602813299232682e-7 4.182237883315964e8
6.612787723785112e-7 4.1515948012236035e8
6.622762148337541e-7 4.121034649647079e8
6.632736572889971e-7 4.090559559769862e8
6.6427109974424e-7 4.0601716199669266e8
6.65268542199483e-7 4.0298728760647804e8
6.662659846547259e-7 3.99966533160775e8
6.672634271099689e-7 3.969550948130405e8
6.682608695652118e-7 3.9395316454358786e8
6.692583120204548e-7 3.909609301879912e8
6.702557544756977e-7 3.879785754660416e8
6.712531969309406e-7 3.850062800112219e8
6.722506393861836e-7 3.820442194007029e8
6.732480818414265e-7 2.893711751496722e8
6.742455242966695e-7 2.0030238297443253e8
6.752429667519124e-7 1.3864458357446375e8
6.762404092071554e-7 9.596341763875178e7
6.772378516623983e-7 6.641934309814852e7
6.782352941176413e-7 4.596947873472364e7
6.792327365728842e-7 3.1814915826650664e7
6.802301790281272e-7 2.201801871258299e7
6.812276214833701e-7 1.5237440221459584e7
6.822250639386131e-7 1.0544650145580644e7
6.83222506393856e-7 7.2969064518403355e6
6.84219948849099e-7 5.049308267789425e6
6.852173913043419e-7 3.4939087428271393e6
6.862148337595849e-7 2.417563296536967e6
6.872122762148278e-7 1.6727492115943294e6
6.882097186700707e-7 1.1573655676833172e6
6.892071611253137e-7 800750.2522519903
6.902046035805566e-7 554000.9020877236
6.912020460357996e-7 383275.25327439094
6.921994884910425e-7 265153.9275255198
6.931969309462855e-7 183430.85264428766
6.941943734015284e-7 126891.8700899062
6.951918158567714e-7 87777.32885518973
6.961892583120143e-7 60718.093964642576
6.971867007672573e-7 41999.21390683877
6.981841432225002e-7 29050.359590387998
6.991815856777432e-7 20093.206043077542
7.001790281329861e-7 13897.426718711238
7.011764705882291e-7 9611.851059848563
7.02173913043472e-7 6647.635710624982
7.03171355498715e-7 4597.428522146492
7.041687979539579e-7 3179.438345540762
7.051662404092008e-7 2198.738250248193
7.061636828644438e-7 1520.4929511627142
7.071611253196867e-7 1051.4366214217653
7.081585677749297e-7 727.058990743265
7.091560102301726e-7 502.74077858495394
7.101534526854156e-7 347.62143183371717
7.111508951406585e-7 240.3571209574207
7.121483375959015e-7 166.18641253625893
7.131457800511444e-7 114.90056229195132
7.141432225063874e-7 79.43958524176327
7.151406649616303e-7 54.921198469895884
7.161381074168733e-7 37.96918870194025
7.171355498721162e-7 26.24889066461242
7.181329923273592e-7 18.14591886526646
7.191304347826021e-7 12.543981351547673
7.201278772378451e-7 8.671222062855406
7.21125319693088e-7 5.993958609238556
7.22122762148331e-7 4.14319851756725
7.231202046035739e-7 2.863824273764408
7.241176470588168e-7 1.9794551116315808
7.251150895140598e-7 1.3681498466122324
7.261125319693027e-7 0.9456064785351018
7.271099744245457e-7 0.6535457937410923
7.281074168797886e-7 0.45167959145215947
7.291048593350316e-7 0.3121575319646662
7.301023017902745e-7 0.21572780358913798
7.310997442455175e-7 0.14908276011684365
7.320971867007604e-7 0.10302384950389515
7.330946291560034e-7 0.0711929868322541
7.340920716112463e-7 0.04919554674589323
7.350895140664893e-7 0.03399410036865223
7.360869565217322e-7 0.023489325239450434
7.370843989769752e-7 0.016230309568204336
7.380818414322181e-7 0.011214305511153202
7.390792838874611e-7 0.007748316027094253
7.40076726342704e-7 0.005353424409439242
7.41074168797947e-7 0.003698669060800014
7.420716112531899e-7 0.0025553404430881483
7.430690537084328e-7 0.0017653938144209468
7.440664961636758e-7 0.0012196185293167263
7.450639386189187e-7 0.000842550714940111
7.460613810741617e-7 0.0005820465993588272
7.470588235294046e-7 0.0004020769442556183
7.480562659846476e-7 0.0002777476142891025
7.490537084398905e-7 0.00019185861193988157
7.500511508951335e-7 0.00013252630672889348
7.510485933503764e-7 0.00009154039245278715
7.520460358056194e-7 0.00006322857064764991
7.530434782608623e-7 0.000043672084237310945
7.540409207161053e-7 0.0000301636904572372
7.550383631713482e-7 0.000020833156395643816
7.560358056265912e-7 0.000014388507778263893
7.570332480818341e-7 9.937257897467411e-6
7.58030690537077e-7 6.8628977699250055e-6
7.5902813299232e-7 4.739567379704284e-6
7.600255754475629e-7 3.2731063528911145e-6
7.610230179028059e-7 2.2603298222260678e-6
7.620204603580488e-7 1.5608955233366119e-6
7.630179028132918e-7 1.0778695822428252e-6
7.640153452685347e-7 7.443016767325841e-7
7.650127877237777e-7 5.139515938587931e-7
7.660102301790206e-7 3.54883587127382e-7
7.670076726342636e-7 2.4504177339751987e-7
7.680051150895065e-7 1.69193974701582e-7
7.690025575447495e-7 1.1682082005502135e-7
7.699999999999924e-7 8.065777495489691e-8
