3.8e-7 333182.72936847655
3.8099744245524296e-7 356595.11926825263
3.819948849104859e-7 381582.12389509944
3.8299232736572886e-7 408245.11378563027
3.839897698209718e-7 436691.7089759325
3.8498721227621475e-7 467036.14825600485
3.859846547314577e-7 499399.6793595587
3.8698209718670064e-7 533910.9712300709
3.879795396419436e-7 570706.5495636974
3.8897698209718654e-7 609931.256892712
3.899744245524295e-7 651738.7385391293
3.9097186700767243e-7 696291.955837597
3.919693094629154e-7 743763.7280996016
3.9296675191815833e-7 794337.3048676038
3.939641943734013e-7 848206.9700881788
3.949616368286442e-7 905578.6799176714
3.9595907928388717e-7 966670.7359626741
3.969565217391301e-7 1.0317144958507395e6
3.9795396419437306e-7 1.100955123124525e6
3.98951406649616e-7 1.1746523785553596e6
3.9994884910485896e-7 1.253081455079934e6
4.009462915601019e-7 1.3365338586770054e6
4.0194373401534485e-7 1.4253183376198728e6
4.029411764705878e-7 1.5197618626650334e6
4.0393861892583075e-7 1.6202106608681981e6
4.049360613810737e-7 1.7297249384607282e6
4.0593350383631664e-7 1.8485973248913402e6
4.069309462915596e-7 1.9753377967485979e6
4.0792838874680254e-7 2.110448212562644e6
4.089258312020455e-7 2.2544613033404304e6
4.0992327365728843e-7 2.407942506193036e6
4.109207161125314e-7 2.5714919032528675e6
4.119181585677743e-7 2.7457462717353255e6
4.1291560102301727e-7 2.931381251315242e6
4.139130434782602e-7 3.129113635320644e6
4.1491048593350317e-7 3.339703792596423e6
4.159079283887461e-7 3.5639582272582026e6
4.1690537084398906e-7 3.8027322839441467e6
4.17902813299232e-7 4.0569330065800133e6
4.1890025575447495e-7 4.327522159100981e6
4.198976982097179e-7 4.615519417025572e6
4.2089514066496085e-7 4.922005739250386e6
4.218925831202038e-7 5.2481269299344355e6
4.2289002557544674e-7 5.595097400865979e6
4.238874680306897e-7 5.964204145257367e6
4.2488491048593264e-7 6.356810934493596e6
4.258823529411756e-7 6.774362749971476e6
4.2687979539641853e-7 7.218390462807695e6
4.278772378516615e-7 7.690515774869823e6
4.2887468030690443e-7 8.191597589116617e6
4.298721227621474e-7 8.717802152910508e6
4.308695652173903e-7 9.276620218993947e6
4.3186700767263327e-7 9.870003480250828e6
4.328644501278762e-7 1.0500016509935107e7
4.3386189258311916e-7 1.1168843079189707e7
4.348593350383621e-7 1.1878792817193968e7
4.3585677749360506e-7 1.2632308231976748e7
4.36854219948848e-7 1.3431972110855259e7
4.3785166240409095e-7 1.4280515320429254e7
4.388491048593339e-7 1.5180825027077824e7
4.3984654731457685e-7 1.6135953359974466e7
4.408439897698198e-7 1.7149126539756913e7
4.4184143222506274e-7 1.8223754497166026e7
4.428388746803057e-7 1.93634410072028e7
4.4383631713554863e-7 2.057199436564981e7
4.448337595907916e-7 2.1853438636162832e7
4.4583120204603453e-7 2.3212025497569043e7
4.468286445012775e-7 2.4652246722502884e7
4.478260869565204e-7 2.6178847320087533e7
4.4882352941176337e-7 2.7796839377015818e7
4.498209718670063e-7 2.951151663311817e7
4.5081841432224926e-7 3.132846982932112e7
4.518158567774922e-7 3.3253602867802855e7
4.5281329923273516e-7 3.529314982615579e7
4.538107416879781e-7 3.755756349813076e7
4.5480818414322105e-7 4.001326038937677e7
4.55805626598464e-7 4.262492354392586e7
4.5680306905370695e-7 4.540218351753551e7
4.578005115089499e-7 4.835524961066143e7
4.5879795396419284e-7 5.1494943756417625e7
4.597953964194358e-7 5.4832736344434544e7
4.6079283887467874e-7 5.8380784088653944e7
4.617902813299217e-7 6.2151970053006075e7
4.6278772378516463e-7 6.6159945955118984e7
4.637851662404076e-7 7.041917687476462e7
4.647826086956505e-7 7.494498850063948e7
4.6578005115089347e-7 7.975361705634181e7
4.667774936061364e-7 8.486226205405852e7
4.6777493606137937e-7 9.028914203253464e7
4.687723785166223e-7 9.605355344438389e7
4.6976982097186526e-7 1.0217593286673965e8
4.707672634271082e-7 1.0867792271865593e8
4.7176470588235116e-7 1.1558244067858095e8
4.727621483375941e-7 1.2291375300566317e8
4.7375959079283705e-7 1.3069755197964293e8
4.7475703324808e-7 1.3896103768564877e8
4.7575447570332294e-7 1.477330043824039e8
4.767519181585659e-7 1.5704393170517492e8
4.777493606138089e-7 1.6437227213086656e8
4.787468030690518e-7 1.6425125884834996e8
4.797442455242948e-7 1.6411518867383403e8
4.807416879795377e-7 1.639641948626913e8
4.817391304347807e-7 1.6379841360880166e8
4.827365728900236e-7 1.6361798395173436e8
4.837340153452666e-7 1.6342304768408522e8
4.847314578005095e-7 1.6321374925902066e8
4.857289002557525e-7 1.629902356980831e8
4.867263427109954e-7 1.6275265649930164e8
4.877237851662384e-7 1.625011635456615e8
4.887212276214813e-7 1.6223591101397428e8
4.897186700767243e-7 1.619570552841968e8
4.907161125319672e-7 1.616647548492455e8
4.917135549872102e-7 1.613591702253413e8
4.927109974424531e-7 1.6104046386293206e8
4.93708439897696e-7 1.6070880005823427e8
4.94705882352939e-7 1.6036434486542255e8
4.957033248081819e-7 1.6000726600951836e8
4.967007672634249e-7 1.596377328000006e8
4.976982097186678e-7 1.5925591604518178e8
4.986956521739108e-7 1.5886198796737507e8
4.996930946291537e-7 1.5845612211889428e8
5.006905370843967e-7 1.5803849329890677e8
5.016879795396396e-7 1.5760927747117302e8
5.026854219948826e-7 1.59039708902697e8
5.036828644501255e-7 1.6090920893847507e8
5.046803069053685e-7 1.6278781627311227e8
5.056777493606114e-7 1.6467541684008375e8
5.066751918158544e-7 1.665718951874676e8
5.076726342710973e-7 1.6847713450132525e8
5.086700767263403e-7 1.7039101662928736e8
5.096675191815832e-7 1.723134221043318e8
5.106649616368261e-7 1.7424423016874617e8
5.116624040920691e-7 1.761833187982666e8
5.12659846547312e-7 1.7813056472638682e8
5.13657289002555e-7 1.8008584346881995e8
5.146547314577979e-7 1.8204902934812137e8
5.156521739130409e-7 1.840199955184433e8
5.166496163682838e-7 1.8599861399043044e8
5.176470588235268e-7 1.8798475565623912e8
5.186445012787697e-7 1.8997829031467396e8
5.196419437340127e-7 1.9197908669643453e8
5.206393861892556e-7 1.939870124894623e8
5.216368286444986e-7 1.960019343643823e8
5.226342710997415e-7 1.9802371800002918e8
5.236317135549845e-7 2.0005222810905117e8
5.246291560102274e-7 2.0208732846358117e8
5.256265984654704e-7 2.0412888192097485e8
5.266240409207133e-7 2.0817369690678036e8
5.276214833759563e-7 2.1572189512457007e8
5.286189258311992e-7 2.2352844925060293e8
5.296163682864421e-7 2.3160170960526618e8
5.306138107416851e-7 2.3995028168716645e8
5.31611253196928e-7 2.4858303356305674e8
5.32608695652171e-7 2.5750910346126175e8
5.336061381074139e-7 2.6673790757394773e8
5.346035805626569e-7 2.762791480737291e8
5.356010230178998e-7 2.8614282135023373e8
5.365984654731428e-7 2.9633922647239655e8
5.375959079283857e-7 3.0687897388238794e8
5.385933503836287e-7 3.177729943272394e8
5.395907928388716e-7 3.2903254803438556e8
5.405882352941146e-7 3.406692341374766e8
5.415856777493575e-7 3.5269500035900235e8
5.425831202046005e-7 3.651221529564169e8
5.435805626598434e-7 3.779633669386196e8
5.445780051150864e-7 3.912316965598216e8
5.455754475703293e-7 4.0494058609801656e8
5.465728900255722e-7 4.191038809254292e8
5.475703324808152e-7 4.33735838878521e8
5.485677749360581e-7 4.4885114193530494e8
5.495652173913011e-7 4.6446490820793915e8
5.50562659846544e-7 4.805927042587251e8
5.51560102301787e-7 4.880292097487249e8
5.525575447570299e-7 4.949330758819591e8
5.535549872122729e-7 5.019047047639706e8
5.545524296675158e-7 5.0894438110156655e8
5.555498721227588e-7 5.160523871321277e8
5.565473145780017e-7 5.232290025997073e8
5.575447570332447e-7 5.3047450473146486e8
5.585421994884876e-7 5.377891682144548e8
5.595396419437306e-7 5.451732651727474e8
5.605370843989735e-7 5.526270651449116e8
5.615345268542165e-7 5.601508350618463e8
5.625319693094594e-7 5.6774483922494e8
5.635294117647023e-7 5.754093392846069e8
5.645268542199453e-7 5.83144594219159e8
5.655242966751882e-7 5.909508603140358e8
5.665217391304312e-7 5.988283911413823e8
5.675191815856741e-7 6.067774375399861e8
5.685166240409171e-7 6.147982475955583e8
5.6951406649616e-7 6.228910666213857e8
5.70511508951403e-7 6.310561371393166e8
5.715089514066459e-7 6.392936988611164e8
5.725063938618889e-7 6.47603988670174e8
5.735038363171318e-7 6.559872406035662e8
5.745012787723748e-7 6.6444368583447e8
5.754987212276177e-7 6.593800167972578e8
5.764961636828607e-7 6.411037561675966e8
5.774936061381036e-7 6.233014478303105e8
5.784910485933466e-7 6.059619354851173e8
5.794884910485895e-7 5.890742861628623e8
5.804859335038325e-7 5.726277871337831e8
5.814833759590754e-7 5.566119428065425e8
5.824808184143183e-7 5.410164716206077e8
5.834782608695613e-7 5.2583130293449354e8
5.844757033248042e-7 5.110465739122774e8
5.854731457800472e-7 4.966526264106474e8
5.864705882352901e-7 4.826400038686932e8
5.874680306905331e-7 4.6899944820252603e8
5.88465473145776e-7 4.5572189670671964e8
5.89462915601019e-7 4.4279847896446437e8
5.904603580562619e-7 4.30220513768257e8
5.914578005115049e-7 4.1797950605283225e8
5.924552429667478e-7 4.060671438419786e8
5.934526854219908e-7 3.9447529521077406e8
5.944501278772337e-7 3.8319600526473653e8
5.954475703324767e-7 3.722214931372397e8
5.964450127877196e-7 3.6154414900654197e8
5.974424552429626e-7 3.5115653113364905e8
5.984398976982055e-7 3.410513629221698e8
5.994373401534484e-7 3.3252676083252406e8
6.004347826086914e-7 3.439013584581666e8
6.014322250639343e-7 3.5564861093552685e8
6.024296675191773e-7 3.67780229945977e8
6.034271099744202e-7 3.8030828098717797e8
6.044245524296632e-7 3.9324519367431474e8
6.054219948849061e-7 4.066037723311876e8
6.064194373401491e-7 4.203972068791058e8
6.07416879795392e-7 4.3463908403167564e8
6.08414322250635e-7 4.493433988038353e8
6.094117647058779e-7 4.6452456634368e8
6.104092071611209e-7 4.801974340958617e8
6.114066496163638e-7 4.963772943055773e8
6.124040920716068e-7 5.1307989687240875e8
6.134015345268497e-7 5.3032146256348056e8
6.143989769820927e-7 5.481186965957282e8
6.153964194373356e-7 5.664888025972373e8
6.163938618925785e-7 5.854494969579573e8
6.173913043478215e-7 6.050190235803111e8
6.183887468030644e-7 6.252161690405195e8
6.193861892583074e-7 6.460602781717567e8
6.203836317135503e-7 6.675712700805094e8
6.213810741687933e-7 6.897696546078703e8
6.223785166240362e-7 7.126765492477098e8
6.233759590792792e-7 7.363136965341164e8
6.243734015345221e-7 7.467820807459826e8
6.253708439897651e-7 7.490213383416096e8
6.26368286445008e-7 7.512366733661782e8
6.27365728900251e-7 7.534279839516872e8
6.283631713554939e-7 7.555951712138437e8
6.293606138107369e-7 7.57738139244746e8
6.303580562659798e-7 7.59856795105069e8
6.313554987212228e-7 7.619510488157966e8
6.323529411764657e-7 7.640208133494962e8
6.333503836317087e-7 7.660660046211407e8
6.343478260869516e-7 7.680865414784943e8
6.353452685421945e-7 7.700823456920485e8
6.363427109974375e-7 7.720533419445469e8
6.373401534526804e-7 7.739994578200936e8
6.383375959079234e-7 7.759206237928264e8
6.393350383631663e-7 7.778167732152112e8
6.403324808184093e-7 7.796878423059337e8
6.413299232736522e-7 7.815337701373842e8
6.423273657288952e-7 7.833544986227947e8
6.433248081841381e-7 7.851499725029734e8
6.443222506393811e-7 7.869201393326793e8
6.45319693094624e-7 7.886649494666554e8
6.46317135549867e-7 7.903843560452902e8
6.473145780051099e-7 7.92078314979949e8
6.483120204603529e-7 7.903783118901616e8
6.493094629155958e-7 7.742523557064642e8
6.503069053708388e-7 7.584278526228317e8
6.513043478260817e-7 7.428999067483056e8
6.523017902813246e-7 7.276636817707253e8
6.532992327365676e-7 7.127144007951562e8
6.542966751918105e-7 6.980473461632777e8
6.552941176470535e-7 6.836578592544731e8
6.562915601022964e-7 6.695413402693243e8
6.572890025575394e-7 6.556932479961978e8
6.582864450127823e-7 6.421090995615691e8
6.592838874680253e-7 6.287844701648047e8
6.602813299232682e-7 6.157149927979686e8
6.612787723785112e-7 6.028963579513623e8
6.622762148337541e-7 5.90324313305346e8
6.632736572889971e-7 5.779946634090861e8
6.6427109974424e-7 5.659032693468058e8
6.65268542199483e-7 5.540460483921057e8
6.662659846547259e-7 5.424189736509248e8
6.672634271099689e-7 5.3101807369368154e8
6.682608695652118e-7 5.198394321771358e8
6.692583120204548e-7 5.0887918745648813e8
6.702557544756977e-7 4.98133532188223e8
6.712531969309406e-7 4.875987129241996e8
6.722506393861836e-7 4.7727102969745964e8
6.732480818414265e-7 4.337731102900223e8
6.742455242966695e-7 3.846057715704581e8
6.752429667519124e-7 3.410004180093511e8
6.762404092071554e-7 3.0232915680387753e8
6.772378516623983e-7 2.6803482535033563e8
6.782352941176413e-7 2.3762304162163538e8
6.792327365728842e-7 2.1065514593138158e8
6.802301790281272e-7 1.8674193437971583e8
6.812276214833701e-7 1.6553809539969385e8
6.822250639386131e-7 1.4673727070891717e8
6.83222506393856e-7 1.300676707567946e8
6.84219948849099e-7 1.1528818256517188e8
6.852173913043419e-7 1.0218491479789115e8
6.862148337595849e-7 9.05681310596125e7
6.872122762148278e-7 8.026952790189332e7
6.882097186700707e-7 7.113981888142632e7
6.892071611253137e-7 6.304659033941089e7
6.902046035805566e-7 5.587239841264863e7
6.912020460357996e-7 4.951308019979803e7
6.921994884910425e-7 4.387625503802112e7
6.931969309462855e-7 3.887999453844219e7
6.941943734015284e-7 3.445164242112815e7
6.951918158567714e-7 3.0526767315218784e7
6.961892583120143e-7 2.7048233577200763e7
6.971867007672573e-7 2.389244796540666e7
6.981841432225002e-7 2.0963208693483353e7
6.991815856777432e-7 1.8392562535099577e7
7.001790281329861e-7 1.6136678806549698e7
7.011764705882291e-7 1.415707565357786e7
7.02173913043472e-7 1.2419968397388956e7
7.03171355498715e-7 1.08956971354003e7
7.041687979539579e-7 9.558223974990373e6
7.051662404092008e-7 8.384691444428691e6
7.061636828644438e-7 7.35503465008841e6
7.071611253196867e-7 6.4516406499733515e6
7.081585677749297e-7 5.659049305500514e6
7.091560102301726e-7 4.963690569535001e6
7.101534526854156e-7 4.353653780455487e6
7.111508951406585e-7 3.81848506971812e6
7.121483375959015e-7 3.349009462940685e6
7.131457800511444e-7 2.937174669821633e6
7.141432225063874e-7 2.5759139231661563e6
7.151406649616303e-7 2.259025548001414e6
7.161381074168733e-7 1.981067223581405e6
7.171355498721162e-7 1.7372631487143214e6
7.181329923273592e-7 1.523422538431764e6
7.191304347826021e-7 1.3358680711980138e6
7.201278772378451e-7 1.1713730738277305e6
7.21125319693088e-7 1.027106378854247e6
7.22122762148331e-7 928613.1194202454
7.231202046035739e-7 843226.6855188245
7.241176470588168e-7 765671.5984580186
7.251150895140598e-7 695231.5143469459
7.261125319693027e-7 631255.4299989939
7.271099744245457e-7 573151.7405853677
7.281074168797886e-7 520382.8360213309
7.291048593350316e-7 472460.1874049155
7.301023017902745e-7 428939.87921118364
7.310997442455175e-7 389418.5469353739
7.320971867007604e-7 353529.68351031793
7.330946291560034e-7 320940.28112950874
7.340920716112463e-7 291347.7781162345
7.350895140664893e-7 264477.2832179214
7.360869565217322e-7 240079.05219731483
7.370843989769752e-7 217926.19386057003
7.380818414322181e-7 197812.58472665554
7.390792838874611e-7 179550.97342108074
7.40076726342704e-7 162971.25758644956
7.41074168797947e-7 147918.91765787447
7.420716112531899e-7 134253.59326672048
7.430690537084328e-7 121847.78932398671
7.440664961636758e-7 110585.70000641164
7.450639386189187e-7 100362.13993446295
7.460613810741617e-7 90813.87763925917
7.470588235294046e-7 81861.68999456127
7.480562659846476e-7 73790.24369257013
7.490537084398905e-7 66513.06747724234
7.500511508951335e-7 59952.16156101387
7.510485933503764e-7 54037.16955729574
7.520460358056194e-7 48704.631163684906
7.530434782608623e-7 43897.30774080762
7.540409207161053e-7 39563.5736938399
7.550383631713482e-7 35656.867252124706
7.560358056265912e-7 32135.194864065215
7.570332480818341e-7 28960.683986029868
7.58030690537077e-7 26099.179551177403
7.5902813299232e-7 23519.879862149388
7.600255754475629e-7 21195.008065232887
7.610230179028059e-7 19099.515737149322
7.620204603580488e-7 17210.815452962914
7.630179028132918e-7 15508.539508215537
7.640153452685347e-7 13974.322243457847
7.650127877237777e-7 12591.603667712629
7.660102301790206e-7 11345.452301663643
7.670076726342636e-7 10222.405363840722
7.680051150895065e-7 9210.32460588514
7.690025575447495e-7 8298.266268027788
7.699999999999924e-7 7476.363774920473
