3.8e-7 1.0345504497890045e6
3.8099744245524296e-7 1.095103359641248e6
3.819948849104859e-7 1.1589861921814727e6
3.8299232736572886e-7 1.2263706852161838e6
3.839897698209718e-7 1.2974368721765836e6
3.8498721227621475e-7 1.3723734571925523e6
3.859846547314577e-7 1.4513782060464947e6
3.8698209718670064e-7 1.5346583536379198e6
3.879795396419436e-7 1.6224310286127445e6
3.8897698209718654e-7 1.7149236958361606e6
3.899744245524295e-7 1.812374617412923e6
3.9097186700767243e-7 1.9150333329850626e6
3.919693094629154e-7 2.0231611600642186e6
3.9296675191815833e-7 2.1370317151837572e6
3.939641943734013e-7 2.256931456684856e6
3.949616368286442e-7 2.383160249980673e6
3.9595907928388717e-7 2.5160319561739606e6
3.969565217391301e-7 2.6558750449355356e6
3.9795396419437306e-7 2.8030332325842013e6
3.98951406649616e-7 2.957866146343415e6
3.9994884910485896e-7 3.12075001578535e6
4.009462915601019e-7 3.292078392509939e6
4.0194373401534485e-7 3.4722628991447627e6
4.029411764705878e-7 3.66173400879101e6
4.0393861892583075e-7 3.8609418560813395e6
4.049360613810737e-7 4.0703570810582214e6
4.0593350383631664e-7 4.290471707124342e6
4.069309462915596e-7 4.521800054362473e6
4.0792838874680254e-7 4.764879689568569e6
4.089258312020455e-7 5.02027241439003e6
4.0992327365728843e-7 5.288565293011649e6
4.109207161125314e-7 5.57037172088275e6
4.119181585677743e-7 5.866332536032996e6
4.1291560102301727e-7 6.177117174579342e6
4.139130434782602e-7 6.503424872083704e6
4.1491048593350317e-7 6.845985912480388e6
4.159079283887461e-7 7.205562926352899e6
4.1690537084398906e-7 7.58295224040321e6
4.17902813299232e-7 7.978985280022078e6
4.1890025575447495e-7 8.394530026935587e6
4.198976982097179e-7 8.83049253397447e6
4.2089514066496085e-7 9.287818499082837e6
4.218925831202038e-7 9.767494900759539e6
4.2289002557544674e-7 1.0270551697200805e7
4.238874680306897e-7 1.079806359149361e7
4.2488491048593264e-7 1.1351151865290463e7
4.258823529411756e-7 1.1930986283482675e7
4.2687979539641853e-7 1.2538787072475594e7
4.278772378516615e-7 1.3175826974761145e7
4.2887468030690443e-7 1.3843433382576834e7
4.298721227621474e-7 1.4542990553536773e7
4.308695652173903e-7 1.527594191122048e7
4.3186700767263327e-7 1.6043792433809955e7
4.328644501278762e-7 1.6848111133970838e7
4.3386189258311916e-7 1.7690533633284815e7
4.348593350383621e-7 1.8572764834654726e7
4.3585677749360506e-7 1.949658169622124e7
4.36854219948848e-7 2.0463836110452347e7
4.3785166240409095e-7 2.14764578921919e7
4.388491048593339e-7 2.253645787958429e7
4.3984654731457685e-7 2.3645931151926436e7
4.408439897698198e-7 2.4807060368635777e7
4.4184143222506274e-7 2.6022119233667973e7
4.428388746803057e-7 2.7293476089864314e7
4.4383631713554863e-7 2.862359764786276e7
4.448337595907916e-7 3.001505285436231e7
4.4583120204603453e-7 3.1470516904696796e7
4.468286445012775e-7 3.2992775404837247e7
4.478260869565204e-7 3.458472868812114e7
4.4882352941176337e-7 3.624939629218137e7
4.498209718670063e-7 3.798992160173569e7
4.5081841432224926e-7 3.980957666308826e7
4.518158567774922e-7 4.171176717638945e7
4.5281329923273516e-7 4.3700037671908714e7
4.538107416879781e-7 4.5778076876780376e7
4.5480818414322105e-7 4.7949723278902434e7
4.55805626598464e-7 5.0218970894891456e7
4.5680306905370695e-7 5.25899752492283e7
4.578005115089499e-7 5.506705957196697e7
4.5879795396419284e-7 5.7654721222627185e7
4.597953964194358e-7 6.035763834814443e7
4.6079283887467874e-7 6.3180676783010714e7
4.617902813299217e-7 6.612889720001858e7
4.6278772378516463e-7 6.920756252028966e7
4.637851662404076e-7 7.242214559156501e7
4.647826086956505e-7 7.577833714403032e7
4.6578005115089347e-7 7.928205403325467e7
4.667774936061364e-7 8.293944778013954e7
4.6777493606137937e-7 8.675691341810268e7
4.687723785166223e-7 9.074109865805621e7
4.6976982097186526e-7 9.489891338209105e7
4.707672634271082e-7 9.923753947713353e7
4.7176470588235116e-7 1.0376444102021456e8
4.727621483375941e-7 1.084873748273713e8
4.7375959079283705e-7 1.1341440137860067e8
4.7475703324808e-7 1.1855389613168311e8
4.7575447570332294e-7 1.2391456123812209e8
4.767519181585659e-7 1.2950543767487255e8
4.777493606138089e-7 1.344594335436566e8
4.787468030690518e-7 1.368953923333564e8
4.797442455242948e-7 1.3936262101312974e8
4.807416879795377e-7 1.418613064768157e8
4.817391304347807e-7 1.443916339292403e8
4.827365728900236e-7 1.4695378685645854e8
4.837340153452666e-7 1.4954794699633366e8
4.847314578005095e-7 1.521742943094608e8
4.857289002557525e-7 1.5483300695044076e8
4.867263427109954e-7 1.5752426123950553e8
4.877237851662384e-7 1.6024823163450497e8
4.887212276214813e-7 1.6300509070325467e8
4.897186700767243e-7 1.6579500909625128e8
4.907161125319672e-7 1.6861815551976278e8
4.917135549872102e-7 1.714746967092914e8
4.927109974424531e-7 1.7436479740341726e8
4.93708439897696e-7 1.7728862031802893e8
4.94705882352939e-7 1.8024632612093636e8
4.957033248081819e-7 1.832380734068811e8
4.967007672634249e-7 1.8626401867293537e8
4.976982097186678e-7 1.8932431629430515e8
4.986956521739108e-7 1.924191185005267e8
4.996930946291537e-7 1.9554857535207596e8
5.006905370843967e-7 1.9871283471737933e8
5.016879795396396e-7 2.0191204225023404e8
5.026854219948826e-7 2.0514634136764473e8
5.036828644501255e-7 2.0841587322807077e8
5.046803069053685e-7 2.1172077671009412e8
5.056777493606114e-7 2.1506118839150345e8
5.066751918158544e-7 2.1843724252880338e8
5.076726342710973e-7 2.2184907103714228e8
5.086700767263403e-7 2.252968034706703e8
5.096675191815832e-7 2.2878056700332087e8
5.106649616368261e-7 2.3230048641002235e8
5.116624040920691e-7 2.358566840483375e8
5.12659846547312e-7 2.3944927984053844e8
5.13657289002555e-7 2.4307839125610545e8
5.146547314577979e-7 2.4674413329467145e8
5.156521739130409e-7 2.5044661846938854e8
5.166496163682838e-7 2.5418595679073727e8
5.176470588235268e-7 2.579622557507685e8
5.186445012787697e-7 2.6177562030778334e8
5.196419437340127e-7 2.6562615287144828e8
5.206393861892556e-7 2.695139532883479e8
5.216368286444986e-7 2.7343911882797694e8
5.226342710997415e-7 2.774017441691653e8
5.236317135549845e-7 2.8140192138694686e8
5.246291560102274e-7 2.854397399398574e8
5.256265984654704e-7 2.8951528665767884e8
5.266240409207133e-7 2.9362864572961104e8
5.276214833759563e-7 2.9777989869289184e8
5.286189258311992e-7 3.019691244218363e8
5.296163682864421e-7 3.0619639911733013e8
5.306138107416851e-7 3.104617962967413e8
5.31611253196928e-7 3.147653867842737e8
5.32608695652171e-7 3.191072387017546e8
5.336061381074139e-7 3.234874174598491e8
5.346035805626569e-7 3.279059857497072e8
5.356010230178998e-7 3.323630035350406e8
5.365984654731428e-7 3.3685852804462737e8
5.375959079283857e-7 3.413926137652432e8
5.385933503836287e-7 3.459653124350169e8
5.395907928388716e-7 3.505766730372134e8
5.405882352941146e-7 3.552267417944332e8
5.415856777493575e-7 3.599155621632336e8
5.425831202046005e-7 3.646431748291737e8
5.435805626598434e-7 3.6940961770227075e8
5.445780051150864e-7 3.7421492591286886e8
5.455754475703293e-7 3.7905913180792713e8
5.465728900255722e-7 3.8394226494771403e8
5.475703324808152e-7 3.888643521029117e8
5.485677749360581e-7 3.938254172521213e8
5.495652173913011e-7 3.9882548157978326e8
5.50562659846544e-7 4.038645634744843e8
5.51560102301787e-7 4.089426785276768e8
5.525575447570299e-7 4.140598395327833e8
5.535549872122729e-7 4.192160564847046e8
5.545524296675158e-7 4.2441133657971096e8
5.555498721227588e-7 4.2964568421572375e8
5.565473145780017e-7 4.349191009929884e8
5.575447570332447e-7 4.4023158571512055e8
5.585421994884876e-7 4.4558313439054215e8
5.595396419437306e-7 4.5097374023428154e8
5.605370843989735e-7 4.5640339367016107e8
5.615345268542165e-7 4.6187208233335334e8
5.625319693094594e-7 4.673797910732913e8
5.635294117647023e-7 4.7292650195696074e8
5.645268542199453e-7 4.7851219427254516e8
5.655242966751882e-7 4.8413684453343105e8
5.665217391304312e-7 4.898004264825661e8
5.675191815856741e-7 4.9550291109717494e8
5.685166240409171e-7 5.012442665938113e8
5.6951406649616e-7 5.070244584337733e8
5.70511508951403e-7 5.128434493288405e8
5.715089514066459e-7 5.18701199247362e8
5.725063938618889e-7 5.245976654206752e8
5.735038363171318e-7 5.305328023498585e8
5.745012787723748e-7 5.365065618128023e8
5.754987212276177e-7 5.402282843755001e8
5.764961636828607e-7 5.41650569547938e8
5.774936061381036e-7 5.430481818008492e8
5.784910485933466e-7 5.444210613290671e8
5.794884910485895e-7 5.457691521442654e8
5.804859335038325e-7 5.470924020539796e8
5.814833759590754e-7 5.483907626399505e8
5.824808184143183e-7 5.49664189235779e8
5.834782608695613e-7 5.509126409039162e8
5.844757033248042e-7 5.521360804120271e8
5.854731457800472e-7 5.533344742087027e8
5.864705882352901e-7 5.545077923985696e8
5.874680306905331e-7 5.556560087168012e8
5.88465473145776e-7 5.56779100503046e8
5.89462915601019e-7 5.578770486747857e8
5.904603580562619e-7 5.589498377001513e8
5.914578005115049e-7 5.599974555701953e8
5.924552429667478e-7 5.610198937706537e8
5.934526854219908e-7 5.620171472531905e8
5.944501278772337e-7 5.629892144061762e8
5.954475703324767e-7 5.63936097024967e8
5.964450127877196e-7 5.648578002817452e8
5.974424552429626e-7 5.657543326949147e8
5.984398976982055e-7 5.666257060980474e8
5.994373401534484e-7 5.674719356084589e8
6.004347826086914e-7 5.682930395953406e8
6.014322250639343e-7 5.690890396475387e8
6.024296675191773e-7 5.698599605409557e8
6.034271099744202e-7 5.706058302055851e8
6.044245524296632e-7 5.713266796922342e8
6.054219948849061e-7 5.7202254313889e8
6.064194373401491e-7 5.726934577367961e8
6.07416879795392e-7 5.73339463696217e8
6.08414322250635e-7 5.739606042119263e8
6.094117647058779e-7 5.745569254284252e8
6.104092071611209e-7 5.751284764048963e8
6.114066496163638e-7 5.756753090799159e8
6.124040920716068e-7 5.761974782359496e8
6.134015345268497e-7 5.766950414636041e8
6.143989769820927e-7 5.77168059125701e8
6.153964194373356e-7 5.776165943211387e8
6.163938618925785e-7 5.780407128485885e8
6.173913043478215e-7 5.784404831700181e8
6.183887468030644e-7 5.78815976374057e8
6.193861892583074e-7 5.791672661392301e8
6.203836317135503e-7 5.794944286970464e8
6.213810741687933e-7 5.797975427949893e8
6.223785166240362e-7 5.800766896593723e8
6.233759590792792e-7 5.803319529581262e8
6.243734015345221e-7 5.805634187634883e8
6.253708439897651e-7 5.807711755146127e8
6.26368286445008e-7 5.809553139801348e8
6.27365728900251e-7 5.811159272206767e8
6.283631713554939e-7 5.812531105513005e8
6.293606138107369e-7 5.813669615039548e8
6.303580562659798e-7 5.814575797898793e8
6.313554987212228e-7 5.815250672620103e8
6.323529411764657e-7 5.815695278773857e8
6.333503836317087e-7 5.815910676595579e8
6.343478260869516e-7 5.815897946610299e8
6.353452685421945e-7 5.815658189257102e8
6.363427109974375e-7 5.815192524514169e8
6.373401534526804e-7 5.814502091524293e8
6.383375959079234e-7 5.813588048220817e8
6.393350383631663e-7 5.81245157095439e8
6.403324808184093e-7 5.811093854120389e8
6.413299232736522e-7 5.809516109787071e8
6.423273657288952e-7 5.807719567324831e8
6.433248081841381e-7 5.805705473036255e8
6.443222506393811e-7 5.80347508978726e8
6.45319693094624e-7 5.801029696639515e8
6.46317135549867e-7 5.798370588483908e8
6.473145780051099e-7 5.7954990756754e8
6.483120204603529e-7 5.792416483669155e8
6.493094629155958e-7 5.78912415265823e8
6.503069053708388e-7 5.785623437212629e8
6.513043478260817e-7 5.781915705920032e8
6.523017902813246e-7 5.778002341028041e8
6.532992327365676e-7 5.773884738088261e8
6.542966751918105e-7 5.769564305602056e8
6.552941176470535e-7 5.765042464668105e8
6.562915601022964e-7 5.760320648631896e8
6.572890025575394e-7 5.755400302737197e8
6.582864450127823e-7 5.750282883779322e8
6.592838874680253e-7 5.744969859760743e8
6.602813299232682e-7 5.7394627095485e8
6.612787723785112e-7 5.733762922534028e8
6.622762148337541e-7 5.727871998295014e8
6.632736572889971e-7 5.721791446259538e8
6.6427109974424e-7 5.715522785372586e8
6.65268542199483e-7 5.709067543764822e8
6.662659846547259e-7 5.702427258423815e8
6.672634271099689e-7 5.695603474867631e8
6.682608695652118e-7 5.688597746820965e8
6.692583120204548e-7 5.681411635893731e8
6.702557544756977e-7 5.674046711262221e8
6.712531969309406e-7 5.666504549352893e8
6.722506393861836e-7 5.65878673352872e8
6.732480818414265e-7 5.014077667366869e8
6.742455242966695e-7 4.269096217714961e8
6.752429667519124e-7 3.634684951693286e8
6.762404092071554e-7 3.0944509989509076e8
6.772378516623983e-7 2.6344291163701704e8
6.782352941176413e-7 2.2427225974999097e8
6.792327365728842e-7 1.9091972344183943e8
6.802301790281272e-7 1.6252205036910507e8
6.812276214833701e-7 1.3834393017514214e8
6.822250639386131e-7 1.1775905389054354e8
6.83222506393856e-7 1.00233974019478e8
6.84219948849099e-7 8.531435168463928e7
6.852173913043419e-7 7.261323821497816e7
6.862148337595849e-7 6.180109058402788e7
6.872122762148278e-7 5.25972644647472e7
6.882097186700707e-7 4.4762766487374514e7
6.892071611253137e-7 3.8094079532058835e7
6.902046035805566e-7 3.2417902378811285e7
6.912020460357996e-7 2.7586668473729514e7
6.921994884910425e-7 2.3474728549653802e7
6.931969309462855e-7 1.9975098870751888e7
6.941943734015284e-7 1.6996691388386127e7
6.951918158567714e-7 1.4461954470458193e7
6.961892583120143e-7 1.2304863414193984e7
6.971867007672573e-7 1.0469208942429364e7
6.981841432225002e-7 8.907139545645658e6
6.991815856777432e-7 7.577920062166159e6
7.001790281329861e-7 6.446874454111824e6
7.011764705882291e-7 5.484485479341084e6
7.02173913043472e-7 4.66562800109569e6
7.03171355498715e-7 3.968916120967108e6
7.041687979539579e-7 3.3761472553448644e6
7.051662404092008e-7 2.8718287759498693e6
7.061636828644438e-7 2.442774965531362e6
7.071611253196867e-7 2.077763854991311e6
7.081585677749297e-7 1.7672450546985639e6
7.091560102301726e-7 1.503091010291891e6
7.101534526854156e-7 1.278385235704077e6
7.111508951406585e-7 1.0872420323263342e6
7.121483375959015e-7 924653.01776757
7.131457800511444e-7 786356.4815070794
7.141432225063874e-7 668726.1757542766
7.151406649616303e-7 568676.6532371719
7.161381074168733e-7 483582.69241382345
7.171355498721162e-7 411210.7157907256
7.181329923273592e-7 349660.4180572506
7.191304347826021e-7 297315.0856303912
7.201278772378451e-7 252799.31478631834
7.21125319693088e-7 214943.0276598101
7.22122762148331e-7 182750.84898225268
7.231202046035739e-7 155376.0457315716
7.241176470588168e-7 132098.3504848912
7.251150895140598e-7 112305.09026519346
7.261125319693027e-7 95475.12867033729
7.271099744245457e-7 81165.2022928719
7.281074168797886e-7 68998.29477838048
7.291048593350316e-7 58653.74494389726
7.301023017902745e-7 49858.830561834366
7.310997442455175e-7 42381.60788058715
7.320971867007604e-7 36024.8196983334
7.330946291560034e-7 30620.712681354755
7.340920716112463e-7 26026.62834615151
7.350895140664893e-7 22121.252321992764
7.360869565217322e-7 18801.4237021149
7.370843989769752e-7 15979.420924433882
7.380818414322181e-7 13580.653076860777
7.390792838874611e-7 11541.696122094208
7.40076726342704e-7 9808.622557953902
7.41074168797947e-7 8335.58070677575
7.420716112531899e-7 7083.586361064921
7.430690537084328e-7 6019.495072726022
7.440664961636758e-7 5115.128104685625
7.450639386189187e-7 4346.529089953269
7.460613810741617e-7 3693.331869161862
7.470588235294046e-7 3138.222892779497
7.480562659846476e-7 2666.4840545897514
7.490537084398905e-7 2265.6039334713314
7.500511508951335e-7 1924.947216097776
7.510485933503764e-7 1635.4736008525665
7.520460358056194e-7 1389.498782947781
7.530434782608623e-7 1180.4912264387476
7.540409207161053e-7 1002.8993694682248
7.550383631713482e-7 852.004709269683
7.560358056265912e-7 723.7968941612836
7.570332480818341e-7 614.8675287962661
7.58030690537077e-7 522.319891473708
7.5902813299232e-7 443.6921812640525
7.600255754475629e-7 376.89226905116465
7.610230179028059e-7 320.14222968292916
7.620204603580488e-7 271.931190207833
7.630179028132918e-7 230.9752484214328
7.640153452685347e-7 196.18340241050396
7.650127877237777e-7 166.62859036140023
7.660102301790206e-7 141.52307475917357
7.670076726342636e-7 120.19751978973525
7.680051150895065e-7 102.0832082841648
7.690025575447495e-7 86.6969274771256
7.699999999999924e-7 73.628123372198
