3.8e-7 1414.7670882408488
3.8099744245524296e-7 1597.0253301833498
3.819948849104859e-7 1802.4298613016163
3.8299232736572886e-7 2033.879839114562
3.839897698209718e-7 2294.6327381849796
3.8498721227621475e-7 2588.3480701626218
3.859846547314577e-7 2919.1363727910707
3.8698209718670064e-7 3291.614095381887
3.879795396419436e-7 3710.9650821453797
3.8897698209718654e-7 4183.009437260578
3.899744245524295e-7 4714.2806476566275
3.9097186700767243e-7 5312.111942270653
3.919693094629154e-7 5984.732981274302
3.9296675191815833e-7 6741.378096793292
3.939641943734013e-7 7592.407449509453
3.949616368286442e-7 8549.442624933405
3.9595907928388717e-7 9625.518370963928
3.969565217391301e-7 10835.252376714521
3.9795396419437306e-7 12195.035213838015
3.98951406649616e-7 13723.24280833243
3.9994884910485896e-7 15440.474085971853
4.009462915601019e-7 17369.816741317998
4.0194373401534485e-7 19537.14442233573
4.029411764705878e-7 21971.449003969105
4.0393861892583075e-7 24705.212049099107
4.049360613810737e-7 27743.60068473016
4.0593350383631664e-7 31123.64538745799
4.069309462915596e-7 34910.1626411649
4.0792838874680254e-7 39151.42359607371
4.089258312020455e-7 43901.36300288444
4.0992327365728843e-7 49220.23603542734
4.109207161125314e-7 55175.35044125196
4.119181585677743e-7 61841.88256721969
4.1291560102301727e-7 69303.78676707267
4.139130434782602e-7 77654.80876461243
4.1491048593350317e-7 86999.61473130611
4.159079283887461e-7 97455.04915387335
4.1690537084398906e-7 109151.53603018692
4.17902813299232e-7 122234.63955667824
4.1890025575447495e-7 136866.8022751599
4.198976982097179e-7 153229.28065133863
4.2089514066496085e-7 171524.30028309
4.218925831202038e-7 191977.45540816413
4.2289002557544674e-7 214840.3801251647
4.238874680306897e-7 240393.7217882967
4.2488491048593264e-7 268950.4504184699
4.258823529411756e-7 300859.5417275585
4.2687979539641853e-7 336510.0755194642
4.278772378516615e-7 376335.7958561297
4.2887468030690443e-7 422036.78208757984
4.298721227621474e-7 482886.6908783801
4.308695652173903e-7 552439.2637170948
4.3186700767263327e-7 631929.45675149
4.328644501278762e-7 722766.1585100209
4.3386189258311916e-7 826556.5096647112
4.348593350383621e-7 945133.5996005106
4.3585677749360506e-7 1.0805880055232684e6
4.36854219948848e-7 1.2353037036591552e6
4.3785166240409095e-7 1.411998954610556e6
4.388491048593339e-7 1.6137728473136697e6
4.3984654731457685e-7 1.8441582796263457e6
4.408439897698198e-7 2.107182259875484e6
4.4184143222506274e-7 2.407434534430059e6
4.428388746803057e-7 2.7501456834871583e6
4.4383631713554863e-7 3.1412759829752264e6
4.448337595907916e-7 3.5876165072980765e6
4.4583120204603453e-7 4.096904148408973e6
4.468286445012775e-7 4.6779524546397235e6
4.478260869565204e-7 5.340800451473238e6
4.4882352941176337e-7 6.09688190018266e6
4.498209718670063e-7 6.95921778366865e6
4.5081841432224926e-7 7.942635187234954e6
4.518158567774922e-7 9.064016171491966e6
4.5281329923273516e-7 1.0342580721916487e7
4.538107416879781e-7 1.183394758393601e7
4.5480818414322105e-7 1.3556476061802132e7
4.55805626598464e-7 1.5528057274802282e7
4.5680306905370695e-7 1.7784468522419535e7
4.578005115089499e-7 2.0366594695788987e7
4.5879795396419284e-7 2.3321153073792223e7
4.597953964194358e-7 2.6701520378443982e7
4.6079283887467874e-7 3.0568676436883565e7
4.617902813299217e-7 3.499228079949811e7
4.6278772378516463e-7 4.005190094388913e7
4.637851662404076e-7 4.583841329096851e7
4.647826086956505e-7 5.2455601216094926e7
4.6578005115089347e-7 6.0021977604542345e7
4.667774936061364e-7 6.867286333321589e7
4.6777493606137937e-7 7.856275742368372e7
4.687723785166223e-7 8.986803957833606e7
4.6976982097186526e-7 1.0279005146492986e8
4.707672634271082e-7 1.175586095494179e8
4.7176470588235116e-7 1.3443600960021025e8
4.727621483375941e-7 1.53721591321042e8
4.7375959079283705e-7 1.7575694105324858e8
4.7475703324808e-7 2.0093182127930358e8
4.7575447570332294e-7 2.2969092793743744e8
4.767519181585659e-7 2.6254159052581495e8
4.777493606138089e-7 2.889385271549011e8
4.787468030690518e-7 2.8389219852558976e8
4.797442455242948e-7 2.7890826423520076e8
4.807416879795377e-7 2.739867005497952e8
4.817391304347807e-7 2.6912745724390036e8
4.827365728900236e-7 2.643304584090071e8
4.837340153452666e-7 2.595956032546458e8
4.847314578005095e-7 2.549227669015843e8
4.857289002557525e-7 2.5031180116674882e8
4.867263427109954e-7 2.4576253533945277e8
4.877237851662384e-7 2.412747769485861e8
4.887212276214813e-7 2.3684831252040198e8
4.897186700767243e-7 2.324829083265845e8
4.907161125319672e-7 2.2817831112230763e8
4.917135549872102e-7 2.239342488739834e8
4.927109974424531e-7 2.1975043147646454e8
4.93708439897696e-7 2.1562655145945182e8
4.94705882352939e-7 2.1156228468289173e8
4.957033248081819e-7 2.0755729102117047e8
4.967007672634249e-7 2.0361121503592113e8
4.976982097186678e-7 1.997236866372858e8
4.986956521739108e-7 1.958943217334887e8
4.996930946291537e-7 1.9212272286859837e8
5.006905370843967e-7 1.8840847984836578e8
5.016879795396396e-7 1.847511703540427e8
5.026854219948826e-7 1.8191572807321694e8
5.036828644501255e-7 1.79283908067611e8
5.046803069053685e-7 1.7667619682938474e8
5.056777493606114e-7 1.740927357536593e8
5.066751918158544e-7 1.7153365417561123e8
5.076726342710973e-7 1.6899906961991814e8
5.086700767263403e-7 1.6648908805025008e8
5.096675191815832e-7 1.640038041186196e8
5.106649616368261e-7 1.6154330141441265e8
5.116624040920691e-7 1.5910765271292347e8
5.12659846547312e-7 1.566969202232361e8
5.13657289002555e-7 1.5431115583528197e8
5.146547314577979e-7 1.5195040136593157e8
5.156521739130409e-7 1.4961468880396104e8
5.166496163682838e-7 1.4730404055376336e8
5.176470588235268e-7 1.4501846967765963e8
5.186445012787697e-7 1.4275798013668904e8
5.196419437340127e-7 1.4052256702974617e8
5.206393861892556e-7 1.383122168309538e8
5.216368286444986e-7 1.3612690762515593e8
5.226342710997415e-7 1.3396660934142476e8
5.236317135549845e-7 1.3183128398447922e8
5.246291560102274e-7 1.2972088586391877e8
5.256265984654704e-7 1.2763536182118604e8
5.266240409207133e-7 1.2923780734245731e8
5.276214833759563e-7 1.3727480900252804e8
5.286189258311992e-7 1.458016105301387e8
5.296163682864421e-7 1.5484749063179028e8
5.306138107416851e-7 1.6444344632009563e8
5.31611253196928e-7 1.7462229201604375e8
5.32608695652171e-7 1.8541876427371645e8
5.336061381074139e-7 1.9686963244154364e8
5.346035805626569e-7 2.0901381559148362e8
5.356010230178998e-7 2.2189250606573945e8
5.365984654731428e-7 2.355493000098516e8
5.375959079283857e-7 2.5003033528126433e8
5.385933503836287e-7 2.6538443714383397e8
5.395907928388716e-7 2.816632721812708e8
5.405882352941146e-7 2.989215108862358e8
5.415856777493575e-7 3.172169994068436e8
5.425831202046005e-7 3.366109409587194e8
5.435805626598434e-7 3.5716808743852216e8
5.445780051150864e-7 3.789569418041907e8
5.455754475703293e-7 4.020499718180435e8
5.465728900255722e-7 4.265238357813978e8
5.475703324808152e-7 4.5245962092372316e8
5.485677749360581e-7 4.799430951454435e8
5.495652173913011e-7 5.0906497285167855e8
5.50562659846544e-7 5.399211956542914e8
5.51560102301787e-7 5.491020939585956e8
5.525575447570299e-7 5.56847047096164e8
5.535549872122729e-7 5.646675994387624e8
5.545524296675158e-7 5.725640619265969e8
5.555498721227588e-7 5.805367426700139e8
5.565473145780017e-7 5.885859469231924e8
5.575447570332447e-7 5.967119770582116e8
5.585421994884876e-7 6.049151325395333e8
5.595396419437306e-7 6.131957098988591e8
5.605370843989735e-7 6.21554002710407e8
5.615345268542165e-7 6.299903015665675e8
5.625319693094594e-7 6.385048940539647e8
5.635294117647023e-7 6.470980647299186e8
5.645268542199453e-7 6.557700950993102e8
5.655242966751882e-7 6.645212635918461e8
5.665217391304312e-7 6.733518455397172e8
5.675191815856741e-7 6.82262113155679e8
5.685166240409171e-7 6.912523355115113e8
5.6951406649616e-7 7.003227785169072e8
5.70511508951403e-7 7.094737048987383e8
5.715089514066459e-7 7.187053741807486e8
5.725063938618889e-7 7.280180426636407e8
5.735038363171318e-7 7.374119634055679e8
5.745012787723748e-7 7.468873862030326e8
5.754987212276177e-7 7.316425589246253e8
5.764961636828607e-7 6.931732680708842e8
5.774936061381036e-7 6.566923031822022e8
5.784910485933466e-7 6.220989099522861e8
5.794884910485895e-7 5.892973223711301e8
5.804859335038325e-7 5.581965225271902e8
5.814833759590754e-7 5.28710011587451e8
5.824808184143183e-7 5.007555914572964e8
5.834782608695613e-7 4.742551566430715e8
5.844757033248042e-7 4.4913449586035514e8
5.854731457800472e-7 4.25323102950273e8
5.864705882352901e-7 4.027539966848142e8
5.874680306905331e-7 3.813635490599622e8
5.88465473145776e-7 3.610913216926003e8
5.89462915601019e-7 3.4187990995362765e8
5.904603580562619e-7 3.236747944855718e8
5.914578005115049e-7 3.0642419976813656e8
5.924552429667478e-7 2.9007895940972704e8
5.934526854219908e-7 2.745923878569748e8
5.944501278772337e-7 2.5992015822771677e8
5.954475703324767e-7 2.460201859857429e8
5.964450127877196e-7 2.3285251818799755e8
5.974424552429626e-7 2.2037922804675725e8
5.984398976982055e-7 2.085643145606441e8
5.994373401534484e-7 1.9899719180482587e8
6.004347826086914e-7 2.14685036707961e8
6.014322250639343e-7 2.3159892516363716e8
6.024296675191773e-7 2.498338848059801e8
6.034271099744202e-7 2.694922507232327e8
6.044245524296632e-7 2.9068422318287194e8
6.054219948849061e-7 3.135284676208994e8
6.064194373401491e-7 3.381527600764297e8
6.07416879795392e-7 3.6469468149054617e8
6.08414322250635e-7 3.9330236454402035e8
6.094117647058779e-7 4.2413529698300767e8
6.104092071611209e-7 4.5736518567682314e8
6.114066496163638e-7 4.931768859687391e8
6.124040920716068e-7 5.317694012211161e8
6.134015345268497e-7 5.73356957821778e8
6.143989769820927e-7 6.181701613113122e8
6.153964194373356e-7 6.664572397127477e8
6.163938618925785e-7 7.184853805982013e8
6.173913043478215e-7 7.745421689137274e8
6.183887468030644e-7 8.349371331062338e8
6.193861892583074e-7 9.000034076577706e8
6.203836317135503e-7 9.700995207352993e8
6.213810741687933e-7 1.0456113163115908e9
6.223785166240362e-7 1.1269540208081691e9
6.233759590792792e-7 1.2145744650580156e9
6.243734015345221e-7 1.2222691329543054e9
6.253708439897651e-7 1.1804220809628677e9
6.26368286445008e-7 1.1399612640278292e9
6.27365728900251e-7 1.100842629171295e9
6.283631713554939e-7 1.0630234489754527e9
6.293606138107369e-7 1.0264622846406347e9
6.303580562659798e-7 9.911189499563764e8
6.313554987212228e-7 9.569544761676809e8
6.323529411764657e-7 9.239310777187035e8
6.333503836317087e-7 8.920121188562685e8
6.343478260869516e-7 8.6116208107585e8
6.353452685421945e-7 8.313465313927176e8
6.363427109974375e-7 8.025320914212824e8
6.373401534526804e-7 7.746864072457126e8
6.383375959079234e-7 7.477781200651882e8
6.393350383631663e-7 7.217768375973299e8
6.403324808184093e-7 6.966531062235554e8
6.413299232736522e-7 6.723783838602717e8
6.423273657288952e-7 6.489250135401509e8
6.433248081841381e-7 6.262661976877832e8
6.443222506393811e-7 6.043759730743788e8
6.45319693094624e-7 5.832291864363252e8
6.46317135549867e-7 5.62801470742632e8
6.473145780051099e-7 5.43069222096577e8
6.483120204603529e-7 5.1993260172164005e8
6.493094629155958e-7 4.811977970383791e8
6.503069053708388e-7 4.4533253846896434e8
6.513043478260817e-7 4.121255292453502e8
6.523017902813246e-7 3.8138092963918626e8
6.532992327365676e-7 3.5291723424390286e8
6.542966751918105e-7 3.2656623017531586e8
6.552941176470535e-7 3.0217203040796196e8
6.562915601022964e-7 2.795901768737917e8
6.572890025575394e-7 2.58686808330568e8
6.582864450127823e-7 2.3933788836135268e8
6.592838874680253e-7 2.214284891956589e8
6.602813299232682e-7 2.0485212734886605e8
6.612787723785112e-7 1.8951014736107388e8
6.622762148337541e-7 1.753111501810435e8
6.632736572889971e-7 1.6217046298679203e8
6.6427109974424e-7 1.5000964746294114e8
6.65268542199483e-7 1.3875604376735222e8
6.662659846547259e-7 1.2834234761701998e8
6.672634271099689e-7 1.187062181066675e8
6.682608695652118e-7 1.0978991404400131e8
6.692583120204548e-7 1.0153995674401732e8
6.702557544756977e-7 9.39068173719704e7
6.712531969309406e-7 8.684462706139676e7
6.722506393861836e-7 8.031090816066235e7
6.732480818414265e-7 6.629700486370336e7
6.742455242966695e-7 5.2694645129625045e7
6.752429667519124e-7 4.1881767663659096e7
6.762404092071554e-7 3.328660708521899e7
6.772378516623983e-7 2.645453466262117e7
6.782352941176413e-7 2.102407307187124e7
6.792327365728842e-7 1.670781986442677e7
6.802301790281272e-7 1.327727558826562e7
6.812276214833701e-7 1.0550777769695636e7
6.822250639386131e-7 8.38390528709217e6
6.83222506393856e-7 6.661847616322159e6
6.84219948849099e-7 5.293336817347444e6
6.852173913043419e-7 4.205822387431369e6
6.862148337595849e-7 3.341634546016919e6
6.872122762148278e-7 2.6549335756850047e6
6.882097186700707e-7 2.109284256961902e6
6.892071611253137e-7 1.6757273779953227e6
6.902046035805566e-7 1.3312465046656881e6
6.912020460357996e-7 1.0575490402247736e6
6.921994884910425e-7 840097.1822391292
6.931969309462855e-7 667337.570627395
6.941943734015284e-7 530088.9078241447
6.951918158567714e-7 421055.1726369046
6.961892583120143e-7 334438.68237906555
6.971867007672573e-7 261308.0763393081
6.981841432225002e-7 196921.86212103997
6.991815856777432e-7 148396.07334308693
7.001790281329861e-7 111824.84754032282
7.011764705882291e-7 84263.92895405245
7.02173913043472e-7 63493.99229344945
7.03171355498715e-7 47842.20184161945
7.041687979539579e-7 36047.68100632669
7.051662404092008e-7 27160.090050076735
7.061636828644438e-7 20463.166379199247
7.071611253196867e-7 15417.085252978395
7.081585677749297e-7 11615.009629840315
7.091560102301726e-7 8750.337190495307
7.101534526854156e-7 6592.011703530037
7.111508951406585e-7 4965.913716384398
7.121483375959015e-7 3740.83402117981
7.131457800511444e-7 2817.901646170992
7.141432225063874e-7 2122.6158121788035
7.151406649616303e-7 1598.8406560026028
7.161381074168733e-7 1204.279366346259
7.171355498721162e-7 907.0633761366096
7.181329923273592e-7 683.1819652700175
7.191304347826021e-7 514.5452561962171
7.201278772378451e-7 387.5245651160645
7.21125319693088e-7 291.8525009813182
7.22122762148331e-7 219.9015712960767
7.231202046035739e-7 165.69605735144626
7.241176470588168e-7 124.84888998590543
7.251150895140598e-7 94.0688669041391
7.261125319693027e-7 70.87546228836393
7.271099744245457e-7 53.39919479944569
7.281074168797886e-7 40.23114300228029
7.291048593350316e-7 30.30951176932768
7.301023017902745e-7 22.834129673264894
7.310997442455175e-7 17.202001645470855
7.320971867007604e-7 12.958733317154604
7.330946291560034e-7 9.761919269317225
7.340920716112463e-7 7.353549301867441
7.350895140664893e-7 5.539212014640004
7.360869565217322e-7 4.172421706054136
7.370843989769752e-7 3.1428067488132676
7.380818414322181e-7 2.367208305908774
7.390792838874611e-7 1.7829724690700153
7.40076726342704e-7 1.3428954588145134
7.41074168797947e-7 1.0114146123343093
7.420716112531899e-7 0.761738202508489
7.430690537084328e-7 0.5736827452260996
7.440664961636758e-7 0.43204344454157817
7.450639386189187e-7 0.3253663807482616
7.460613810741617e-7 0.2446821126315095
7.470588235294046e-7 0.1836720752057118
7.480562659846476e-7 0.13787127638557406
7.490537084398905e-7 0.10348901510659127
7.500511508951335e-7 0.07767916483383364
7.510485933503764e-7 0.05830485495020249
7.520460358056194e-7 0.04376176304307026
7.530434782608623e-7 0.0328454231864569
7.540409207161053e-7 0.02465158880129243
7.550383631713482e-7 0.01850141779693717
7.560358056265912e-7 0.013885297493373572
7.570332480818341e-7 0.010420666350621393
7.58030690537077e-7 0.007820345784596191
7.5902813299232e-7 0.0058687637228861875
7.600255754475629e-7 0.004404103707637619
7.610230179028059e-7 0.003304903111128151
7.620204603580488e-7 0.0024799918219994897
7.630179028132918e-7 0.0018609389530556296
7.640153452685347e-7 0.0013963825228111356
7.650127877237777e-7 0.0010477728026811114
7.660102301790206e-7 0.0007861769652904405
7.670076726342636e-7 0.0005898804791049878
7.680051150895065e-7 0.0004425866268601399
7.690025575447495e-7 0.0003320650295389549
7.699999999999924e-7 0.00024913722629509293
