3.8e-7 29.46123647964714
3.8099744245524296e-7 35.916579204332
3.819948849104859e-7 43.77827813603209
3.8299232736572886e-7 53.351020850711286
3.839897698209718e-7 65.00515051824472
3.8498721227621475e-7 79.19073994717262
3.859846547314577e-7 96.45466732969102
3.8698209718670064e-7 117.46133075551876
3.879795396419436e-7 143.0177731316911
3.8897698209718654e-7 174.1041520084235
3.899744245524295e-7 211.910685891763
3.9097186700767243e-7 257.88244707921893
3.919693094629154e-7 313.77365953307134
3.9296675191815833e-7 381.71350925564036
3.939641943734013e-7 464.28589667255767
3.949616368286442e-7 564.6260709082918
3.9595907928388717e-7 686.5377029632118
3.969565217391301e-7 834.6347009047132
3.9795396419437306e-7 1014.512972108791
3.98951406649616e-7 1232.958427738786
3.9994884910485896e-7 1498.1988421424996
4.009462915601019e-7 1820.208771902294
4.0194373401534485e-7 2211.078662865582
4.029411764705878e-7 2685.461597374449
4.0393861892583075e-7 3261.113941064874
4.049360613810737e-7 4016.0974680223358
4.0593350383631664e-7 4999.950614087778
4.069309462915596e-7 6223.876484881959
4.0792838874680254e-7 7746.231792406797
4.089258312020455e-7 9639.505846582608
4.0992327365728843e-7 11993.730779449237
4.109207161125314e-7 14920.711778976873
4.119181585677743e-7 18559.273837742418
4.1291560102301727e-7 23081.768456159727
4.139130434782602e-7 28702.14184849058
4.1491048593350317e-7 35685.93813454414
4.159079283887461e-7 44362.70004034344
4.1690537084398906e-7 55141.339832222904
4.17902813299232e-7 68529.18958438504
4.1890025575447495e-7 85155.60862776692
4.198976982097179e-7 105801.23480931489
4.2089514066496085e-7 131434.224474331
4.218925831202038e-7 163255.1455724579
4.2289002557544674e-7 202752.58344035762
4.238874680306897e-7 251772.00749800284
4.2488491048593264e-7 312601.05138439406
4.258823529411756e-7 388075.106220618
4.2687979539641853e-7 481708.050405322
4.278772378516615e-7 597854.0812197535
4.2887468030690443e-7 734497.505316922
4.298721227621474e-7 841029.4842530322
4.308695652173903e-7 962889.5796341252
4.3186700767263327e-7 1.1022662563001767e6
4.328644501278762e-7 1.2616581159385915e6
4.3386189258311916e-7 1.4439175334969023e6
4.348593350383621e-7 1.6523003909719698e6
4.3585677749360506e-7 1.8905227549237625e6
4.36854219948848e-7 2.162825460790549e6
4.3785166240409095e-7 2.474047699811741e6
4.388491048593339e-7 2.8297108552750493e6
4.3984654731457685e-7 3.2361140063718455e6
4.408439897698198e-7 3.7004427129797945e6
4.4184143222506274e-7 4.230892916386281e6
4.428388746803057e-7 4.836812042943178e6
4.4383631713554863e-7 5.528859684015547e6
4.448337595907916e-7 6.319190551022012e6
4.4583120204603453e-7 7.221662774162411e6
4.468286445012775e-7 8.2520750335986065e6
4.478260869565204e-7 9.428436489226233e6
4.4882352941176337e-7 1.0771274017484678e7
4.498209718670063e-7 1.2303981879691927e7
4.5081841432224926e-7 1.4053219646122657e7
4.518158567774922e-7 1.6049364994783383e7
4.5281329923273516e-7 1.8327028906404693e7
4.538107416879781e-7 2.042738842618401e7
4.5480818414322105e-7 2.251796875302903e7
4.55805626598464e-7 2.4819825270499974e7
4.5680306905370695e-7 2.7354052838502023e7
4.578005115089499e-7 3.0143828212159e7
4.5879795396419284e-7 3.3214613235675007e7
4.597953964194358e-7 3.6594377658201806e7
4.6079283887467874e-7 4.031384344742386e7
4.617902813299217e-7 4.440675265415056e7
4.6278772378516463e-7 4.8910161075431064e7
4.637851662404076e-7 5.3864760176152624e7
4.647826086956505e-7 5.93152299614135e7
4.6578005115089347e-7 6.531062574604535e7
4.667774936061364e-7 7.190480204550041e7
4.6777493606137937e-7 7.915687711612509e7
4.687723785166223e-7 8.713174200502902e7
4.6976982097186526e-7 9.590061833292776e7
4.707672634271082e-7 1.055416694303885e8
4.7176470588235116e-7 1.1614066988195363e8
4.727621483375941e-7 1.2779173900706705e8
4.7375959079283705e-7 1.405981443253615e8
4.7475703324808e-7 1.546731816206682e8
4.7575447570332294e-7 1.7014113883765185e8
4.767519181585659e-7 1.871383517219652e8
4.777493606138089e-7 1.9979916929628822e8
4.787468030690518e-7 1.9513637779095492e8
4.797442455242948e-7 1.9056481669153553e8
4.807416879795377e-7 1.8608329112847957e8
4.817391304347807e-7 1.816906010869875e8
4.827365728900236e-7 1.7738554236361238e8
4.837340153452666e-7 1.731669074899117e8
4.847314578005095e-7 1.6903348662360406e8
4.857289002557525e-7 1.6498406840770122e8
4.867263427109954e-7 1.6101744079807565e8
4.877237851662384e-7 1.5713239185998046e8
4.887212276214813e-7 1.533277105340109e8
4.897186700767243e-7 1.49602187372034e8
4.907161125319672e-7 1.4595461524362645e8
4.917135549872102e-7 1.4238379001354286e8
4.927109974424531e-7 1.3888851119077578e8
4.93708439897696e-7 1.3546758254976732e8
4.94705882352939e-7 1.3211981272432055e8
4.957033248081819e-7 1.2884401577479407e8
4.967007672634249e-7 1.2563901172914596e8
4.976982097186678e-7 1.2250362709840107e8
4.986956521739108e-7 1.1943669536712612e8
4.996930946291537e-7 1.1643705745949075e8
5.006905370843967e-7 1.1350356218149444e8
5.016879795396396e-7 1.106350666399412e8
5.026854219948826e-7 1.1570791619518645e8
5.036828644501255e-7 1.2298874015700181e8
5.046803069053685e-7 1.3071737054812354e8
5.056777493606114e-7 1.3892075346311724e8
5.066751918158544e-7 1.4762742292306572e8
5.076726342710973e-7 1.5686759261378214e8
5.086700767263403e-7 1.6667325282550445e8
5.096675191815832e-7 1.7707827288383278e8
5.106649616368261e-7 1.881185093775387e8
5.116624040920691e-7 1.9983192050561976e8
5.12659846547312e-7 2.1225868688361555e8
5.13657289002555e-7 2.2544133916775537e8
5.146547314577979e-7 2.3942489287513798e8
5.156521739130409e-7 2.542569907987471e8
5.166496163682838e-7 2.6998805343786895e8
5.176470588235268e-7 2.866714378874104e8
5.186445012787697e-7 3.0436360565373147e8
5.196419437340127e-7 3.2312429989008355e8
5.206393861892556e-7 3.430167325715206e8
5.216368286444986e-7 3.641077821574351e8
5.226342710997415e-7 3.8646820231956196e8
5.236317135549845e-7 4.1017284234472096e8
5.246291560102274e-7 4.353008798545051e8
5.256265984654704e-7 4.619360665189891e8
5.266240409207133e-7 4.78257007831871e8
5.276214833759563e-7 4.7523270398442435e8
5.286189258311992e-7 4.721951295331058e8
5.296163682864421e-7 4.6914496981664735e8
5.306138107416851e-7 4.6608290335273635e8
5.31611253196928e-7 4.6300960171883553e8
5.32608695652171e-7 4.5992572943850803e8
5.336061381074139e-7 4.5683194387318945e8
5.346035805626569e-7 4.5372889511935425e8
5.356010230178998e-7 4.506172259109882e8
5.365984654731428e-7 4.4749757152730906e8
5.375959079283857e-7 4.443705597056467e8
5.385933503836287e-7 4.4123681055941147e8
5.395907928388716e-7 4.380969365011032e8
5.405882352941146e-7 4.3495154217022574e8
5.415856777493575e-7 4.3180122436609215e8
5.425831202046005e-7 4.286465719853925e8
5.435805626598434e-7 4.254881659644808e8
5.445780051150864e-7 4.2232657922626644e8
5.455754475703293e-7 4.191623766316538e8
5.465728900255722e-7 4.1599611493544227e8
5.475703324808152e-7 4.1282834274660236e8
5.485677749360581e-7 4.09659600492833e8
5.495652173913011e-7 4.0649042038933754e8
5.50562659846544e-7 4.033213264117249e8
5.51560102301787e-7 4.027412691942934e8
5.525575447570299e-7 4.023108522094046e8
5.535549872122729e-7 4.018569535759448e8
5.545524296675158e-7 4.0137978531022114e8
5.555498721227588e-7 4.0087956190873784e8
5.565473145780017e-7 4.0035650026251346e8
5.575447570332447e-7 3.998108195718707e8
5.585421994884876e-7 3.992427412617696e8
5.595396419437306e-7 3.9865248889766514e8
5.605370843989735e-7 3.9804028810195416e8
5.615345268542165e-7 3.9740636647099584e8
5.625319693094594e-7 3.9675095349274886e8
5.635294117647023e-7 3.960742804650517e8
5.645268542199453e-7 3.9537658041454965e8
5.655242966751882e-7 3.946580880163018e8
5.665217391304312e-7 3.939190395140841e8
5.675191815856741e-7 3.9315967264139795e8
5.685166240409171e-7 3.923802265432156e8
5.6951406649616e-7 3.915809416984782e8
5.70511508951403e-7 3.907620598433461e8
5.715089514066459e-7 3.8992382389524376e8
5.725063938618889e-7 3.89066477877685e8
5.735038363171318e-7 3.8819026684592295e8
5.745012787723748e-7 3.8729543681340945e8
5.754987212276177e-7 3.876584284197187e8
5.764961636828607e-7 3.892828900034093e8
5.774936061381036e-7 3.9089370353394413e8
5.784910485933466e-7 3.924907519755406e8
5.794884910485895e-7 3.940739205408306e8
5.804859335038325e-7 3.956430966954155e8
5.814833759590754e-7 3.97198170161897e8
5.824808184143183e-7 3.987390329233562e8
5.834782608695613e-7 4.002655792262802e8
5.844757033248042e-7 4.017777055829922e8
5.854731457800472e-7 4.032753107735183e8
5.864705882352901e-7 4.047582958469653e8
5.874680306905331e-7 4.06226564122362e8
5.88465473145776e-7 4.076800211890189e8
5.89462915601019e-7 4.091185749063585e8
5.904603580562619e-7 4.1054213540328187e8
5.914578005115049e-7 4.119506150770217e8
5.924552429667478e-7 4.133439285915321e8
5.934526854219908e-7 4.147219928753953e8
5.944501278772337e-7 4.160847271192699e8
5.954475703324767e-7 4.174320527728597e8
5.964450127877196e-7 4.187638935414477e8
5.974424552429626e-7 4.200801753819804e8
5.984398976982055e-7 4.21380826498686e8
5.994373401534484e-7 4.2397171603779274e8
6.004347826086914e-7 4.467615937030022e8
6.014322250639343e-7 4.707547534686262e8
6.024296675191773e-7 4.96013656966683e8
6.034271099744202e-7 5.2260395654000586e8
6.044245524296632e-7 5.505946557882787e8
6.054219948849061e-7 5.800582780784901e8
6.064194373401491e-7 6.110710434097699e8
6.07416879795392e-7 6.437130540412906e8
6.08414322250635e-7 6.780684893118229e8
6.094117647058779e-7 7.142258101000593e8
6.104092071611209e-7 7.522779733966844e8
6.114066496163638e-7 7.923226574817458e8
6.124040920716068e-7 8.344624982247627e8
6.134015345268497e-7 8.788053370499227e8
6.143989769820927e-7 9.254644811348845e8
6.153964194373356e-7 9.745589764389926e8
6.163938618925785e-7 1.0262138941855106e9
6.173913043478215e-7 1.0805606314523776e9
6.183887468030644e-7 1.1377372265576017e9
6.193861892583074e-7 1.1978886899582863e9
6.203836317135503e-7 1.2611673514168422e9
6.213810741687933e-7 1.327733224224114e9
6.223785166240362e-7 1.3977543873070254e9
6.233759590792792e-7 1.4714073860881135e9
6.243734015345221e-7 1.4207918365376246e9
6.253708439897651e-7 1.3026213138887806e9
6.26368286445008e-7 1.1942306018727558e9
6.27365728900251e-7 1.0948146158939536e9
6.283631713554939e-7 1.0036341692980691e9
6.293606138107369e-7 9.200106125659919e8
6.303580562659798e-7 8.433209057194073e8
6.313554987212228e-7 7.729930891817356e8
6.323529411764657e-7 7.085021211044041e8
6.333503836317087e-7 6.493660517169211e8
6.343478260869516e-7 5.951425076062609e8
6.353452685421945e-7 5.454254609925556e8
6.363427109974375e-7 4.9984226105872e8
6.373401534526804e-7 4.580509062245154e8
6.383375959079234e-7 4.197375379432139e8
6.393350383631663e-7 3.84614138153065e8
6.403324808184093e-7 3.524164139461748e8
6.413299232736522e-7 3.2290185433444947e8
6.423273657288952e-7 2.9584794520454407e8
6.433248081841381e-7 2.71050529669555e8
6.443222506393811e-7 2.4832230205231938e8
6.45319693094624e-7 2.2749142468035507e8
6.46317135549867e-7 2.0840025754236344e8
6.473145780051099e-7 1.9090419165671355e8
6.483120204603529e-7 1.7627395853262824e8
6.493094629155958e-7 1.6849529618439224e8
6.503069053708388e-7 1.610540397624509e8
6.513043478260817e-7 1.5393584360623583e8
6.523017902813246e-7 1.471269577651128e8
6.532992327365676e-7 1.4061420395586133e8
6.542966751918105e-7 1.3438495245681956e8
6.552941176470535e-7 1.2842709990382607e8
6.562915601022964e-7 1.227290479543077e8
6.572890025575394e-7 1.1727968278705454e8
6.582864450127823e-7 1.1206835540634894e8
6.592838874680253e-7 1.0708486272024375e8
6.602813299232682e-7 1.0231942936382882e8
6.612787723785112e-7 9.776269023939095e7
6.622762148337541e-7 9.340567374634306e7
6.632736572889971e-7 8.92397856747925e7
6.6427109974424e-7 8.525679373754254e7
6.65268542199483e-7 8.144881271622877e7
6.662659846547259e-7 7.780829019817129e7
6.672634271099689e-7 7.432799288136637e7
6.682608695652118e-7 7.100099342586441e7
6.692583120204548e-7 6.782065783056584e7
6.702557544756977e-7 6.478063331523581e7
6.712531969309406e-7 6.187483668827503e7
6.722506393861836e-7 5.9097443181495816e7
6.732480818414265e-7 3.775151806985018e7
6.742455242966695e-7 2.108924945378644e7
6.752429667519124e-7 1.1780772545894695e7
6.762404092071554e-7 6.580705042284093e6
6.772378516623983e-7 3.675844664742486e6
6.782352941176413e-7 2.0531846522795951e6
6.792327365728842e-7 1.1467930813897564e6
6.802301790281272e-7 640513.6326516919
6.812276214833701e-7 357732.18204037915
6.822250639386131e-7 199790.1290665519
6.83222506393856e-7 111577.46403243732
6.84219948849099e-7 62311.10447591078
6.852173913043419e-7 34796.93376549192
6.862148337595849e-7 19431.356878694758
6.872122762148278e-7 10850.555282605954
6.882097186700707e-7 6058.812927647638
6.892071611253137e-7 3383.061753895349
6.902046035805566e-7 1888.9443731156105
6.912020460357996e-7 1054.6669376386392
6.921994884910425e-7 588.8415840447625
6.931969309462855e-7 328.75218525447605
6.941943734015284e-7 183.53796706633042
6.951918158567714e-7 102.46377101951435
6.961892583120143e-7 57.20078120806182
6.971867007672573e-7 32.033867583661596
6.981841432225002e-7 18.065869685868456
6.991815856777432e-7 10.188159722043965
7.001790281329861e-7 5.745397040919243
7.011764705882291e-7 3.239901693051984
7.02173913043472e-7 1.8269689182466224
7.03171355498715e-7 1.0301917770890323
7.041687979539579e-7 0.5808883244266798
7.051662404092008e-7 0.3275328904962247
7.061636828644438e-7 0.18467365465885435
7.071611253196867e-7 0.10412206642835888
7.081585677749297e-7 0.05870410551431096
7.091560102301726e-7 0.03309650127099644
7.101534526854156e-7 0.018658797990666103
7.111508951406585e-7 0.010518971019131537
7.121483375959015e-7 0.00592994854025437
7.131457800511444e-7 0.0033428486366941868
7.141432225063874e-7 0.0018843894877175606
7.151406649616303e-7 0.0010622160443535312
7.161381074168733e-7 0.0005987469516691086
7.171355498721162e-7 0.00033749092414160295
7.181329923273592e-7 0.0001902257283043734
7.191304347826021e-7 0.00010721729274649072
7.201278772378451e-7 0.000060429484868874563
7.21125319693088e-7 0.00003405818263055528
7.22122762148331e-7 0.000018525905441709832
7.231202046035739e-7 0.000010025951111052616
7.241176470588168e-7 5.425757640595939e-6
7.251150895140598e-7 2.9361883786442316e-6
7.261125319693027e-7 1.5888986812984738e-6
7.271099744245457e-7 8.597997327108983e-7
7.281074168797886e-7 4.652509474304132e-7
7.291048593350316e-7 2.517480602134148e-7
7.301023017902745e-7 1.362178284485785e-7
7.310997442455175e-7 7.370395140205191e-8
7.320971867007604e-7 3.987830005149181e-8
7.330946291560034e-7 2.1576032788744684e-8
7.340920716112463e-7 1.1673354851251537e-8
7.350895140664893e-7 6.315517816668582e-9
7.360869565217322e-7 3.416736364508186e-9
7.370843989769752e-7 1.8484310207224955e-9
7.380818414322181e-7 9.999639527996982e-10
7.390792838874611e-7 5.409471079742343e-10
7.40076726342704e-7 2.9262718438846095e-10
7.41074168797947e-7 1.5829382904528347e-10
7.420716112531899e-7 8.562543581273132e-11
7.430690537084328e-7 4.6316010454883626e-11
7.440664961636758e-7 2.5052384748616245e-11
7.450639386189187e-7 1.3550540755822358e-11
7.460613810741617e-7 7.316146455923053e-12
7.470588235294046e-7 3.940995971041165e-12
7.480562659846476e-7 2.1228501714352753e-12
7.490537084398905e-7 1.1434639832057853e-12
7.500511508951335e-7 6.159074715108663e-13
7.510485933503764e-7 3.317403764174897e-13
7.520460358056194e-7 1.7867801250902057e-13
7.530434782608623e-7 9.623517791105824e-14
7.540409207161053e-7 5.1830642879827577e-14
7.550383631713482e-7 2.7914469590325127e-14
7.560358056265912e-7 1.5033574275142466e-14
7.570332480818341e-7 8.096274764425912e-15
7.58030690537077e-7 4.360119504609666e-15
7.5902813299232e-7 2.348019777284721e-15
7.600255754475629e-7 1.2644316311105002e-15
7.610230179028059e-7 6.808935737809768e-16
7.620204603580488e-7 3.66651478919107e-16
7.630179028132918e-7 1.9743221047394774e-16
7.640153452685347e-7 1.0630972013170694e-16
7.650127877237777e-7 5.724247200721006e-17
7.660102301790206e-7 3.082153494358978e-17
7.670076726342636e-7 1.6595130101121555e-17
7.680051150895065e-7 8.935062883645367e-18
7.690025575447495e-7 4.810665461245531e-18
7.699999999999924e-7 2.590021260774382e-18
