3.8e-7 2.789617817051796e7
3.8099744245524296e-7 2.862742693663857e7
3.819948849104859e-7 2.937241358955205e7
3.8299232736572886e-7 3.0131260690068178e7
3.839897698209718e-7 3.090408912109402e7
3.8498721227621475e-7 3.1691018036527805e7
3.859846547314577e-7 3.2492164810712274e7
3.8698209718670064e-7 3.3307644988477185e7
3.879795396419436e-7 3.41375722357891e7
3.8897698209718654e-7 3.498205829103724e7
3.899744245524295e-7 3.5841212916976966e7
3.9097186700767243e-7 3.671514385335248e7
3.919693094629154e-7 3.7603956770222075e7
3.9296675191815833e-7 3.850775522200713e7
3.939641943734013e-7 3.942664060228634e7
3.949616368286442e-7 4.036071209935363e7
3.9595907928388717e-7 4.131006665256158e7
3.969565217391301e-7 4.227479890946888e7
3.9795396419437306e-7 4.325500118380904e7
3.98951406649616e-7 4.425076341430024e7
3.9994884910485896e-7 4.526217312431264e7
4.009462915601019e-7 4.628931538240839e7
4.0194373401534485e-7 4.733227276377284e7
4.029411764705878e-7 4.839112531255145e7
4.0393861892583075e-7 4.9465950505105086e7
4.049360613810737e-7 5.055682321420157e7
4.0593350383631664e-7 5.16638156741525e7
4.069309462915596e-7 5.278699744691212e7
4.0792838874680254e-7 5.3926435389148675e7
4.089258312020455e-7 5.508219362029799e7
4.0992327365728843e-7 5.625433349161365e7
4.109207161125314e-7 5.744291355622108e7
4.119181585677743e-7 5.864798954018668e7
4.1291560102301727e-7 5.98696143146107e7
4.139130434782602e-7 6.110783786875034e7
4.1491048593350317e-7 6.236270728418428e7
4.159079283887461e-7 6.363426671002215e7
4.1690537084398906e-7 6.492255733916674e7
4.17902813299232e-7 6.6227617385636576e7
4.1890025575447495e-7 6.75494820629486e7
4.198976982097179e-7 6.888818356357358e7
4.2089514066496085e-7 7.024375103945939e7
4.218925831202038e-7 7.161621058363248e7
4.2289002557544674e-7 7.30055852128762e7
4.238874680306897e-7 7.441189485149033e7
4.2488491048593264e-7 7.583515631613073e7
4.258823529411756e-7 7.72753833017341e7
4.2687979539641853e-7 7.873258636852418e7
4.278772378516615e-7 8.020677293010049e7
4.2887468030690443e-7 8.169794724261162e7
4.298721227621474e-7 8.320611039500806e7
4.308695652173903e-7 8.47312603003731e7
4.3186700767263327e-7 8.627339168833278e7
4.328644501278762e-7 8.783249609853864e7
4.3386189258311916e-7 8.940856187522134e7
4.348593350383621e-7 9.100157416281037e7
4.3585677749360506e-7 9.2611514902617e7
4.36854219948848e-7 9.423836283057472e7
4.3785166240409095e-7 9.588209347603108e7
4.388491048593339e-7 9.75426791615861e7
4.3984654731457685e-7 9.9220089003972e7
4.408439897698198e-7 1.0091428891596432e8
4.4184143222506274e-7 1.0262524160932088e8
4.428388746803057e-7 1.0435290659873867e8
4.4383631713554863e-7 1.0609724020682308e8
4.448337595907916e-7 1.0785819557005581e8
4.4583120204603453e-7 1.096357226457618e8
4.468286445012775e-7 1.114297682200552e8
4.478260869565204e-7 1.1324027591676435e8
4.4882352941176337e-7 1.1506718620731997e8
4.498209718670063e-7 1.1691043642159747e8
4.5081841432224926e-7 1.1876996075970681e8
4.518158567774922e-7 1.2064569030471069e8
4.5281329923273516e-7 1.2253755303626981e8
4.538107416879781e-7 1.2444547384519617e8
4.5480818414322105e-7 1.2636937454890522e8
4.55805626598464e-7 1.2830917390775543e8
4.5680306905370695e-7 1.3026478764226213e8
4.578005115089499e-7 1.3223612845117193e8
4.5879795396419284e-7 1.342231060303874e8
4.597953964194358e-7 1.3622562709272835e8
4.6079283887467874e-7 1.382435953885101e8
4.617902813299217e-7 1.402769117269377e8
4.6278772378516463e-7 1.423254739982899e8
4.637851662404076e-7 1.4438917719688526e8
4.647826086956505e-7 1.464679134448156e8
4.6578005115089347e-7 1.485615720164322e8
4.667774936061364e-7 1.506700393635679e8
4.6777493606137937e-7 1.52793199141484e8
4.687723785166223e-7 1.5493093223552364e8
4.6976982097186526e-7 1.5708311678846022e8
4.707672634271082e-7 1.5924962822852394e8
4.7176470588235116e-7 1.6143033929808953e8
4.727621483375941e-7 1.6362512008301154e8
4.7375959079283705e-7 1.658338380425942e8
4.7475703324808e-7 1.6805635804017553e8
4.7575447570332294e-7 1.702925423743133e8
4.767519181585659e-7 1.7254225081055483e8
4.777493606138089e-7 1.748053406137792e8
4.787468030690518e-7 1.7708166658108988e8
4.797442455242948e-7 1.7937108107524633e8
4.807416879795377e-7 1.8167343405861947e8
4.817391304347807e-7 1.8398857312764955e8
4.827365728900236e-7 1.8631634354779702e8
4.837340153452666e-7 1.8865658828896582e8
4.847314578005095e-7 1.9100914806138495e8
4.857289002557525e-7 1.933738613519334e8
4.867263427109954e-7 1.957505644608895e8
4.877237851662384e-7 1.9813909153909263e8
4.887212276214813e-7 2.0053927462549716e8
4.897186700767243e-7 2.0295094368510464e8
4.907161125319672e-7 2.053739266472628e8
4.917135549872102e-7 2.078080494443064e8
4.927109974424531e-7 2.102531360505307e8
4.93708439897696e-7 2.127090085214836e8
4.94705882352939e-7 2.1517548703355104e8
4.957033248081819e-7 2.1765238992383477e8
4.967007672634249e-7 2.201395337302916e8
4.976982097186678e-7 2.226367332321325e8
4.986956521739108e-7 2.2514380149045217e8
4.996930946291537e-7 2.2766054988909173e8
5.006905370843967e-7 2.301867881757014e8
5.016879795396396e-7 2.327223245029976e8
5.026854219948826e-7 2.3526696547020158e8
5.036828644501255e-7 2.3782051616463733e8
5.046803069053685e-7 2.4038278020348164e8
5.056777493606114e-7 2.4295355977564505e8
5.066751918158544e-7 2.4553265568377692e8
5.076726342710973e-7 2.4811986738637063e8
5.086700767263403e-7 2.507149930399662e8
5.096675191815832e-7 2.5331782954142627e8
5.106649616368261e-7 2.559281725702784e8
5.116624040920691e-7 2.585458166311052e8
5.12659846547312e-7 2.6117055509597558e8
5.13657289002555e-7 2.6380218024689022e8
5.146547314577979e-7 2.6644048331825158e8
5.156521739130409e-7 2.690852545393161e8
5.166496163682838e-7 2.7173628317664033e8
5.176470588235268e-7 2.743933575764952e8
5.186445012787697e-7 2.7705626520724046e8
5.196419437340127e-7 2.797247927016457e8
5.206393861892556e-7 2.8239872589914477e8
5.216368286444986e-7 2.85077849888016e8
5.226342710997415e-7 2.877619490474701e8
5.236317135549845e-7 2.904508070896405e8
5.246291560102274e-7 2.931442071014568e8
5.256265984654704e-7 2.958419315864018e8
5.266240409207133e-7 2.985437625061261e8
5.276214833759563e-7 3.0124948132192975e8
5.286189258311992e-7 3.0395886903606975e8
5.296163682864421e-7 3.066717062329223e8
5.306138107416851e-7 3.0938777311995107e8
5.31611253196928e-7 3.121068495684976e8
5.32608695652171e-7 3.1482871515437615e8
5.336061381074139e-7 3.175531491982584e8
5.346035805626569e-7 3.202799308058436e8
5.356010230178998e-7 3.23008838907805e8
5.365984654731428e-7 3.257396522995022e8
5.375959079283857e-7 3.284721496804505e8
5.385933503836287e-7 3.312061096935369e8
5.395907928388716e-7 3.339413109639817e8
5.405882352941146e-7 3.366775321380249e8
5.415856777493575e-7 3.3941455192134005e8
5.425831202046005e-7 3.421521491171653e8
5.435805626598434e-7 3.448901026641418e8
5.445780051150864e-7 3.4762819167384773e8
5.455754475703293e-7 3.503661954680345e8
5.465728900255722e-7 3.531038936155433e8
5.475703324808152e-7 3.5584106596890455e8
5.485677749360581e-7 3.585774927006043e8
5.495652173913011e-7 3.613129543390283e8
5.50562659846544e-7 3.6404723180405265e8
5.51560102301787e-7 3.667801064423004e8
5.525575447570299e-7 3.6951136006203634e8
5.535549872122729e-7 3.722407749677143e8
5.545524296675158e-7 3.749681339941523e8
5.555498721227588e-7 3.776932205403428e8
5.565473145780017e-7 3.804158186028939e8
5.575447570332447e-7 3.8313571280908406e8
5.585421994884876e-7 3.858526884495422e8
5.595396419437306e-7 3.885665315105293e8
5.605370843989735e-7 3.9127702870583904e8
5.615345268542165e-7 3.93983967508301e8
5.625319693094594e-7 3.9668713618087125e8
5.635294117647023e-7 3.993863238073343e8
5.645268542199453e-7 4.0208132032258826e8
5.655242966751882e-7 4.047719165425237e8
5.665217391304312e-7 4.074579041934824e8
5.675191815856741e-7 4.1013907594130665e8
5.685166240409171e-7 4.128152254199563e8
5.6951406649616e-7 4.1548614725971794e8
5.70511508951403e-7 4.18151637114973e8
5.715089514066459e-7 4.208114916915459e8
5.725063938618889e-7 4.2346550877362067e8
5.735038363171318e-7 4.2611348725022584e8
5.745012787723748e-7 4.287552271412782e8
5.754987212276177e-7 4.31390529623198e8
5.764961636828607e-7 4.340191970540811e8
5.774936061381036e-7 4.3664103299843657e8
5.784910485933466e-7 4.392558422514728e8
5.794884910485895e-7 4.418634308629556e8
5.804859335038325e-7 4.444636061606104e8
5.814833759590754e-7 4.470561767730918e8
5.824808184143183e-7 4.4964095265250015e8
5.834782608695613e-7 4.5221774509644914e8
5.844757033248042e-7 4.547863667697044e8
5.854731457800472e-7 4.5734663172535783e8
5.864705882352901e-7 4.59898355425564e8
5.874680306905331e-7 4.624413547618293e8
5.88465473145776e-7 4.649754480748565e8
5.89462915601019e-7 4.675004551739371e8
5.904603580562619e-7 4.7001619735590494e8
5.914578005115049e-7 4.7252249742363936e8
5.924552429667478e-7 4.750191797041285e8
5.934526854219908e-7 4.7750607006607807e8
5.944501278772337e-7 4.799829959370961e8
5.954475703324767e-7 4.824497863204129e8
5.964450127877196e-7 4.8490627181117535e8
5.974424552429626e-7 4.8735228461229753e8
5.984398976982055e-7 4.897876585498606e8
5.994373401534484e-7 4.9221222908810294e8
6.004347826086914e-7 4.9462583334394056e8
6.014322250639343e-7 4.970283101010771e8
6.024296675191773e-7 4.9941949982367516e8
6.034271099744202e-7 5.0179924466958225e8
6.044245524296632e-7 5.041673885031564e8
6.054219948849061e-7 5.065237769076347e8
6.064194373401491e-7 5.0886825719709694e8
6.07416879795392e-7 5.112006784279947e8
6.08414322250635e-7 5.1352089141026515e8
6.094117647058779e-7 5.158287487180282e8
6.104092071611209e-7 5.181241046998583e8
6.114066496163638e-7 5.204068154886497e8
6.124040920716068e-7 5.2267673901107615e8
6.134015345268497e-7 5.249337349966226e8
6.143989769820927e-7 5.271776649862354e8
6.153964194373356e-7 5.294083923405489e8
6.163938618925785e-7 5.3162578224772424e8
6.173913043478215e-7 5.338297017308867e8
6.183887468030644e-7 5.3602001965516514e8
6.193861892583074e-7 5.381966067343476e8
6.203836317135503e-7 5.403593355371386e8
6.213810741687933e-7 5.425080804930475e8
6.223785166240362e-7 5.446427178978697e8
6.233759590792792e-7 5.467631259188143e8
6.243734015345221e-7 5.488691845992441e8
6.253708439897651e-7 5.509607758630378e8
6.26368286445008e-7 5.53037783518597e8
6.27365728900251e-7 5.55100093262484e8
6.283631713554939e-7 5.571475926826843e8
6.293606138107369e-7 5.591801712615345e8
6.303580562659798e-7 5.611977203782737e8
6.313554987212228e-7 5.632001333112557e8
6.323529411764657e-7 5.651873052398113e8
6.333503836317087e-7 5.671591332457664e8
6.343478260869516e-7 5.691155163146229e8
6.353452685421945e-7 5.710563553363947e8
6.363427109974375e-7 5.729815531061211e8
6.373401534526804e-7 5.748910143240515e8
6.383375959079234e-7 5.767846455954932e8
6.393350383631663e-7 5.786623554303527e8
6.403324808184093e-7 5.805240542423557e8
6.413299232736522e-7 5.823696543479433e8
6.423273657288952e-7 5.841990699648808e8
6.433248081841381e-7 5.860122172105409e8
6.443222506393811e-7 5.878090140998899e8
6.45319693094624e-7 5.895893805431908e8
6.46317135549867e-7 5.913532383433957e8
6.473145780051099e-7 5.931005111932596e8
6.483120204603529e-7 5.948311246721598e8
6.493094629155958e-7 5.965450062426497e8
6.503069053708388e-7 5.982420852467167e8
6.513043478260817e-7 5.999222929017845e8
6.523017902813246e-7 6.015855622964296e8
6.532992327365676e-7 6.032318283858513e8
6.542966751918105e-7 6.04861027987067e8
6.552941176470535e-7 6.06473099773855e8
6.562915601022964e-7 6.080679842714468e8
6.572890025575394e-7 6.096456238509748e8
6.582864450127823e-7 6.11205962723658e8
6.592838874680253e-7 6.127489469347758e8
6.602813299232682e-7 6.142745243573748e8
6.612787723785112e-7 6.157826446857727e8
6.622762148337541e-7 6.172732594288124e8
6.632736572889971e-7 6.187463219029002e8
6.6427109974424e-7 6.202017872248274e8
6.65268542199483e-7 6.216396123043718e8
6.662659846547259e-7 6.230597558366892e8
6.672634271099689e-7 6.244621782944962e8
6.682608695652118e-7 6.258468419200501e8
6.692583120204548e-7 6.272137107169307e8
6.702557544756977e-7 6.285627504416212e8
6.712531969309406e-7 6.298939285949066e8
6.722506393861836e-7 6.312072144130771e8
6.732480818414265e-7 6.32502578858948e8
6.742455242966695e-7 6.337799946127042e8
6.752429667519124e-7 6.350394360625659e8
6.762404092071554e-7 6.36280879295288e8
6.772378516623983e-7 6.375043020864761e8
6.782352941176413e-7 6.387096838907617e8
6.792327365728842e-7 6.398970058317981e8
6.802301790281272e-7 6.410662506921027e8
6.812276214833701e-7 6.422174029027661e8
6.822250639386131e-7 6.433504485329782e8
6.83222506393856e-7 6.444653752794403e8
6.84219948849099e-7 6.455621724556216e8
6.852173913043419e-7 6.466408309808806e8
6.862148337595849e-7 6.477013433694506e8
6.872122762148278e-7 6.487437037192986e8
6.882097186700707e-7 6.49767907700858e8
6.892071611253137e-7 6.507739525456368e8
6.902046035805566e-7 6.517618370347046e8
6.912020460357996e-7 6.527315614870684e8
6.921994884910425e-7 6.536831277479337e8
6.931969309462855e-7 6.546165391768534e8
6.941943734015284e-7 6.555318006357858e8
6.951918158567714e-7 6.564289184770255e8
6.961892583120143e-7 6.573079005310714e8
6.971867007672573e-7 6.581687560943615e8
6.981841432225002e-7 6.590114959169436e8
6.991815856777432e-7 6.598361321900505e8
7.001790281329861e-7 6.606426785335863e8
7.011764705882291e-7 6.614311499835352e8
7.02173913043472e-7 6.622015629792906e8
7.03171355498715e-7 6.629539353509115e8
7.041687979539579e-7 6.636882863063034e8
7.051662404092008e-7 6.644046364183333e8
7.061636828644438e-7 6.651030076118805e8
7.071611253196867e-7 6.657834231508207e8
7.081585677749297e-7 6.664459076249534e8
7.091560102301726e-7 6.67090486936877e8
7.101534526854156e-7 6.677171882887987e8
7.111508951406585e-7 6.683260401693101e8
7.121483375959015e-7 6.689170723401024e8
7.131457800511444e-7 6.694903158226401e8
7.141432225063874e-7 6.70045802884804e8
7.151406649616303e-7 6.70583567027476e8
7.161381074168733e-7 6.711036429711025e8
7.171355498721162e-7 6.716060666422211e8
7.181329923273592e-7 6.720908751599555e8
7.191304347826021e-7 6.725581068224828e8
7.201278772378451e-7 6.730078010934758e8
7.21125319693088e-7 6.734399985885234e8
7.22122762148331e-7 6.738547410615288e8
7.231202046035739e-7 6.742520713910993e8
7.241176470588168e-7 6.746320335668988e8
7.251150895140598e-7 6.74994672676027e8
7.261125319693027e-7 6.753400348893387e8
7.271099744245457e-7 6.756681674478033e8
7.281074168797886e-7 6.759791186488223e8
7.291048593350316e-7 6.762729378325723e8
7.301023017902745e-7 6.765496753683282e8
7.310997442455175e-7 6.76809382640797e8
7.320971867007604e-7 6.770521120364497e8
7.330946291560034e-7 6.772779169298712e8
7.340920716112463e-7 6.774868516701027e8
7.350895140664893e-7 6.77678971567014e8
7.360869565217322e-7 6.778543328776667e8
7.370843989769752e-7 6.780129927927092e8
7.380818414322181e-7 6.781550094227841e8
7.390792838874611e-7 6.78280441784949e8
7.40076726342704e-7 6.783893497891272e8
7.41074168797947e-7 6.784817942245713e8
7.420716112531899e-7 6.78557836746364e8
7.430690537084328e-7 6.786175398619314e8
7.440664961636758e-7 6.786609669175954e8
7.450639386189187e-7 6.786881820851557e8
7.460613810741617e-7 6.786992503484917e8
7.470588235294046e-7 6.786942374902171e8
7.480562659846476e-7 6.786732100783592e8
7.490537084398905e-7 6.786362354530746e8
7.500511508951335e-7 6.785833817134033e8
7.510485933503764e-7 6.785147177040696e8
7.520460358056194e-7 6.784303130023276e8
7.530434782608623e-7 6.783302379048303e8
7.540409207161053e-7 6.782145634145691e8
7.550383631713482e-7 6.780833612278498e8
7.560358056265912e-7 6.779367037213062e8
7.570332480818341e-7 6.777746639389808e8
7.58030690537077e-7 6.775973155794486e8
7.5902813299232e-7 6.774047329829866e8
7.600255754475629e-7 6.771969911188138e8
7.610230179028059e-7 6.769741655723683e8
7.620204603580488e-7 6.767363325326499e8
7.630179028132918e-7 6.764835687796233e8
7.640153452685347e-7 6.762159516716722e8
7.650127877237777e-7 6.759335591331148e8
7.660102301790206e-7 6.756364696417879e8
7.670076726342636e-7 6.753247622166839e8
7.680051150895065e-7 6.749985164056574e8
7.690025575447495e-7 6.746578122731924e8
7.699999999999924e-7 6.743027303882384e8
