3.8e-7 350352.2988673492
3.8099744245524296e-7 380911.94720580423
3.819948849104859e-7 414060.6222705442
3.8299232736572886e-7 450011.5025246408
3.839897698209718e-7 477350.3327082411
3.8498721227621475e-7 505553.255447976
3.859846547314577e-7 535326.5791874577
3.8698209718670064e-7 564533.1788218728
3.879795396419436e-7 594941.5378848241
3.8897698209718654e-7 626878.151922193
3.899744245524295e-7 671715.4669276833
3.9097186700767243e-7 722036.1880916249
3.919693094629154e-7 775993.9866032082
3.9296675191815833e-7 838978.4601379132
3.939641943734013e-7 908483.1161875796
3.949616368286442e-7 983581.574848097
3.9595907928388717e-7 1.0728942058822706e6
3.969565217391301e-7 1.1735006214167324e6
3.9795396419437306e-7 1.2833315490295212e6
3.98951406649616e-7 1.3969524232658537e6
3.9994884910485896e-7 1.5170710088392252e6
4.009462915601019e-7 1.6472553437865942e6
4.0194373401534485e-7 1.7870473134470184e6
4.029411764705878e-7 1.9375367842274792e6
4.0393861892583075e-7 2.1003715928197815e6
4.049360613810737e-7 2.254848540570599e6
4.0593350383631664e-7 2.402360148182058e6
4.069309462915596e-7 2.5591316893106825e6
4.0792838874680254e-7 2.7120913031336167e6
4.089258312020455e-7 2.8598325494446303e6
4.0992327365728843e-7 3.015172377779185e6
4.109207161125314e-7 3.209106838988336e6
4.119181585677743e-7 3.454767655520409e6
4.1291560102301727e-7 3.7186917113094674e6
4.139130434782602e-7 3.9861663302996475e6
4.1491048593350317e-7 4.246453065274511e6
4.159079283887461e-7 4.523090535116868e6
4.1690537084398906e-7 4.82240243778689e6
4.17902813299232e-7 5.151673209818016e6
4.1890025575447495e-7 5.502658263011841e6
4.198976982097179e-7 5.89056824898911e6
4.2089514066496085e-7 6.341503092511851e6
4.218925831202038e-7 6.826025495196522e6
4.2289002557544674e-7 7.284927543055953e6
4.238874680306897e-7 7.562577097721368e6
4.2488491048593264e-7 7.8497592858430045e6
4.258823529411756e-7 8.186084584918845e6
4.2687979539641853e-7 8.725388626630368e6
4.278772378516615e-7 9.299005521425981e6
4.2887468030690443e-7 9.896969164119828e6
4.298721227621474e-7 1.0442506773245035e7
4.308695652173903e-7 1.1016704066325113e7
4.3186700767263327e-7 1.1669997029378492e7
4.328644501278762e-7 1.3067636114304785e7
4.3386189258311916e-7 1.463082617332027e7
4.348593350383621e-7 1.6363419683208117e7
4.3585677749360506e-7 1.7236036310877573e7
4.36854219948848e-7 1.815295756880197e7
4.3785166240409095e-7 1.911632544073793e7
4.388491048593339e-7 2.0404230328736678e7
4.3984654731457685e-7 2.1788336773529876e7
4.408439897698198e-7 2.3263553895560533e7
4.4184143222506274e-7 2.478186200703602e7
4.428388746803057e-7 2.6390227137394533e7
4.4383631713554863e-7 2.8099688226332918e7
4.448337595907916e-7 2.966528075433289e7
4.4583120204603453e-7 3.1268507293682326e7
4.468286445012775e-7 3.2954600117172312e7
4.478260869565204e-7 3.462805875716213e7
4.4882352941176337e-7 3.635575576832139e7
4.498209718670063e-7 3.816536523940988e7
4.5081841432224926e-7 4.008483892273327e7
4.518158567774922e-7 4.2105038145747595e7
4.5281329923273516e-7 4.4222183132963136e7
4.538107416879781e-7 4.7089956778131075e7
4.5480818414322105e-7 5.045566211324371e7
4.55805626598464e-7 5.405609510834146e7
4.5680306905370695e-7 5.875126983210711e7
4.578005115089499e-7 6.438580005031579e7
4.5879795396419284e-7 7.05532467905686e7
4.597953964194358e-7 7.546599279438938e7
4.6079283887467874e-7 7.930795760266502e7
4.617902813299217e-7 8.333687538295841e7
4.6278772378516463e-7 8.79747950707532e7
4.637851662404076e-7 9.32603512152056e7
4.647826086956505e-7 9.885341563747218e7
4.6578005115089347e-7 1.0472638274968809e8
4.667774936061364e-7 1.1088320127163747e8
4.6777493606137937e-7 1.1739027373389165e8
4.687723785166223e-7 1.2426204204941577e8
4.6976982097186526e-7 1.3151585121758088e8
4.707672634271082e-7 1.3917949480708203e8
4.7176470588235116e-7 1.4683971371173117e8
4.727621483375941e-7 1.540906229459729e8
4.7375959079283705e-7 1.6168407554238093e8
4.7475703324808e-7 1.7021177383186483e8
4.7575447570332294e-7 1.805641760003506e8
4.767519181585659e-7 1.9152820178160372e8
4.777493606138089e-7 1.9954449572571746e8
4.787468030690518e-7 1.970361247824743e8
4.797442455242948e-7 1.9454133130261657e8
4.807416879795377e-7 1.918437510932979e8
4.817391304347807e-7 1.882882845014055e8
4.827365728900236e-7 1.8478197938540354e8
4.837340153452666e-7 1.8112762140930438e8
4.847314578005095e-7 1.7635405011488143e8
4.857289002557525e-7 1.7169102871541542e8
4.867263427109954e-7 1.6728371435313398e8
4.877237851662384e-7 1.64508104064038e8
4.887212276214813e-7 1.617644402654917e8
4.897186700767243e-7 1.5908417065578905e8
4.907161125319672e-7 1.573956651635145e8
4.917135549872102e-7 1.557117529851707e8
4.927109974424531e-7 1.540327530632068e8
4.93708439897696e-7 1.5593423712933755e8
4.94705882352939e-7 1.5793382545323712e8
4.957033248081819e-7 1.599456982476493e8
4.967007672634249e-7 1.5758285430067843e8
4.976982097186678e-7 1.5488128643775645e8
4.986956521739108e-7 1.5221355423657373e8
4.996930946291537e-7 1.4994654510588664e8
5.006905370843967e-7 1.477567753633613e8
5.016879795396396e-7 1.455872643634993e8
5.026854219948826e-7 1.4781801231216088e8
5.036828644501255e-7 1.5111628577962935e8
5.046803069053685e-7 1.5447594237537742e8
5.056777493606114e-7 1.5768587802957577e8
5.066751918158544e-7 1.608808478808902e8
5.076726342710973e-7 1.6412781087142515e8
5.086700767263403e-7 1.6512139806442973e8
5.096675191815832e-7 1.6513841868201736e8
5.106649616368261e-7 1.6514284846057665e8
5.116624040920691e-7 1.6545892355837277e8
5.12659846547312e-7 1.6593945368054962e8
5.13657289002555e-7 1.664089149103437e8
5.146547314577979e-7 1.685129427950072e8
5.156521739130409e-7 1.717805346263736e8
5.166496163682838e-7 1.7509860307170156e8
5.176470588235268e-7 1.7863639801026833e8
5.186445012787697e-7 1.8237969577650005e8
5.196419437340127e-7 1.861879731852751e8
5.206393861892556e-7 1.8845300953438956e8
5.216368286444986e-7 1.8901349144214597e8
5.226342710997415e-7 1.8956217436088198e8
5.236317135549845e-7 1.9024323266242704e8
5.246291560102274e-7 1.911055803960578e8
5.256265984654704e-7 1.919584369655285e8
5.266240409207133e-7 1.9460307899339134e8
5.276214833759563e-7 2.0035195647755992e8
5.286189258311992e-7 2.0625651445439315e8
5.296163682864421e-7 2.1386654118381652e8
5.306138107416851e-7 2.2518228004220083e8
5.31611253196928e-7 2.3708075133803365e8
5.32608695652171e-7 2.4809862262555158e8
5.336061381074139e-7 2.5534164770489132e8
5.346035805626569e-7 2.6277870908076394e8
5.356010230178998e-7 2.7148240612314636e8
5.365984654731428e-7 2.846213436277067e8
5.375959079283857e-7 2.983767243422661e8
5.385933503836287e-7 3.1126488157968044e8
5.395907928388716e-7 3.163041409991806e8
5.405882352941146e-7 3.214043943047579e8
5.415856777493575e-7 3.272957205362191e8
5.425831202046005e-7 3.3991901126500887e8
5.435805626598434e-7 3.530069274294684e8
5.445780051150864e-7 3.6632386744566894e8
5.455754475703293e-7 3.748426011022187e8
5.465728900255722e-7 3.8353567920079553e8
5.475703324808152e-7 3.924061910051047e8
5.485677749360581e-7 4.101992395914506e8
5.495652173913011e-7 4.2884570402055717e8
5.50562659846544e-7 4.483126260933232e8
5.51560102301787e-7 4.6690645327369446e8
5.525575447570299e-7 4.8612256042727864e8
5.535549872122729e-7 5.060993778661283e8
5.545524296675158e-7 5.1887152345831674e8
5.555498721227588e-7 5.308561205010617e8
5.565473145780017e-7 5.430857050409683e8
5.575447570332447e-7 5.518543872430949e8
5.585421994884876e-7 5.599528653123691e8
5.595396419437306e-7 5.681374372077974e8
5.605370843989735e-7 5.685176783580174e8
5.615345268542165e-7 5.66573376725943e8
5.625319693094594e-7 5.646037041394035e8
5.635294117647023e-7 5.738021346054798e8
5.645268542199453e-7 5.876300369064933e8
5.655242966751882e-7 6.017575968434231e8
5.665217391304312e-7 6.10271310235468e8
5.675191815856741e-7 6.158566469066119e8
5.685166240409171e-7 6.214589814863272e8
5.6951406649616e-7 6.289481660871687e8
5.70511508951403e-7 6.377091803734053e8
5.715089514066459e-7 6.465573005493957e8
5.725063938618889e-7 6.684141040359565e8
5.735038363171318e-7 7.018865420641857e8
5.745012787723748e-7 7.369960069330993e8
5.754987212276177e-7 7.35579774974466e8
5.764961636828607e-7 6.978482140235881e8
5.774936061381036e-7 6.620174502660347e8
5.784910485933466e-7 6.33523860755146e8
5.794884910485895e-7 6.128820866460165e8
5.804859335038325e-7 5.928823350508914e8
5.814833759590754e-7 5.761428831453729e8
5.824808184143183e-7 5.638685059540011e8
5.834782608695613e-7 5.518276486143079e8
5.844757033248042e-7 5.339636254652342e8
5.854731457800472e-7 5.0526702239006054e8
5.864705882352901e-7 4.780887874431606e8
5.874680306905331e-7 4.5474289318254536e8
5.88465473145776e-7 4.383867599867597e8
5.89462915601019e-7 4.2259815594423354e8
5.904603580562619e-7 4.069809824721989e8
5.914578005115049e-7 3.906840980171466e8
5.924552429667478e-7 3.750216512712722e8
5.934526854219908e-7 3.6138181209918356e8
5.944501278772337e-7 3.5485222890818554e8
5.954475703324767e-7 3.4842402582971126e8
5.964450127877196e-7 3.411391963143236e8
5.974424552429626e-7 3.270173363452945e8
5.984398976982055e-7 3.134653619273292e8
5.994373401534484e-7 3.0203770011424893e8
6.004347826086914e-7 3.147812518105287e8
6.014322250639343e-7 3.280473226173933e8
6.024296675191773e-7 3.4181984260612947e8
6.034271099744202e-7 3.513025141956362e8
6.044245524296632e-7 3.610318238235391e8
6.054219948849061e-7 3.710137897139103e8
6.064194373401491e-7 3.8426320107435775e8
6.07416879795392e-7 3.9812180677586544e8
6.08414322250635e-7 4.12461836055689e8
6.094117647058779e-7 4.248604212306255e8
6.104092071611209e-7 4.3732930337715757e8
6.114066496163638e-7 4.5014435173668605e8
6.124040920716068e-7 4.635948555135841e8
6.134015345268497e-7 4.77479957041826e8
6.143989769820927e-7 4.9175965097586024e8
6.153964194373356e-7 5.1078416451400155e8
6.163938618925785e-7 5.317333828472796e8
6.173913043478215e-7 5.5351821185006e8
6.183887468030644e-7 5.736240421169873e8
6.193861892583074e-7 5.934832704447434e8
6.203836317135503e-7 6.140042479395417e8
6.213810741687933e-7 6.417419238714454e8
6.223785166240362e-7 6.739471215333673e8
6.233759590792792e-7 7.077392149713037e8
6.243734015345221e-7 7.26131274579878e8
6.253708439897651e-7 7.346603897363715e8
6.26368286445008e-7 7.432593758639461e8
6.27365728900251e-7 7.48953885918071e8
6.283631713554939e-7 7.524111586332164e8
6.293606138107369e-7 7.558540133035308e8
6.303580562659798e-7 7.676070567196704e8
6.313554987212228e-7 7.875377944411592e8
6.323529411764657e-7 8.079540278249109e8
6.333503836317087e-7 8.167974704371079e8
6.343478260869516e-7 8.116615277738707e8
6.353452685421945e-7 8.065263948307087e8
6.363427109974375e-7 8.057048557846097e8
6.373401534526804e-7 8.111906056679257e8
6.383375959079234e-7 8.16682282131142e8
6.393350383631663e-7 8.200993156106095e8
6.403324808184093e-7 8.196601439927603e8
6.413299232736522e-7 8.191901371264355e8
6.423273657288952e-7 8.15071413769419e8
6.433248081841381e-7 8.02480524806548e8
6.443222506393811e-7 7.900545952035868e8
6.45319693094624e-7 7.823087817486004e8
6.46317135549867e-7 7.887723486916668e8
6.473145780051099e-7 7.952600052304027e8
6.483120204603529e-7 7.944881765106599e8
6.493094629155958e-7 7.629144822819227e8
6.503069053708388e-7 7.32568933495934e8
6.513043478260817e-7 7.052120885327407e8
6.523017902813246e-7 6.903212220486985e8
6.532992327365676e-7 6.75720570769446e8
6.542966751918105e-7 6.608238639068314e8
6.552941176470535e-7 6.395625963500532e8
6.562915601022964e-7 6.189635175347221e8
6.572890025575394e-7 5.993290110610051e8
6.582864450127823e-7 5.93445168467803e8
6.592838874680253e-7 5.87598617828586e8
6.602813299232682e-7 5.817894911942574e8
6.612787723785112e-7 5.641017233888253e8
6.622762148337541e-7 5.465642260864094e8
6.632736572889971e-7 5.295538460819669e8
6.6427109974424e-7 5.1739275701940215e8
6.65268542199483e-7 5.058940611361841e8
6.662659846547259e-7 4.946342325290652e8
6.672634271099689e-7 4.8641531416408443e8
6.682608695652118e-7 4.787701047190563e8
6.692583120204548e-7 4.712293823844135e8
6.702557544756977e-7 4.687676681139868e8
6.712531969309406e-7 4.6751275058749586e8
6.722506393861836e-7 4.6624589382734966e8
6.732480818414265e-7 4.206554410891192e8
6.742455242966695e-7 3.670500206531301e8
6.752429667519124e-7 3.20265338330645e8
6.762404092071554e-7 2.814851098307379e8
6.772378516623983e-7 2.481865185514107e8
6.782352941176413e-7 2.188200341235793e8
6.792327365728842e-7 1.9794016209527135e8
6.802301790281272e-7 1.816447623644996e8
6.812276214833701e-7 1.6668562901799688e8
6.822250639386131e-7 1.51920804133503e8
6.83222506393856e-7 1.3779814489464775e8
6.84219948849099e-7 1.2498445340922724e8
6.852173913043419e-7 1.1082344309418271e8
6.862148337595849e-7 9.632212893058857e7
6.872122762148278e-7 8.371575361209582e7
6.882097186700707e-7 7.270263140105802e7
6.892071611253137e-7 6.308454702054115e7
6.902046035805566e-7 5.473721654063383e7
6.912020460357996e-7 4.8298693450081535e7
6.921994884910425e-7 4.36100922720487e7
6.931969309462855e-7 3.9375462126049355e7
6.941943734015284e-7 3.535412537491803e7
6.951918158567714e-7 3.144025117698208e7
6.961892583120143e-7 2.795883831668889e7
6.971867007672573e-7 2.4829733195189536e7
6.981841432225002e-7 2.1986895700564932e7
6.991815856777432e-7 1.9468977985599894e7
7.001790281329861e-7 1.7283775949891776e7
7.011764705882291e-7 1.545863632895246e7
7.02173913043472e-7 1.3825831905783923e7
7.03171355498715e-7 1.2328677462902011e7
7.041687979539579e-7 1.08667115253873e7
7.051662404092008e-7 9.577838007502656e6
7.061636828644438e-7 8.43547383422445e6
7.071611253196867e-7 7.398293433679265e6
7.081585677749297e-7 6.488457793185997e6
7.091560102301726e-7 5.693598465107496e6
7.101534526854156e-7 5.023572945589306e6
7.111508951406585e-7 4.432274084286677e6
7.121483375959015e-7 3.9094259797065915e6
7.131457800511444e-7 3.4256598544775224e6
7.141432225063874e-7 3.0016749055822846e6
7.151406649616303e-7 2.630094144757943e6
7.161381074168733e-7 2.2888651476854454e6
7.171355498721162e-7 1.9916391960048608e6
7.181329923273592e-7 1.7329638273943968e6
7.191304347826021e-7 1.4677114735219416e6
7.201278772378451e-7 1.2404928500958208e6
7.21125319693088e-7 1.0484225765528266e6
7.22122762148331e-7 959607.1510051606
7.231202046035739e-7 888353.5487460768
7.241176470588168e-7 822369.2750506747
7.251150895140598e-7 758742.7803667145
7.261125319693027e-7 699511.973878173
7.271099744245457e-7 644888.3718535221
7.281074168797886e-7 591128.3008451473
7.291048593350316e-7 540889.2628009565
7.301023017902745e-7 494907.3703976286
7.310997442455175e-7 446555.51545961294
7.320971867007604e-7 400640.56513405626
7.330946291560034e-7 359437.5733529904
7.340920716112463e-7 326933.4251402279
7.350895140664893e-7 299513.06756081694
7.360869565217322e-7 274385.6875276213
7.370843989769752e-7 249255.36196076628
7.380818414322181e-7 225163.5537501822
7.390792838874611e-7 203395.36024785816
7.40076726342704e-7 184305.90662250688
7.41074168797947e-7 167439.77320825995
7.420716112531899e-7 152113.4074395227
7.430690537084328e-7 137236.99275004998
7.440664961636758e-7 122934.7589900298
7.450639386189187e-7 110120.41000952752
7.460613810741617e-7 98857.96239194812
7.470588235294046e-7 88998.11850438004
7.480562659846476e-7 80119.780004227
7.490537084398905e-7 72298.16034943244
7.500511508951335e-7 65490.6576599133
7.510485933503764e-7 59322.758095845194
7.520460358056194e-7 53776.02157186255
7.530434782608623e-7 48823.93773196604
7.540409207161053e-7 44326.856968580454
7.550383631713482e-7 40006.869004395754
7.560358056265912e-7 35546.68857050078
7.570332480818341e-7 31583.034721334694
7.58030690537077e-7 28134.48573881767
7.5902813299232e-7 25298.026019519813
7.600255754475629e-7 22747.02116970716
7.610230179028059e-7 20422.369582433206
7.620204603580488e-7 18196.320329605034
7.630179028132918e-7 16212.551810122102
7.640153452685347e-7 14484.034379302248
7.650127877237777e-7 13228.982910479077
7.660102301790206e-7 12082.417573627454
7.670076726342636e-7 11036.519884886648
7.680051150895065e-7 10105.206829225406
7.690025575447495e-7 9252.281872282423
7.699999999999924e-7 8471.164836162801
