3.8e-7 0.006341621359285883
3.8099744245524296e-7 0.008097725777785711
3.819948849104859e-7 0.010338214447757467
3.8299232736572886e-7 0.013196183793247987
3.839897698209718e-7 0.016841165793640225
3.8498721227621475e-7 0.021489066278214404
3.859846547314577e-7 0.02741480450021027
3.8698209718670064e-7 0.03496838570374676
3.879795396419436e-7 0.04459533594272341
3.8897698209718654e-7 0.056862679117251236
3.899744245524295e-7 0.07249195432114461
3.9097186700767243e-7 0.09240117521846482
3.919693094629154e-7 0.11775814519393303
3.9296675191815833e-7 0.15004819147547385
3.939641943734013e-7 0.19116020507934775
3.949616368286442e-7 0.2434959178614987
3.9595907928388717e-7 0.31010867217482224
3.969565217391301e-7 0.3948796173544289
3.9795396419437306e-7 0.5027413951036885
3.98951406649616e-7 0.6399620726375722
3.9994884910485896e-7 0.8145054998268342
4.009462915601019e-7 1.036488596564987
4.0194373401534485e-7 1.318761562143184
4.029411764705878e-7 1.6776439470775637
4.0393861892583075e-7 2.1338583287027615
4.049360613810737e-7 2.7137144772345194
4.0593350383631664e-7 3.4506110117142965
4.069309462915596e-7 4.3869394130671004
4.0792838874680254e-7 5.576497880791335
4.089258312020455e-7 7.0875511505676485
4.0992327365728843e-7 9.00670862556513
4.109207161125314e-7 11.443839028803703
4.119181585677743e-7 14.538297804118567
4.1291560102301727e-7 18.46681689794265
4.139130434782602e-7 23.453499411583334
4.1491048593350317e-7 29.78247906524116
4.159079283887461e-7 37.81395295730397
4.1690537084398906e-7 48.00448394371939
4.17902813299232e-7 60.93270647224278
4.1890025575447495e-7 77.33186998405046
4.198976982097179e-7 98.13103358537222
4.2089514066496085e-7 124.50720548908247
4.218925831202038e-7 157.9513271161775
4.2289002557544674e-7 200.3517680454197
4.238874680306897e-7 254.09996626794046
4.2488491048593264e-7 322.2240715404069
4.258823529411756e-7 408.55799505904605
4.2687979539641853e-7 517.9552207894229
4.278772378516615e-7 656.5591993384768
4.2887468030690443e-7 833.074233020412
4.298721227621474e-7 1065.1956868918005
4.308695652173903e-7 1361.8192407220101
4.3186700767263327e-7 1740.8217042020838
4.328644501278762e-7 2225.021782795505
4.3386189258311916e-7 2843.542819548704
4.348593350383621e-7 3633.5504048242806
4.3585677749360506e-7 4642.467730221759
4.36854219948848e-7 5930.799730630475
4.3785166240409095e-7 7575.732921098019
4.388491048593339e-7 9675.7234905989
4.3984654731457685e-7 12356.344331023922
4.408439897698198e-7 15777.735650405524
4.4184143222506274e-7 20144.097960458428
4.428388746803057e-7 25715.786028281032
4.4383631713554863e-7 32824.714819133485
4.448337595907916e-7 41893.98240428027
4.4583120204603453e-7 53462.861544827996
4.468286445012775e-7 68218.62552806508
4.478260869565204e-7 87037.07305258395
4.4882352941176337e-7 111034.12469628024
4.498209718670063e-7 141631.50919472822
4.5081841432224926e-7 180640.37881352747
4.518158567774922e-7 230367.73704702928
4.5281329923273516e-7 293751.8891044937
4.538107416879781e-7 374534.81286852
4.5480818414322105e-7 477481.4926797936
4.55805626598464e-7 608658.9841954659
4.5680306905370695e-7 775791.4428929399
4.578005115089499e-7 988711.7511927665
4.5879795396419284e-7 1.2599359731744772e6
4.597953964194358e-7 1.6053939733643085e6
4.6079283887467874e-7 2.0453585657881387e6
4.617902813299217e-7 2.605627030271209e6
4.6278772378516463e-7 3.3190234034880586e6
4.637851662404076e-7 4.227308458576294e6
4.647826086956505e-7 5.383607790362899e6
4.6578005115089347e-7 6.855498270121435e6
4.667774936061364e-7 8.728931033278124e6
4.6777493606137937e-7 1.1113217284187343e7
4.687723785166223e-7 1.4147364295517597e7
4.6976982097186526e-7 1.8008126536816698e7
4.707672634271082e-7 2.292023531605721e7
4.7176470588235116e-7 2.9169395277143274e7
4.727621483375941e-7 3.711879469115169e7
4.7375959079283705e-7 4.7230077747089505e7
4.7475703324808e-7 6.008998245091437e7
4.7575447570332294e-7 7.644417181440444e7
4.767519181585659e-7 9.724019718893416e7
4.777493606138089e-7 1.1735598928413258e8
4.787468030690518e-7 1.2098180489907326e8
4.797442455242948e-7 1.2470813409249407e8
4.807416879795377e-7 1.2853744943901367e8
4.817391304347807e-7 1.3247227685799849e8
4.827365728900236e-7 1.3651519661253485e8
4.837340153452666e-7 1.406688443245733e8
4.847314578005095e-7 1.449359120064799e8
4.857289002557525e-7 1.49319149109217e8
4.867263427109954e-7 1.5382136358739614e8
4.877237851662384e-7 1.5844542298144048e8
4.887212276214813e-7 1.6319425551709124e8
4.897186700767243e-7 1.680708512225093e8
4.907161125319672e-7 1.7307826306321782e8
4.917135549872102e-7 1.7821960809513304e8
4.927109974424531e-7 1.8349806863594186e8
4.93708439897696e-7 1.8891689345508012e8
4.94705882352939e-7 1.94479398982565e8
4.957033248081819e-7 2.0018897053696656e8
4.967007672634249e-7 2.0604906357275388e8
4.976982097186678e-7 2.1206320494731846e8
4.986956521739108e-7 2.182349942079197e8
4.996930946291537e-7 2.245681048988511e8
5.006905370843967e-7 2.310662858891006e8
5.016879795396396e-7 2.3773336272077766e8
5.026854219948826e-7 2.4457323897862178e8
5.036828644501255e-7 2.5158989768085048e8
5.046803069053685e-7 2.587874026916764e8
5.056777493606114e-7 2.6616990015575764e8
5.066751918158544e-7 2.7374161995492035e8
5.076726342710973e-7 2.815068771874215e8
5.086700767263403e-7 2.8947007367010164e8
5.096675191815832e-7 2.976356994637098e8
5.106649616368261e-7 3.060083344217324e8
5.116624040920691e-7 3.145926497630566e8
5.12659846547312e-7 3.233934096687747e8
5.13657289002555e-7 3.3241547290347666e8
5.146547314577979e-7 3.4166379446136487e8
5.156521739130409e-7 3.511434272375082e8
5.166496163682838e-7 3.608595237246172e8
5.176470588235268e-7 3.7081733773564494e8
5.186445012787697e-7 3.810222261526061e8
5.196419437340127e-7 3.9147965070193076e8
5.206393861892556e-7 4.021951797567527e8
5.216368286444986e-7 4.13174490166461e8
5.226342710997415e-7 4.244233691139175e8
5.236317135549845e-7 4.3594771600069124e8
5.246291560102274e-7 4.4775354436068696e8
5.256265984654704e-7 4.5984698380258954e8
5.266240409207133e-7 4.6634470500032395e8
5.276214833759563e-7 4.631126976519712e8
5.286189258311992e-7 4.5987154015306336e8
5.296163682864421e-7 4.5662191982532847e8
5.306138107416851e-7 4.5336451569974935e8
5.31611253196928e-7 4.5009999842346686e8
5.32608695652171e-7 4.468290301724414e8
5.336061381074139e-7 4.4355226456975645e8
5.346035805626569e-7 4.4027034660950905e8
5.356010230178998e-7 4.369839125861543e8
5.365984654731428e-7 4.3369359002925545e8
5.375959079283857e-7 4.303999976435076e8
5.385933503836287e-7 4.2710374525396305e8
5.395907928388716e-7 4.238054337563551e8
5.405882352941146e-7 4.205056550724326e8
5.415856777493575e-7 4.172049921101913e8
5.425831202046005e-7 4.1390401872892326e8
5.435805626598434e-7 4.106032997089852e8
5.445780051150864e-7 4.0730339072616917e8
5.455754475703293e-7 4.040048383305971e8
5.465728900255722e-7 4.007081799300448e8
5.475703324808152e-7 3.974139437775735e8
5.485677749360581e-7 3.941226489633898e8
5.495652173913011e-7 3.9083480541083205e8
5.50562659846544e-7 3.87550913876384e8
5.51560102301787e-7 3.842714659536169e8
5.525575447570299e-7 3.8099694408096e8
5.535549872122729e-7 3.777278215532071e8
5.545524296675158e-7 3.7446456253666466e8
5.555498721227588e-7 3.7120762208783144e8
5.565473145780017e-7 3.679574461755274e8
5.575447570332447e-7 3.647144717063739e8
5.585421994884876e-7 3.614791265535253e8
5.595396419437306e-7 3.5825182958854836e8
5.605370843989735e-7 3.5503299071639127e8
5.615345268542165e-7 3.5182301091330934e8
5.625319693094594e-7 3.4862228226766276e8
5.635294117647023e-7 3.454311880235276e8
5.645268542199453e-7 3.4225010262698483e8
5.655242966751882e-7 3.390793917750241e8
5.665217391304312e-7 3.3591941246697235e8
5.675191815856741e-7 3.327705130583487e8
5.685166240409171e-7 3.296330333170645e8
5.6951406649616e-7 3.2650730448188525e8
5.70511508951403e-7 3.23393649323068e8
5.715089514066459e-7 3.202923822050853e8
5.725063938618889e-7 3.172038091513613e8
5.735038363171318e-7 3.141282279109306e8
5.745012787723748e-7 3.1106592802694935e8
5.754987212276177e-7 3.1426283490254885e8
5.764961636828607e-7 3.239133331290376e8
5.774936061381036e-7 3.338427125678949e8
5.784910485933466e-7 3.440585620854662e8
5.794884910485895e-7 3.545686653507082e8
5.804859335038325e-7 3.6538100556675375e8
5.814833759590754e-7 3.7650377031170243e8
5.824808184143183e-7 3.879453564910347e8
5.834782608695613e-7 3.997143754040946e8
5.844757033248042e-7 4.11819657927194e8
5.854731457800472e-7 4.2427025981585747e8
5.864705882352901e-7 4.370754671288492e8
5.874680306905331e-7 4.5024480177666456e8
5.88465473145776e-7 4.6378802719718736e8
5.89462915601019e-7 4.777151541613397e8
5.904603580562619e-7 4.92036446711527e8
5.914578005115049e-7 5.0676242823583543e8
5.924552429667478e-7 5.2190388768091524e8
5.934526854219908e-7 5.374718859065697e8
5.944501278772337e-7 5.534777621852027e8
5.954475703324767e-7 5.699331408492109e8
5.964450127877196e-7 5.868499380896014e8
5.974424552429626e-7 6.042403689091147e8
5.984398976982055e-7 6.22116954233173e8
5.994373401534484e-7 6.404925281821827e8
6.004347826086914e-7 6.593802455085814e8
6.014322250639343e-7 6.787935892022979e8
6.024296675191773e-7 6.987463782682462e8
6.034271099744202e-7 7.192527756795428e8
6.044245524296632e-7 7.403272965103524e8
6.054219948849061e-7 7.619848162521416e8
6.064194373401491e-7 7.842405793173859e8
6.07416879795392e-7 8.071102077347473e8
6.08414322250635e-7 8.306097100398507e8
6.094117647058779e-7 8.547554903659171e8
6.104092071611209e-7 8.795643577385167e8
6.114066496163638e-7 9.050535355788864e8
6.124040920716068e-7 9.312406714202644e8
6.134015345268497e-7 9.581438468418365e8
6.143989769820927e-7 9.857815876250049e8
6.153964194373356e-7 1.0141728741366918e9
6.163938618925785e-7 1.0433371519446317e9
6.173913043478215e-7 1.0732943426695435e9
6.183887468030644e-7 1.104064855079331e9
6.193861892583074e-7 1.1356695964304688e9
6.203836317135503e-7 1.168129984061846e9
6.213810741687933e-7 1.201467957246543e9
6.223785166240362e-7 1.2357059893069036e9
6.233759590792792e-7 1.270867099998722e9
6.243734015345221e-7 1.2176218956321318e9
6.253708439897651e-7 1.1180316312990518e9
6.26368286445008e-7 1.0265450692212679e9
6.27365728900251e-7 9.425064415876797e8
6.283631713554939e-7 8.653127321500634e8
6.293606138107369e-7 7.944094598888725e8
6.303580562659798e-7 7.292867973498857e8
6.313554987212228e-7 6.69475997287273e8
6.323529411764657e-7 6.145461033083248e8
6.333503836317087e-7 5.641009221155691e8
6.343478260869516e-7 5.177762366950526e8
6.353452685421945e-7 4.7523724141679454e8
6.363427109974375e-7 4.361761815050137e8
6.373401534526804e-7 4.0031018071147645e8
6.383375959079234e-7 3.673792422941778e8
6.393350383631663e-7 3.371444095735914e8
6.403324808184093e-7 3.0938607341774285e8
6.413299232736522e-7 2.8390241500219566e8
6.423273657288952e-7 2.6050797310838288e8
6.433248081841381e-7 2.3903232606935802e8
6.443222506393811e-7 2.1931887925169554e8
6.45319693094624e-7 2.012237496809736e8
6.46317135549867e-7 1.8461474008066997e8
6.473145780051099e-7 1.693703952049607e8
6.483120204603529e-7 1.5537913390861106e8
6.493094629155958e-7 1.4253845091578948e8
6.503069053708388e-7 1.3075418272756654e8
6.513043478260817e-7 1.1993983254823747e8
6.523017902813246e-7 1.1001594951641235e8
6.532992327365676e-7 1.0090955790067677e8
6.542966751918105e-7 9.255363226408565e7
6.552941176470535e-7 8.48866149190646e7
6.562915601022964e-7 7.785197228661768e7
6.572890025575394e-7 7.139778704298599e7
6.582864450127823e-7 6.547638318491653e7
6.592838874680253e-7 6.00439813731204e7
6.602813299232682e-7 5.5060382123857215e7
6.612787723785112e-7 5.048867461232548e7
6.622762148337541e-7 4.629496902991785e7
6.632736572889971e-7 4.244815060168401e7
6.6427109974424e-7 3.891965352158182e7
6.65268542199483e-7 3.568325320235769e7
6.662659846547259e-7 3.2714875365099784e7
6.672634271099689e-7 2.9992420611529656e7
6.682608695652118e-7 2.7495603230745435e7
6.692583120204548e-7 2.5205803092132345e7
6.702557544756977e-7 2.31059295682092e7
6.712531969309406e-7 2.1180296515896678e7
6.722506393861836e-7 1.9414507422666684e7
6.732480818414265e-7 1.2640669777307356e7
6.742455242966695e-7 7.343236687795507e6
6.752429667519124e-7 4.265705911152567e6
6.762404092071554e-7 2.4778801814439576e6
6.772378516623983e-7 1.4393147105340217e6
6.782352941176413e-7 836021.3333358498
6.792327365728842e-7 485584.87591542833
6.802301790281272e-7 282032.5292427916
6.812276214833701e-7 163802.1406327108
6.822250639386131e-7 95131.93397974959
6.83222506393856e-7 55248.376642684794
6.84219948849099e-7 32084.791508750866
6.852173913043419e-7 18632.2578489319
6.862148337595849e-7 10819.778605309724
6.872122762148278e-7 6282.868167886138
6.882097186700707e-7 3648.2472472967597
6.892071611253137e-7 2118.3483674789295
6.902046035805566e-7 1229.9780543136228
6.912020460357996e-7 714.1414855048288
6.921994884910425e-7 414.6275353910632
6.931969309462855e-7 240.72381257364637
6.941943734015284e-7 139.75490481424305
6.951918158567714e-7 81.13387415042877
6.961892583120143e-7 47.1003978736524
6.971867007672573e-7 27.342246872661566
6.981841432225002e-7 15.8719813103741
6.991815856777432e-7 9.213305268686142
7.001790281329861e-7 5.34794840364235
7.011764705882291e-7 3.104176744638469
7.02173913043472e-7 1.8017445335686157
7.03171355498715e-7 1.045749292145115
7.041687979539579e-7 0.6069453572545705
7.051662404092008e-7 0.35225673885494385
7.061636828644438e-7 0.20443572094387782
7.071611253196867e-7 0.11864298447625193
7.081585677749297e-7 0.06885178521251012
7.091560102301726e-7 0.03995547167800388
7.101534526854156e-7 0.02318597082825779
7.111508951406585e-7 0.013454337784222833
7.121483375959015e-7 0.007807058594346618
7.131457800511444e-7 0.004530025770000786
7.141432225063874e-7 0.002628464277854575
7.151406649616303e-7 0.0015250767817482018
7.161381074168733e-7 0.0008848499153386067
7.171355498721162e-7 0.0005133763318280549
7.181329923273592e-7 0.00029784509051096583
7.191304347826021e-7 0.00017279591582786022
7.201278772378451e-7 0.00010024552034140102
7.21125319693088e-7 0.000058154723919843646
7.22122762148331e-7 0.000032250901312605365
7.231202046035739e-7 0.00001777027829473371
7.241176470588168e-7 9.791185320743843e-6
7.251150895140598e-7 5.394671805915934e-6
7.261125319693027e-7 2.972237787846154e-6
7.271099744245457e-7 1.6375361110454948e-6
7.281074168797886e-7 9.02167295956656e-7
7.291048593350316e-7 4.970180712577646e-7
7.301023017902745e-7 2.7380806288568825e-7
7.310997442455175e-7 1.508374859612248e-7
7.320971867007604e-7 8.309241540898598e-8
7.330946291560034e-7 4.577228292153935e-8
7.340920716112463e-7 2.5213486353273284e-8
7.350895140664893e-7 1.3888406251640496e-8
7.360869565217322e-7 7.649994981253418e-9
7.370843989769752e-7 4.213656822637255e-9
7.380818414322181e-7 2.3208468972806476e-9
7.390792838874611e-7 1.2782717283574873e-9
7.40076726342704e-7 7.040269471078677e-10
7.41074168797947e-7 3.877437727687196e-10
7.420716112531899e-7 2.1354523023820103e-10
7.430690537084328e-7 1.1760464008087777e-10
7.440664961636758e-7 6.476623033979841e-11
7.450639386189187e-7 3.5666657169443296e-11
7.460613810741617e-7 1.9641102483799686e-11
7.470588235294046e-7 1.081580941206261e-11
7.480562659846476e-7 5.955825188135992e-12
7.490537084398905e-7 3.279552990979188e-12
7.500511508951335e-7 1.8058313957750377e-12
7.510485933503764e-7 9.943278961433462e-13
7.520460358056194e-7 5.474846758075793e-13
7.530434782608623e-7 3.0144235369250615e-13
7.540409207161053e-7 1.6596884747927206e-13
7.550383631713482e-7 9.137742732742207e-14
7.560358056265912e-7 5.030849877840077e-14
7.570332480818341e-7 2.769707536918032e-14
7.58030690537077e-7 1.5248131585817732e-14
7.5902813299232e-7 8.394397932101527e-15
7.600255754475629e-7 4.621178220053556e-15
7.610230179028059e-7 2.5439359078965478e-15
7.620204603580488e-7 1.4003930125977189e-15
7.630179028132918e-7 7.708751854983998e-16
7.640153452685347e-7 4.2433474795235263e-16
7.650127877237777e-7 2.335734988075167e-16
7.660102301790206e-7 1.2856685283571187e-16
7.670076726342636e-7 7.076605330524744e-17
7.680051150895065e-7 3.895036134652511e-17
7.690025575447495e-7 2.143821382485137e-17
7.699999999999924e-7 1.1799302481468296e-17
