3.8e-7 114.98753803566218
3.8099744245524296e-7 138.23449101467517
3.819948849104859e-7 166.15054614897792
3.8299232736572886e-7 199.66754436927138
3.839897698209718e-7 239.90215926712432
3.8498721227621475e-7 288.19234142464217
3.859846547314577e-7 346.1409073708335
3.8698209718670064e-7 415.6676660314601
3.879795396419436e-7 499.07174562390503
3.8897698209718654e-7 599.1061061325436
3.899744245524295e-7 719.0666067823342
3.9097186700767243e-7 862.898456218307
3.919693094629154e-7 1035.323419578559
3.9296675191815833e-7 1241.9918082051688
3.939641943734013e-7 1489.6640544763727
3.949616368286442e-7 1786.427600098114
3.9595907928388717e-7 2141.9559296522857
3.969565217391301e-7 2567.817896167667
3.9795396419437306e-7 3077.8470523060373
3.98951406649616e-7 3688.5825674498587
3.9994884910485896e-7 4419.795534657583
4.009462915601019e-7 5295.117120068099
4.0194373401534485e-7 6342.788161711252
4.029411764705878e-7 7596.553580944445
4.0393861892583075e-7 9096.72944220288
4.049360613810737e-7 10891.475821356436
4.0593350383631664e-7 13038.314981324096
4.069309462915596e-7 15605.941897845682
4.0792838874680254e-7 18676.383156836815
4.089258312020455e-7 22347.570929015474
4.0992327365728843e-7 26736.41144010414
4.109207161125314e-7 31982.44247923768
4.119181585677743e-7 38252.192479772355
4.1291560102301727e-7 45744.375106669315
4.139130434782602e-7 54696.07873592412
4.1491048593350317e-7 65390.14047779341
4.159079283887461e-7 78163.9303838179
4.1690537084398906e-7 93419.81426502312
4.17902813299232e-7 111637.6144142542
4.1890025575447495e-7 133389.44798808527
4.198976982097179e-7 159357.39466622923
4.2089514066496085e-7 190354.53060925193
4.218925831202038e-7 227349.9672194782
4.2289002557544674e-7 271498.6537907156
4.238874680306897e-7 324176.8463886579
4.2488491048593264e-7 387024.31548230234
4.258823529411756e-7 461994.56698644534
4.2687979539641853e-7 551414.5914547156
4.278772378516615e-7 658055.9412740743
4.2887468030690443e-7 777161.2319442367
4.298721227621474e-7 853777.3965222413
4.308695652173903e-7 937826.6005496953
4.3186700767263327e-7 1.030018917819288e6
4.328644501278762e-7 1.1311312555029695e6
4.3386189258311916e-7 1.2420135557461502e6
4.348593350383621e-7 1.3635955649413515e6
4.3585677749360506e-7 1.496894221974912e6
4.36854219948848e-7 1.6430217213181602e6
4.3785166240409095e-7 1.8031943118158723e6
4.388491048593339e-7 1.978741897445521e6
4.3984654731457685e-7 2.1711185122184074e6
4.408439897698198e-7 2.3819137478104513e6
4.4184143222506274e-7 2.612865219490931e6
4.428388746803057e-7 2.865872163510815e6
4.4383631713554863e-7 3.143010267372273e6
4.448337595907916e-7 3.446547843384336e6
4.4583120204603453e-7 3.77896346568063e6
4.468286445012775e-7 4.1429652015001937e6
4.478260869565204e-7 4.541511579087474e6
4.4882352941176337e-7 4.977834447131005e6
4.498209718670063e-7 5.455463894321301e6
4.5081841432224926e-7 5.97825541246028e6
4.518158567774922e-7 6.550419502700433e6
4.5281329923273516e-7 7.176553942044559e6
4.538107416879781e-7 7.861678946314721e6
4.5480818414322105e-7 8.611275486537157e6
4.55805626598464e-7 9.431327038227715e6
4.5680306905370695e-7 1.0328365067556728e7
4.578005115089499e-7 1.1309518584989974e7
4.5879795396419284e-7 1.2382568125927435e7
4.597953964194358e-7 1.3556004549289308e7
4.6079283887467874e-7 1.4839093079145491e7
4.617902813299217e-7 1.6241943051584592e7
4.6278772378516463e-7 1.7775583869319573e7
4.637851662404076e-7 1.9452047710309148e7
4.647826086956505e-7 2.128445958422887e7
4.6578005115089347e-7 2.328713538228187e7
4.667774936061364e-7 2.5475688621936854e7
4.6777493606137937e-7 2.7867146649112917e7
4.687723785166223e-7 3.048007712649244e7
4.6976982097186526e-7 3.3334725708496466e7
4.707672634271082e-7 3.645316588147132e7
4.7176470588235116e-7 3.985946203234547e7
4.727621483375941e-7 4.357984690098371e7
4.7375959079283705e-7 4.7642914671316095e7
4.7475703324808e-7 5.207983106470313e7
4.7575447570332294e-7 5.692456191667045e7
4.767519181585659e-7 6.221412184585141e7
4.777493606138089e-7 6.724742183797178e7
4.787468030690518e-7 7.03292358645467e7
4.797442455242948e-7 7.354549580564608e7
4.807416879795377e-7 7.690178777937602e7
4.817391304347807e-7 8.040391919018547e7
4.827365728900236e-7 8.405792710063024e7
4.837340153452666e-7 8.787008690631904e7
4.847314578005095e-7 9.184692132459094e7
4.857289002557525e-7 9.599520970781372e7
4.867263427109954e-7 1.0032199769256215e8
4.877237851662384e-7 1.0483460719631487e8
4.887212276214813e-7 1.0954064677368852e8
4.897186700767243e-7 1.14448022344636e8
4.907161125319672e-7 1.195649483074497e8
4.917135549872102e-7 1.2489995904982838e8
4.927109974424531e-7 1.304619208717217e8
4.93708439897696e-7 1.3626004433411077e8
4.94705882352939e-7 1.4230389704835126e8
4.957033248081819e-7 1.4860341692120975e8
4.967007672634249e-7 1.551689258711892e8
4.976982097186678e-7 1.6201114403229928e8
4.986956521739108e-7 1.6914120446191564e8
4.996930946291537e-7 1.7657066836996707e8
5.006905370843967e-7 1.8431154088721463e8
5.016879795396396e-7 1.9237628739100093e8
5.026854219948826e-7 2.0077785040745106e8
5.036828644501255e-7 2.095296671097043e8
5.046803069053685e-7 2.1864568743244022e8
5.056777493606114e-7 2.281403928235862e8
5.066751918158544e-7 2.3802881565480846e8
5.076726342710973e-7 2.4832655931307977e8
5.086700767263403e-7 2.5904981899635288e8
5.096675191815832e-7 2.7021540323711824e8
5.106649616368261e-7 2.8184075617840105e8
5.116624040920691e-7 2.939439806275591e8
5.12659846547312e-7 3.065438619140639e8
5.13657289002555e-7 3.196598925782895e8
5.146547314577979e-7 3.3331229791925025e8
5.156521739130409e-7 3.4752206243008083e8
5.166496163682838e-7 3.6231095715103817e8
5.176470588235268e-7 3.7770156797073555e8
5.186445012787697e-7 3.937173249073418e8
5.196419437340127e-7 4.103825324024765e8
5.206393861892556e-7 4.277224006616177e8
5.216368286444986e-7 4.457630780759155e8
5.226342710997415e-7 4.6453168476144135e8
5.236317135549845e-7 4.8405634725305414e8
5.246291560102274e-7 5.043662343912667e8
5.256265984654704e-7 5.254915944417509e8
5.266240409207133e-7 5.366595208753587e8
5.276214833759563e-7 5.301201725566953e8
5.286189258311992e-7 5.2362458464012605e8
5.296163682864421e-7 5.17173310707249e8
5.306138107416851e-7 5.107668793852946e8
5.31611253196928e-7 5.0440579470660746e8
5.32608695652171e-7 4.9809053647159e8
5.336061381074139e-7 4.918215606147808e8
5.346035805626569e-7 4.8559929957377e8
5.356010230178998e-7 4.794241626606133e8
5.365984654731428e-7 4.732965364354682e8
5.375959079283857e-7 4.6721678508212936e8
5.385933503836287e-7 4.611852507852018e8
5.395907928388716e-7 4.5520225410861224e8
5.405882352941146e-7 4.492680943751985e8
5.415856777493575e-7 4.433830500471042e8
5.425831202046005e-7 4.3754737910673356e8
5.435805626598434e-7 4.3176131943800825e8
5.445780051150864e-7 4.26025089207687e8
5.455754475703293e-7 4.203388872465162e8
5.465728900255722e-7 4.1470289342999536e8
5.475703324808152e-7 4.091172690585114e8
5.485677749360581e-7 4.0358215723666435e8
5.495652173913011e-7 3.980976832515605e8
5.50562659846544e-7 3.926639549498761e8
5.51560102301787e-7 3.8728106311351836e8
5.525575447570299e-7 3.819490818336776e8
5.535549872122729e-7 3.7666806888311726e8
5.545524296675158e-7 3.714380660865212e8
5.555498721227588e-7 3.6625909968873274e8
5.565473145780017e-7 3.6113118072075e8
5.575447570332447e-7 3.5605430536330074e8
5.585421994884876e-7 3.5102845530787766e8
5.595396419437306e-7 3.460535981150834e8
5.605370843989735e-7 3.411296875701653e8
5.615345268542165e-7 3.36256664035616e8
5.625319693094594e-7 3.314344548007038e8
5.635294117647023e-7 3.2666297442784834e8
5.645268542199453e-7 3.219421250957184e8
5.655242966751882e-7 3.172717969389523e8
5.665217391304312e-7 3.1265186838441163e8
5.675191815856741e-7 3.080822064838753e8
5.685166240409171e-7 3.035626672430807e8
5.6951406649616e-7 2.9909309594706136e8
5.70511508951403e-7 2.946733274816651e8
5.715089514066459e-7 2.903031866512185e8
5.725063938618889e-7 2.859824884922545e8
5.735038363171318e-7 2.817110385832558e8
5.745012787723748e-7 2.7748863335033935e8
5.754987212276177e-7 2.802137699292423e8
5.764961636828607e-7 2.90092707545493e8
5.774936061381036e-7 3.003042123796091e8
5.784910485933466e-7 3.1085898942209005e8
5.794884910485895e-7 3.217680737898233e8
5.804859335038325e-7 3.330428405043094e8
5.814833759590754e-7 3.4469501454890907e8
5.824808184143183e-7 3.567366812128061e8
5.834782608695613e-7 3.691802967295779e8
5.844757033248042e-7 3.8203869921850944e8
5.854731457800472e-7 3.953251199369533e8
5.864705882352901e-7 4.090531948523023e8
5.874680306905331e-7 4.2323697654236e8
5.88465473145776e-7 4.378909464331094e8
5.89462915601019e-7 4.5303002738313943e8
5.904603580562619e-7 4.6866959662423766e8
5.914578005115049e-7 4.848254990678895e8
5.924552429667478e-7 5.015140609877112e8
5.934526854219908e-7 5.187521040880716e8
5.944501278772337e-7 5.365569599694994e8
5.954475703324767e-7 5.54946485001647e8
5.964450127877196e-7 5.739390756149784e8
5.974424552429626e-7 5.935536840225884e8
5.984398976982055e-7 6.13809834383818e8
5.994373401534484e-7 6.347276394217951e8
6.004347826086914e-7 6.563278175071222e8
6.014322250639343e-7 6.786317102204717e8
6.024296675191773e-7 7.016613004070739e8
6.034271099744202e-7 7.254392307363864e8
6.044245524296632e-7 7.499888227807612e8
6.054219948849061e-7 7.753340966270472e8
6.064194373401491e-7 8.014997910356488e8
6.07416879795392e-7 8.285113841618001e8
6.08414322250635e-7 8.563951148542962e8
6.094117647058779e-7 8.851780045472515e8
6.104092071611209e-7 9.14887879760906e8
6.114066496163638e-7 9.455533952279176e8
6.124040920716068e-7 9.772040576620077e8
6.134015345268497e-7 1.0098702501862379e9
6.143989769820927e-7 1.0435832574387232e9
6.153964194373356e-7 1.0783752913739498e9
6.163938618925785e-7 1.1142795177784557e9
6.173913043478215e-7 1.151330083520018e9
6.183887468030644e-7 1.1895621445500731e9
6.193861892583074e-7 1.2290118946795619e9
6.203836317135503e-7 1.2697165951489127e9
6.213810741687933e-7 1.3117146050135355e9
6.223785166240362e-7 1.355045412366468e9
6.233759590792792e-7 1.3997496664208112e9
6.243734015345221e-7 1.3284567754469848e9
6.253708439897651e-7 1.1982784161971295e9
6.26368286445008e-7 1.0808124386681685e9
6.27365728900251e-7 9.748219663283762e8
6.283631713554939e-7 8.791900018474678e8
6.293606138107369e-7 7.929078559235718e8
6.303580562659798e-7 7.150646881362588e8
6.313554987212228e-7 6.448380534521922e8
6.323529411764657e-7 5.814853581350346e8
6.333503836317087e-7 5.243361379775656e8
6.343478260869516e-7 4.727850800719477e8
6.353452685421945e-7 4.2628571684556e8
6.363427109974375e-7 3.8434472788872826e8
6.373401534526804e-7 3.465167912544717e8
6.383375959079234e-7 3.1239993147973824e8
6.393350383631663e-7 2.816313166178957e8
6.403324808184093e-7 2.538834611332866e8
6.413299232736522e-7 2.2886079563588423e8
6.423273657288952e-7 2.0629656816855782e8
6.433248081841381e-7 1.859500451381946e8
6.443222506393811e-7 1.6760398303885067e8
6.45319693094624e-7 1.5106234488053748e8
6.46317135549867e-7 1.3614823773889446e8
6.473145780051099e-7 1.2270205010394555e8
6.483120204603529e-7 1.1057976975293998e8
6.493094629155958e-7 9.96514647235568e7
6.503069053708388e-7 8.979991163805994e7
6.513043478260817e-7 8.091935714315122e7
6.523017902813246e-7 7.29143995995459e7
6.532992327365676e-7 6.569897939346491e7
6.542966751918105e-7 5.919546736179636e7
6.552941176470535e-7 5.333384183494356e7
6.562915601022964e-7 4.805094571655944e7
6.572890025575394e-7 4.3289815846756965e7
6.582864450127823e-7 3.89990776433393e7
6.592838874680253e-7 3.513239869173051e7
6.602813299232682e-7 3.1647995565436568e7
6.612787723785112e-7 2.8508188711279497e7
6.622762148337541e-7 2.5679000732912295e7
6.632736572889971e-7 2.3129793857352853e7
6.6427109974424e-7 2.0832942777055357e7
6.65268542199483e-7 1.8763539428539176e7
6.662659846547259e-7 1.6899126601584624e7
6.672634271099689e-7 1.5219457573886624e7
6.682608695652118e-7 1.3706279237914195e7
6.692583120204548e-7 1.234313643234358e7
6.702557544756977e-7 1.1115195412336426e7
6.712531969309406e-7 1.0009084593401227e7
6.722506393861836e-7 9.012750884668363e6
6.732480818414265e-7 7.175911265784415e6
6.742455242966695e-7 5.483690331178728e6
6.752429667519124e-7 4.190392727592926e6
6.762404092071554e-7 3.2020089402851015e6
6.772378516623983e-7 2.446675784316674e6
6.782352941176413e-7 1.8694611343430576e6
6.792327365728842e-7 1.4283763605482767e6
6.802301790281272e-7 1.0913275677504512e6
6.812276214833701e-7 833784.6936931007
6.822250639386131e-7 636999.5015394901
6.83222506393856e-7 486643.2567088693
6.84219948849099e-7 371765.2830109956
6.852173913043419e-7 283996.8458746119
6.862148337595849e-7 216942.59300968278
6.872122762148278e-7 165715.38150622515
6.882097186700707e-7 126580.7191673147
6.892071611253137e-7 96684.99947065157
6.902046035805566e-7 73847.7896474337
6.912020460357996e-7 56403.080275640736
6.921994884910425e-7 43077.95926761796
6.931969309462855e-7 32899.890739090486
6.941943734015284e-7 25125.856942090715
6.951918158567714e-7 19188.209852160395
6.961892583120143e-7 14653.29330368586
6.971867007672573e-7 11189.824844186809
6.981841432225002e-7 8544.736077552954
6.991815856777432e-7 6524.712683944638
7.001790281329861e-7 4982.089914272358
7.011764705882291e-7 3804.076263909989
7.02173913043472e-7 2904.5202494234036
7.03171355498715e-7 2217.6203395898415
7.041687979539579e-7 1693.1195797863481
7.051662404092008e-7 1292.6345804544908
7.061636828644438e-7 986.8511769053998
7.071611253196867e-7 753.3822183284599
7.081585677749297e-7 575.1312017862107
7.091560102301726e-7 439.0423431332424
7.101534526854156e-7 335.14585469914846
7.111508951406585e-7 255.8287302550757
7.121483375959015e-7 195.27778880697542
7.131457800511444e-7 149.0542981511985
7.141432225063874e-7 113.76910245901264
7.151406649616303e-7 86.83451511068691
7.161381074168733e-7 66.27484326376928
7.171355498721162e-7 50.58169279893775
7.181329923273592e-7 38.603473553445745
7.191304347826021e-7 29.461023691290464
7.201278772378451e-7 22.483180954088713
7.21125319693088e-7 17.157586662499924
7.22122762148331e-7 12.352032668926325
7.231202046035739e-7 8.818491747301762
7.241176470588168e-7 6.295625163624438
7.251150895140598e-7 4.494404213357267
7.261125319693027e-7 3.2084417564242202
7.271099744245457e-7 2.290366604573932
7.281074168797886e-7 1.6349508627106546
7.291048593350316e-7 1.1670603463778153
7.301023017902745e-7 0.8330496274540848
7.310997442455175e-7 0.5946171559802315
7.320971867007604e-7 0.42441726462017065
7.330946291560034e-7 0.3029268301244924
7.340920716112463e-7 0.21620790876463417
7.350895140664893e-7 0.15431018605727595
7.360869565217322e-7 0.11013030496035266
7.370843989769752e-7 0.07859743295040689
7.380818414322181e-7 0.05609177714012224
7.390792838874611e-7 0.04002942946564354
7.40076726342704e-7 0.028565972067056855
7.41074168797947e-7 0.02038487556855883
7.420716112531899e-7 0.014546436547086298
7.430690537084328e-7 0.010379936743003288
7.440664961636758e-7 0.0074066594734620616
7.450639386189187e-7 0.005284935285069377
7.460613810741617e-7 0.00377091407321494
7.470588235294046e-7 0.0026905638873628212
7.480562659846476e-7 0.0019196839477825388
7.490537084398905e-7 0.0013696384900228659
7.500511508951335e-7 0.0009771742343136455
7.510485933503764e-7 0.0006971527422710421
7.520460358056194e-7 0.0004973633644547462
7.530434782608623e-7 0.0003548212364368242
7.540409207161053e-7 0.0002531252207317061
7.550383631713482e-7 0.0001805723607899276
7.560358056265912e-7 0.00012881226468295254
7.570332480818341e-7 0.00009188683206431643
7.58030690537077e-7 0.0000655449905881124
7.5902813299232e-7 0.0000467536945829869
7.600255754475629e-7 0.000033348984105962566
7.610230179028059e-7 0.000023786994092316615
7.620204603580488e-7 0.000016966288308008774
7.630179028132918e-7 0.000012101089744918541
7.640153452685347e-7 8.630829174280822e-6
7.650127877237777e-7 6.155608614533106e-6
7.660102301790206e-7 4.390156010487153e-6
7.670076726342636e-7 3.13097373411673e-6
7.680051150895065e-7 2.2329008981929646e-6
7.690025575447495e-7 1.592392281907664e-6
7.699999999999924e-7 1.135589344126128e-6
