3.8e-7 308778.19420225226
3.8099744245524296e-7 330643.3489741571
3.819948849104859e-7 353991.36829811905
3.8299232736572886e-7 378918.5805593924
3.839897698209718e-7 405527.3108340363
3.8498721227621475e-7 433926.2389297231
3.859846547314577e-7 464230.77795446827
3.8698209718670064e-7 496563.47454534756
3.879795396419436e-7 531054.4319492927
3.8897698209718654e-7 567841.7572114406
3.899744245524295e-7 607072.0337929237
3.9097186700767243e-7 648900.8210098743
3.919693094629154e-7 693493.18175892
3.9296675191815833e-7 741024.2400716299
3.939641943734013e-7 791679.7701215369
3.949616368286442e-7 845656.8183925743
3.9595907928388717e-7 903164.3608074543
3.969565217391301e-7 964423.996708601
3.9795396419437306e-7 1.0296706816831524e6
3.98951406649616e-7 1.0991535013275302e6
3.9994884910485896e-7 1.1731364881561678e6
4.009462915601019e-7 1.2518994839736586e6
4.0194373401534485e-7 1.335739050150078e6
4.029411764705878e-7 1.4249694283657041e6
4.0393861892583075e-7 1.519923554524108e6
4.049360613810737e-7 1.6155293412300153e6
4.0593350383631664e-7 1.7124144771788483e6
4.069309462915596e-7 1.8148331843227248e6
4.0792838874680254e-7 1.923086437825461e6
4.089258312020455e-7 2.0374908082001924e6
4.0992327365728843e-7 2.1583792318372526e6
4.109207161125314e-7 2.2861018178859605e6
4.119181585677743e-7 2.421026693131694e6
4.1291560102301727e-7 2.5635408865806027e6
4.139130434782602e-7 2.71405125553833e6
4.1491048593350317e-7 2.8729854550464577e6
4.159079283887461e-7 3.0407929526204616e6
4.1690537084398906e-7 3.217946090316817e6
4.17902813299232e-7 3.4049411962441015e6
4.1890025575447495e-7 3.6022997477233554e6
4.198976982097179e-7 3.810569588398086e6
4.2089514066496085e-7 4.030326201691917e6
4.218925831202038e-7 4.262174043115166e6
4.2289002557544674e-7 4.506747934027673e6
4.238874680306897e-7 4.764714519576716e6
4.2488491048593264e-7 5.036773793644153e6
4.258823529411756e-7 5.323660693757719e6
4.2687979539641853e-7 5.626146769046236e6
4.278772378516615e-7 5.945041924449284e6
4.2887468030690443e-7 6.290255189103465e6
4.298721227621474e-7 6.722129871597826e6
4.308695652173903e-7 7.1827359654032895e6
4.3186700767263327e-7 7.673927041071972e6
4.328644501278762e-7 8.197672743158672e6
4.3386189258311916e-7 8.756065853862416e6
4.348593350383621e-7 9.351329774931356e6
4.3585677749360506e-7 9.985826451964106e6
4.36854219948848e-7 1.0662064766599393e7
4.3785166240409095e-7 1.1382709423519384e7
4.388491048593339e-7 1.2150590360704724e7
4.3984654731457685e-7 1.2968712712974833e7
4.408439897698198e-7 1.3840267360529477e7
4.4184143222506274e-7 1.4768642095983632e7
4.428388746803057e-7 1.5757433445259374e7
4.4383631713554863e-7 1.6810459179673966e7
4.448337595907916e-7 1.7931771558644626e7
4.4583120204603453e-7 1.9125671344629057e7
4.468286445012775e-7 2.0396722634233613e7
4.478260869565204e-7 2.174976855186634e7
4.4882352941176337e-7 2.3189947854884144e7
4.498209718670063e-7 2.472271250189995e7
4.5081841432224926e-7 2.6353846238777623e7
4.518158567774922e-7 2.8089484259857908e7
4.5281329923273516e-7 2.993613400514288e7
4.538107416879781e-7 3.2317069161393855e7
4.5480818414322105e-7 3.5089805057174325e7
4.55805626598464e-7 3.809632524505704e7
4.5680306905370695e-7 4.1356013677459314e7
4.578005115089499e-7 4.488983588311706e7
4.5879795396419284e-7 4.872046604406971e7
4.597953964194358e-7 5.287242413465923e7
4.6079283887467874e-7 5.737222390824185e7
4.617902813299217e-7 6.224853257786596e7
4.6278772378516463e-7 6.753234310231557e7
4.637851662404076e-7 7.325716005903585e7
4.647826086956505e-7 7.945920016089073e7
4.6578005115089347e-7 8.617760855486718e7
4.667774936061364e-7 9.345469212815991e7
4.6777493606137937e-7 1.0133617114100984e8
4.687723785166223e-7 1.0987145060672137e8
4.6976982097186526e-7 1.1911391294798365e8
4.707672634271082e-7 1.291212335755387e8
4.7176470588235116e-7 1.3995572116098753e8
4.727621483375941e-7 1.516846845107735e8
4.7375959079283705e-7 1.6438082809382805e8
4.7475703324808e-7 1.7812267843176532e8
4.7575447570332294e-7 1.92995043728709e8
4.767519181585659e-7 2.0908950929866984e8
4.777493606138089e-7 2.2087399450730518e8
4.787468030690518e-7 2.1633019086839467e8
4.797442455242948e-7 2.1186030970441735e8
4.807416879795377e-7 2.0746376110946018e8
4.817391304347807e-7 2.0313993876063633e8
4.827365728900236e-7 1.9888822082379282e8
4.837340153452666e-7 1.947079708391952e8
4.847314578005095e-7 1.9059853858713186e8
4.857289002557525e-7 1.8655926093340802e8
4.867263427109954e-7 1.8258946265471095e8
4.877237851662384e-7 1.78688457243866e8
4.887212276214813e-7 1.7485554769500968e8
4.897186700767243e-7 1.7109002726873654e8
4.907161125319672e-7 1.6739118023729438e8
4.917135549872102e-7 1.637582826099115e8
4.927109974424531e-7 1.6019060283836994e8
4.93708439897696e-7 1.56687402502951e8
4.94705882352939e-7 1.5324793697888452e8
4.957033248081819e-7 1.4987145608347026e8
4.967007672634249e-7 1.465572047040274e8
4.976982097186678e-7 1.4330442340686557e8
4.986956521739108e-7 1.401123490274613e8
4.996930946291537e-7 1.3698021524205884e8
5.006905370843967e-7 1.3390725312089989e8
5.016879795396396e-7 1.3089269166331512e8
5.026854219948826e-7 1.3266642300342484e8
5.036828644501255e-7 1.3558483569829652e8
5.046803069053685e-7 1.385564949770829e8
5.056777493606114e-7 1.4158216027070478e8
5.066751918158544e-7 1.4466259853519252e8
5.076726342710973e-7 1.4779858428807127e8
5.086700767263403e-7 1.5099089964465868e8
5.096675191815832e-7 1.5424033435427067e8
5.106649616368261e-7 1.5754768583633724e8
5.116624040920691e-7 1.6091375921642733e8
5.12659846547312e-7 1.6433936736218598e8
5.13657289002555e-7 1.678253309191756e8
5.146547314577979e-7 1.7137247834663594e8
5.156521739130409e-7 1.7498164595314512e8
5.166496163682838e-7 1.786536779321968e8
5.176470588235268e-7 1.8238942639768547e8
5.186445012787697e-7 1.8618975141930315e8
5.196419437340127e-7 1.9005552105784693e8
5.206393861892556e-7 1.9398761140043658e8
5.216368286444986e-7 1.9798690659564605e8
5.226342710997415e-7 2.0205429888854402e8
5.236317135549845e-7 2.0619068865564921e8
5.246291560102274e-7 2.103969844397943e8
5.256265984654704e-7 2.146741029849081e8
5.266240409207133e-7 2.1970532894337392e8
5.276214833759563e-7 2.2600763241059214e8
5.286189258311992e-7 2.3247477006604493e8
5.296163682864421e-7 2.391106529299945e8
5.306138107416851e-7 2.459192759064815e8
5.31611253196928e-7 2.5290471940892628e8
5.32608695652171e-7 2.6007115101432937e8
5.336061381074139e-7 2.6742282714653295e8
5.346035805626569e-7 2.749640947890148e8
5.356010230178998e-7 2.826993932276907e8
5.365984654731428e-7 2.9063325582420796e8
5.375959079283857e-7 2.9877031182022136e8
5.385933503836287e-7 3.07115288173147e8
5.395907928388716e-7 3.1567301142390704e8
5.405882352941146e-7 3.24448409597166e8
5.415856777493575e-7 3.334465141345905e8
5.425831202046005e-7 3.426724618616588e8
5.435805626598434e-7 3.5213149698855245e8
5.445780051150864e-7 3.618289731456748e8
5.455754475703293e-7 3.717703554543572e8
5.465728900255722e-7 3.819612226333048e8
5.475703324808152e-7 3.924072691413557e8
5.485677749360581e-7 4.031143073571268e8
5.495652173913011e-7 4.1408826979614574e8
5.50562659846544e-7 4.2533521136604255e8
5.51560102301787e-7 4.350672821605397e8
5.525575447570299e-7 4.448733103866107e8
5.535549872122729e-7 4.548732575133227e8
5.545524296675158e-7 4.6507042995749545e8
5.555498721227588e-7 4.7546818181725276e8
5.565473145780017e-7 4.8606991544433427e8
5.575447570332447e-7 4.96879082022133e8
5.585421994884876e-7 5.078991821495314e8
5.595396419437306e-7 5.191337664305628e8
5.605370843989735e-7 5.3058643606997585e8
5.615345268542165e-7 5.42260843474739e8
5.625319693094594e-7 5.541606928615247e8
5.635294117647023e-7 5.662897408702608e8
5.645268542199453e-7 5.786517971837684e8
5.655242966751882e-7 5.912507251535629e8
5.665217391304312e-7 6.040904424318554e8
5.675191815856741e-7 6.17174921609827e8
5.685166240409171e-7 6.305081908622074e8
5.6951406649616e-7 6.440943345982466e8
5.70511508951403e-7 6.579374941190981e8
5.715089514066459e-7 6.72041868281698e8
5.725063938618889e-7 6.864117141691877e8
5.735038363171318e-7 7.010513477679403e8
5.745012787723748e-7 7.159651446512346e8
5.754987212276177e-7 7.129546447448865e8
5.764961636828607e-7 6.922453036715523e8
5.774936061381036e-7 6.721023403351638e8
5.784910485933466e-7 6.525115317857001e8
5.794884910485895e-7 6.334589668987424e8
5.804859335038325e-7 6.149310411747468e8
5.814833759590754e-7 5.969144515630438e8
5.824808184143183e-7 5.79396191313272e8
5.834782608695613e-7 5.62363544856845e8
5.844757033248042e-7 5.458040827209244e8
5.854731457800472e-7 5.297056564771615e8
5.864705882352901e-7 5.1405639372741795e8
5.874680306905331e-7 4.988446931284919e8
5.88465473145776e-7 4.8405921945777464e8
5.89462915601019e-7 4.696888987216195e8
5.904603580562619e-7 4.557229133081196e8
5.914578005115049e-7 4.421506971858388e8
5.924552429667478e-7 4.289619311499654e8
5.934526854219908e-7 4.161465381172164e8
5.944501278772337e-7 4.0369467847076833e8
5.954475703324767e-7 3.915967454563204e8
5.964450127877196e-7 3.7984336063037896e8
5.974424552429626e-7 3.684253693617033e8
5.984398976982055e-7 3.5733383638677955e8
5.994373401534484e-7 3.477643063953457e8
6.004347826086914e-7 3.565114444455236e8
6.014322250639343e-7 3.6546171038639754e8
6.024296675191773e-7 3.746194542052845e8
6.034271099744202e-7 3.839891118707972e8
6.044245524296632e-7 3.9357520690734786e8
6.054219948849061e-7 4.0338235199652994e8
6.064194373401491e-7 4.134152506058488e8
6.07416879795392e-7 4.236786986452134e8
6.08414322250635e-7 4.3417758615165395e8
6.094117647058779e-7 4.4491689900270855e8
6.104092071611209e-7 4.559017206589397e8
6.114066496163638e-7 4.6713723393605006e8
6.124040920716068e-7 4.786287228070802e8
6.134015345268497e-7 4.903815742351418e8
6.143989769820927e-7 5.024012800372176e8
6.153964194373356e-7 5.146934387794808e8
6.163938618925785e-7 5.2726375770467246e8
6.173913043478215e-7 5.401180546920284e8
6.183887468030644e-7 5.532622602502775e8
6.193861892583074e-7 5.667024195442512e8
6.203836317135503e-7 5.804446944556177e8
6.213810741687933e-7 5.944953656783166e8
6.223785166240362e-7 6.08860834849197e8
6.233759590792792e-7 6.235476267144761e8
6.243734015345221e-7 6.339229791385962e8
6.253708439897651e-7 6.416311734541345e8
6.26368286445008e-7 6.494066114277261e8
6.27365728900251e-7 6.572496006294459e8
6.283631713554939e-7 6.651604479163184e8
6.293606138107369e-7 6.731394594211091e8
6.303580562659798e-7 6.811869405411849e8
6.313554987212228e-7 6.893031959274805e8
6.323529411764657e-7 6.974885294735556e8
6.333503836317087e-7 7.057432443047445e8
6.343478260869516e-7 7.140676427674044e8
6.353452685421945e-7 7.224620264182453e8
6.363427109974375e-7 7.309266960137678e8
6.373401534526804e-7 7.394619514997977e8
6.383375959079234e-7 7.480680920010952e8
6.393350383631663e-7 7.56745415811083e8
6.403324808184093e-7 7.65494220381661e8
6.413299232736522e-7 7.743148023131044e8
6.423273657288952e-7 7.832074573440835e8
6.433248081841381e-7 7.921724803417573e8
6.443222506393811e-7 8.012101652919654e8
6.45319693094624e-7 8.103208052895342e8
6.46317135549867e-7 8.195046925286595e8
6.473145780051099e-7 8.287621182933965e8
6.483120204603529e-7 8.360928709175487e8
6.493094629155958e-7 8.347679854871037e8
6.503069053708388e-7 8.33414912299845e8
6.513043478260817e-7 8.320339375143046e8
6.523017902813246e-7 8.30625348268382e8
6.532992327365676e-7 8.291894326205972e8
6.542966751918105e-7 8.27726479491915e8
6.552941176470535e-7 8.262367786081718e8
6.562915601022964e-7 8.247206204431072e8
6.572890025575394e-7 8.231782961620047e8
6.582864450127823e-7 8.216100975659218e8
6.592838874680253e-7 8.200163170365751e8
6.602813299232682e-7 8.183972474818019e8
6.612787723785112e-7 8.16753182281689e8
6.622762148337541e-7 8.15084415235297e8
6.632736572889971e-7 8.133912405080293e8
6.6427109974424e-7 8.116739525796413e8
6.65268542199483e-7 8.099328461928799e8
6.662659846547259e-7 8.081682163027686e8
6.672634271099689e-7 8.063803580265335e8
6.682608695652118e-7 8.045695665941782e8
6.692583120204548e-7 8.027361372997043e8
6.702557544756977e-7 8.008803654529825e8
6.712531969309406e-7 7.990025463322804e8
6.722506393861836e-7 7.971029751374362e8
6.732480818414265e-7 7.375560967520695e8
6.742455242966695e-7 6.655352749599938e8
6.752429667519124e-7 6.005276997461658e8
6.762404092071554e-7 5.418524193900924e8
6.772378516623983e-7 4.888943969658558e8
6.782352941176413e-7 4.4109815049760526e8
6.792327365728842e-7 3.97962004660195e8
6.802301790281272e-7 3.5903289543229735e8
6.812276214833701e-7 3.2390167470170224e8
6.822250639386131e-7 2.9219886688326204e8
6.83222506393856e-7 2.6359083418951797e8
6.84219948849099e-7 2.3777631133774966e8
6.852173913043419e-7 2.1448327422659537e8
6.862148337595849e-7 1.9346611050766766e8
6.872122762148278e-7 1.745030630467158e8
6.882097186700707e-7 1.5739392004546574e8
6.892071611253137e-7 1.4195792810709456e8
6.902046035805566e-7 1.2803190680050632e8
6.912020460357996e-7 1.1546854533392623e8
6.921994884910425e-7 1.0413486380743986e8
6.931969309462855e-7 9.39108231956344e7
6.941943734015284e-7 8.468806973234414e7
6.951918158567714e-7 7.636880074494292e7
6.961892583120143e-7 6.886474022954339e7
6.971867007672573e-7 6.2094631270197816e7
6.981841432225002e-7 5.5985319820735775e7
6.991815856777432e-7 5.047561846512755e7
7.001790281329861e-7 4.5506827966324896e7
7.011764705882291e-7 4.1025980046971425e7
7.02173913043472e-7 3.698527944122977e7
7.03171355498715e-7 3.3341600105209522e7
7.041687979539579e-7 3.0056030345428854e7
7.051662404092008e-7 2.709346213016211e7
7.061636828644438e-7 2.442222030536863e7
7.071611253196867e-7 2.2013727849818774e7
7.081585677749297e-7 1.9842203677239772e7
7.091560102301726e-7 1.7884389830599584e7
7.101534526854156e-7 1.6119305218476014e7
7.111508951406585e-7 1.452802331893556e7
7.121483375959015e-7 1.309347152528496e7
7.131457800511444e-7 1.1800250033009045e7
7.141432225063874e-7 1.0634468370472921e7
7.151406649616303e-7 9.583597859626584e6
7.161381074168733e-7 8.63633845889428e6
7.171355498721162e-7 7.78249859035656e6
7.181329923273592e-7 7.012886688785634e6
7.191304347826021e-7 6.319213332464233e6
7.201278772378451e-7 5.694002926264324e6
7.21125319693088e-7 5.130514007324039e6
7.22122762148331e-7 5.08996045865699e6
7.231202046035739e-7 5.119541854299549e6
7.241176470588168e-7 5.149160817146216e6
7.251150895140598e-7 5.178816587664758e6
7.261125319693027e-7 5.208508405730081e6
7.271099744245457e-7 5.238235510673286e6
7.281074168797886e-7 5.267997141330161e6
7.291048593350316e-7 5.297792536089607e6
7.301023017902745e-7 5.327620932941703e6
7.310997442455175e-7 5.35748156952554e6
7.320971867007604e-7 5.387373683176719e6
7.330946291560034e-7 5.417296510974703e6
7.340920716112463e-7 5.447249289789734e6
7.350895140664893e-7 5.477231256329644e6
7.360869565217322e-7 5.507241647186217e6
7.370843989769752e-7 5.537279698881382e6
7.380818414322181e-7 5.567344647913098e6
7.390792838874611e-7 5.597435730800894e6
7.40076726342704e-7 5.62755218413121e6
7.41074168797947e-7 5.657693244602355e6
7.420716112531899e-7 5.687858149069275e6
7.430690537084328e-7 5.718046134587907e6
7.440664961636758e-7 5.748256438459314e6
7.450639386189187e-7 5.778488298273536e6
7.460613810741617e-7 5.801813513024813e6
7.470588235294046e-7 5.816164597889412e6
7.480562659846476e-7 5.830413601157788e6
7.490537084398905e-7 5.844560166596408e6
7.500511508951335e-7 5.858603945415211e6
7.510485933503764e-7 5.872544596249819e6
7.520460358056194e-7 5.886381785143205e6
7.530434782608623e-7 5.900115185526551e6
7.540409207161053e-7 5.913744478199711e6
7.550383631713482e-7 5.927269351310973e6
7.560358056265912e-7 5.940689500336185e6
7.570332480818341e-7 5.954004628057342e6
7.58030690537077e-7 5.967214444540648e6
7.5902813299232e-7 5.980318667113897e6
7.600255754475629e-7 5.99331702034342e6
7.610230179028059e-7 6.006209236010356e6
7.620204603580488e-7 6.0189950530864885e6
7.630179028132918e-7 6.031674217709515e6
7.640153452685347e-7 6.044246483157774e6
7.650127877237777e-7 6.0567116098244535e6
7.660102301790206e-7 6.069069365191356e6
7.670076726342636e-7 6.081319523802097e6
7.680051150895065e-7 6.093461867234873e6
7.690025575447495e-7 6.105496184074677e6
7.699999999999924e-7 6.117422269885141e6
