3.8e-7 1.099464968127214e6
3.8195e-7 1.2382597990131686e6
3.839e-7 1.39359829045444e6
3.8585e-7 1.5673412539531414e6
3.8779999999999997e-7 1.7626415927842213e6
3.8974999999999995e-7 1.9811264619025672e6
3.9169999999999994e-7 2.225225239733484e6
3.9364999999999993e-7 2.506221428344224e6
3.955999999999999e-7 2.8240710684430753e6
3.975499999999999e-7 3.1802266552664964e6
3.994999999999999e-7 3.578238976722084e6
4.014499999999999e-7 4.023036870311298e6
4.0339999999999987e-7 4.520400304414355e6
4.0534999999999985e-7 5.17612265257222e6
4.0729999999999984e-7 6.040053093018004e6
4.0924999999999983e-7 7.044114845123162e6
4.111999999999998e-7 8.212180125856933e6
4.131499999999998e-7 9.571998066773694e6
4.150999999999998e-7 1.1150820938482849e7
4.170499999999998e-7 1.2945317385912376e7
4.1899999999999977e-7 1.4890173030769266e7
4.2094999999999976e-7 1.7118154071572725e7
4.2289999999999974e-7 1.9669161275426358e7
4.2484999999999973e-7 2.2588103920366477e7
4.267999999999997e-7 2.5927064565071262e7
4.287499999999997e-7 2.9744700878314644e7
4.306999999999997e-7 3.1147601001605954e7
4.326499999999997e-7 3.2600796853618946e7
4.3459999999999967e-7 3.410541430334241e7
4.3654999999999966e-7 3.569544775231254e7
4.3849999999999965e-7 3.7347076104042396e7
4.4044999999999963e-7 3.905712124495869e7
4.423999999999996e-7 4.156369113992771e7
4.443499999999996e-7 4.4475659889647394e7
4.462999999999996e-7 4.757058094026309e7
4.482499999999996e-7 5.087764406585233e7
4.5019999999999957e-7 5.4403350160605855e7
4.5214999999999956e-7 5.814864016568142e7
4.5409999999999955e-7 6.072647938290507e7
4.5604999999999953e-7 6.1964598456075996e7
4.579999999999995e-7 6.32021080232895e7
4.599499999999995e-7 6.445912729959524e7
4.618999999999995e-7 6.575033469110086e7
4.638499999999995e-7 6.7041027960937604e7
4.6579999999999947e-7 6.818519497978923e7
4.6774999999999946e-7 6.88809562192171e7
4.6969999999999945e-7 6.955747761835709e7
4.7164999999999944e-7 7.021689945823e7
4.735999999999994e-7 7.087413826030454e7
4.755499999999994e-7 7.151145608942688e7
4.774999999999995e-7 7.21285343292179e7
4.794499999999995e-7 7.419437851018724e7
4.813999999999995e-7 7.629259647726163e7
4.833499999999996e-7 7.84229482165373e7
4.852999999999996e-7 8.05802976659903e7
4.872499999999997e-7 8.276826454508881e7
4.891999999999997e-7 8.498722551719181e7
4.911499999999997e-7 8.70959006854166e7
4.930999999999998e-7 8.91796942617619e7
4.950499999999998e-7 9.12839137990889e7
4.969999999999999e-7 9.340422930581479e7
4.989499999999999e-7 9.554139145391169e7
5.008999999999999e-7 9.769706956198205e7
5.0285e-7 1.0511560011744878e8
5.048e-7 1.1900084495448858e8
5.067500000000001e-7 1.3467983887054136e8
5.087000000000001e-7 1.5235751127442855e8
5.106500000000001e-7 1.7226369277896482e8
5.126000000000002e-7 1.947142831426658e8
5.145500000000002e-7 2.195654917575005e8
5.165000000000003e-7 2.4596153012724394e8
5.184500000000003e-7 2.7545379543514377e8
5.204000000000003e-7 3.083848558300964e8
5.223500000000004e-7 3.450630552139725e8
5.243000000000004e-7 3.859992532588457e8
5.262500000000005e-7 4.3167646791023856e8
5.282000000000005e-7 4.4000417619884974e8
5.301500000000005e-7 4.483753501781463e8
5.321000000000006e-7 4.567877363051979e8
5.340500000000006e-7 4.6528243361092395e8
5.360000000000007e-7 4.738216727834286e8
5.379500000000007e-7 4.8239707139208215e8
5.399000000000008e-7 4.832342755592204e8
5.418500000000008e-7 4.8138756819397086e8
5.438000000000008e-7 4.7943200847333205e8
5.457500000000009e-7 4.7706023620103604e8
5.477000000000009e-7 4.7440300285414517e8
5.49650000000001e-7 4.716502236479183e8
5.51600000000001e-7 4.629086551393654e8
5.53550000000001e-7 4.4851222002915996e8
5.555000000000011e-7 4.3446511472748715e8
5.574500000000011e-7 4.2158424219154257e8
5.594000000000012e-7 4.1032481079635966e8
5.613500000000012e-7 3.9927852110268503e8
5.633000000000012e-7 3.8767094381661373e8
5.652500000000013e-7 3.7407390002008224e8
5.672000000000013e-7 3.608770865632924e8
5.691500000000014e-7 3.4808301371611106e8
5.711000000000014e-7 3.357425572628739e8
5.730500000000014e-7 3.2377295013139695e8
5.750000000000015e-7 3.121664770725362e8
5.769500000000015e-7 3.230302295283731e8
5.789000000000016e-7 3.342053657246992e8
5.808500000000016e-7 3.4569883045101583e8
5.828000000000016e-7 3.5796154682694423e8
5.847500000000017e-7 3.706532440455042e8
5.867000000000017e-7 3.837214473022387e8
5.886500000000018e-7 4.002734044684627e8
5.906000000000018e-7 4.1854370467959195e8
5.925500000000018e-7 4.3756666453534716e8
5.945000000000019e-7 4.573758486132604e8
5.964500000000019e-7 4.7799839366235095e8
5.98400000000002e-7 4.994607671594767e8
6.00350000000002e-7 5.3379142420361584e8
6.02300000000002e-7 5.834959453657463e8
6.042500000000021e-7 6.377172024917842e8
6.062000000000021e-7 6.969199615475103e8
6.081500000000022e-7 7.616042505178581e8
6.101000000000022e-7 8.321508683811679e8
6.120500000000023e-7 9.073568689603467e8
6.140000000000023e-7 9.835829620629647e8
6.159500000000023e-7 1.0660369346944375e9
6.179000000000024e-7 1.1552111421150696e9
6.198500000000024e-7 1.2516177633435638e9
6.218000000000025e-7 1.355852693478942e9
6.237500000000025e-7 1.468535352828127e9
6.257000000000025e-7 1.1734834677215903e9
6.276500000000026e-7 9.375662413125334e8
6.296000000000026e-7 7.489623831553966e8
6.315500000000027e-7 5.982876833693335e8
6.335000000000027e-7 4.778622999171019e8
6.354500000000027e-7 3.8161937208053964e8
6.374000000000028e-7 3.017669756127832e8
6.393500000000028e-7 2.3781643309930408e8
6.413000000000029e-7 1.873910128775167e8
6.432500000000029e-7 1.4762382727932158e8
6.452000000000029e-7 1.1627334342867108e8
6.47150000000003e-7 9.156770975110875e7
6.49100000000003e-7 7.609895253848086e7
6.510500000000031e-7 6.674053786142801e7
6.530000000000031e-7 5.852492937285811e7
6.549500000000031e-7 5.131580159830096e7
6.569000000000032e-7 4.49917724351183e7
6.588500000000032e-7 3.944181408781934e7
6.608000000000033e-7 3.442358287683433e7
6.627500000000033e-7 2.96549615910816e7
6.647000000000034e-7 2.554359500329758e7
6.666500000000034e-7 2.1972739393034e7
6.686000000000034e-7 1.8738999678374033e7
6.705500000000035e-7 1.5979142543436158e7
6.725000000000035e-7 1.362403961622663e7
6.744500000000036e-7 8.681985619945398e6
6.764000000000036e-7 5.531953896024406e6
6.783500000000036e-7 3.524397152762383e6
6.803000000000037e-7 2.225241989343597e6
6.822500000000037e-7 1.4030262284939936e6
6.842000000000038e-7 884509.545730499
6.861500000000038e-7 557438.4285175705
6.881000000000038e-7 351244.9137234955
6.900500000000039e-7 221295.56873964897
6.920000000000039e-7 137740.44094122102
6.93950000000004e-7 85107.1971963909
6.95900000000004e-7 52580.164430919394
6.97850000000004e-7 32931.137676139464
6.998000000000041e-7 20908.41398582986
7.017500000000041e-7 13273.56354765676
7.037000000000042e-7 8425.566967550436
7.056500000000042e-7 5347.507564673421
7.076000000000042e-7 3393.5713158768317
7.095500000000043e-7 2151.4737679405393
7.115000000000043e-7 1360.2810169680622
7.134500000000044e-7 859.9549337579087
7.154000000000044e-7 543.5969341090284
7.173500000000044e-7 343.58113400352175
7.193000000000045e-7 217.13869654090107
7.212500000000045e-7 137.2148520836757
7.232000000000046e-7 78.02944160385887
7.251500000000046e-7 44.368278852723485
7.271000000000047e-7 25.225729132517813
7.290500000000047e-7 14.340690923688602
7.310000000000047e-7 8.151806740438653
7.329500000000048e-7 4.633357268078936
7.349000000000048e-7 2.6008938691283707
7.368500000000049e-7 1.4538416054127254
7.388000000000049e-7 0.8125885299236546
7.407500000000049e-7 0.45412421833228356
7.42700000000005e-7 0.25376573566447136
7.44650000000005e-7 0.14179189871377249
7.466000000000051e-7 0.08096796200740142
7.485500000000051e-7 0.047251834023701436
7.505000000000051e-7 0.027573075126491944
7.524500000000052e-7 0.01608950663388162
7.544000000000052e-7 0.009388825851390947
7.563500000000053e-7 0.0054782498767953075
7.583000000000053e-7 0.0031908003817311473
7.602500000000053e-7 0.0018489061367936285
7.622000000000054e-7 0.0010712553071789428
7.641500000000054e-7 0.0006206321696051831
7.661000000000055e-7 0.0003595331716699629
7.680500000000055e-7 0.00020826074226074038
