3.8e-7 697908.9941143645
3.8195e-7 827914.7858128631
3.839e-7 981449.4510259181
3.8585e-7 1.1626536585340274e6
3.8779999999999997e-7 1.3746917308443699e6
3.8974999999999995e-7 1.6240277601719864e6
3.9169999999999994e-7 1.9173225063362368e6
3.9364999999999993e-7 2.263911312974444e6
3.955999999999999e-7 2.6721488620544993e6
3.975499999999999e-7 3.152014133711719e6
3.994999999999999e-7 3.71650365008935e6
4.014499999999999e-7 4.3799426379715735e6
4.0339999999999987e-7 5.158702628339189e6
4.0534999999999985e-7 5.84300325507212e6
4.0729999999999984e-7 6.36442363112444e6
4.0924999999999983e-7 6.928376905229578e6
4.111999999999998e-7 7.538342885463114e6
4.131499999999998e-7 8.198008226248575e6
4.150999999999998e-7 8.910476228724107e6
4.170499999999998e-7 9.6721373641476e6
4.1899999999999977e-7 1.0469049044373488e7
4.2094999999999976e-7 1.132562447456211e7
4.2289999999999974e-7 1.2275999779872984e7
4.2484999999999973e-7 1.352985313844344e7
4.267999999999997e-7 1.4904208908424726e7
4.287499999999997e-7 1.6409957669049485e7
4.306999999999997e-7 1.8376255705906186e7
4.326499999999997e-7 2.0568148822365046e7
4.3459999999999967e-7 2.301043812584585e7
4.3654999999999966e-7 2.62292299234266e7
4.3849999999999965e-7 2.9966378300024748e7
4.4044999999999963e-7 3.4220222272124656e7
4.423999999999996e-7 3.898445452678451e7
4.443499999999996e-7 4.436336164818518e7
4.462999999999996e-7 5.04620856328317e7
4.482499999999996e-7 5.738343282886431e7
4.5019999999999957e-7 6.523232036371394e7
4.5214999999999956e-7 7.412324018079473e7
4.5409999999999955e-7 7.911739901067895e7
4.5604999999999953e-7 7.932644973314986e7
4.579999999999995e-7 7.950353188449962e7
4.599499999999995e-7 7.965198367056783e7
4.618999999999995e-7 7.977414994767314e7
4.638499999999995e-7 7.986507885042495e7
4.6579999999999947e-7 7.995758078030448e7
4.6774999999999946e-7 8.011720569842753e7
4.6969999999999945e-7 8.024676218446037e7
4.7164999999999944e-7 8.034626276515794e7
4.735999999999994e-7 8.041462829384868e7
4.755499999999994e-7 8.045371886948073e7
4.774999999999995e-7 8.046385673252718e7
4.794499999999995e-7 7.862060256055132e7
4.813999999999995e-7 7.679260341115463e7
4.833499999999996e-7 7.498109694581465e7
4.852999999999996e-7 7.249879080783208e7
4.872499999999997e-7 6.99803956457732e7
4.891999999999997e-7 6.752690493122101e7
4.911499999999997e-7 6.5437875198326364e7
4.930999999999998e-7 6.3489944296663284e7
4.950499999999998e-7 6.158014563045766e7
4.969999999999999e-7 5.971605783867941e7
4.989499999999999e-7 5.78944139322327e7
5.008999999999999e-7 5.611088884131499e7
5.0285e-7 5.939022115602311e7
5.048e-7 6.865016995842394e7
5.067500000000001e-7 7.933009294391352e7
5.087000000000001e-7 9.164665482116239e7
5.106500000000001e-7 1.0584893394624132e8
5.126000000000002e-7 1.2221669453214367e8
5.145500000000002e-7 1.4105516805096638e8
5.165000000000003e-7 1.6268252983784318e8
5.184500000000003e-7 1.875734236945906e8
5.204000000000003e-7 2.161903925474905e8
5.223500000000004e-7 2.489238677300294e8
5.243000000000004e-7 2.8653605093498397e8
5.262500000000005e-7 3.297432473762522e8
5.282000000000005e-7 3.472861720302722e8
5.301500000000005e-7 3.6566683956937367e8
5.321000000000006e-7 3.849208547686832e8
5.340500000000006e-7 4.050108588296114e8
5.360000000000007e-7 4.260305796904689e8
5.379500000000007e-7 4.4802923582806236e8
5.399000000000008e-7 4.711195376398486e8
5.418500000000008e-7 4.9530407068878365e8
5.438000000000008e-7 5.2060423316634434e8
5.457500000000009e-7 5.468582482520756e8
5.477000000000009e-7 5.741696037961935e8
5.49650000000001e-7 6.027039432391186e8
5.51600000000001e-7 6.040612236664288e8
5.53550000000001e-7 5.780588506814069e8
5.555000000000011e-7 5.530505177974215e8
5.574500000000011e-7 5.2887683089132184e8
5.594000000000012e-7 5.05442588282354e8
5.613500000000012e-7 4.8294078675697064e8
5.633000000000012e-7 4.614679776210682e8
5.652500000000013e-7 4.4122041893923074e8
5.672000000000013e-7 4.217716455619368e8
5.691500000000014e-7 4.0310000231458396e8
5.711000000000014e-7 3.852054382532409e8
5.730500000000014e-7 3.6802949333398795e8
5.750000000000015e-7 3.515477883905859e8
5.769500000000015e-7 3.568191300558401e8
5.789000000000016e-7 3.620972608393108e8
5.808500000000016e-7 3.673809126266467e8
5.828000000000016e-7 3.727592602167923e8
5.847500000000017e-7 3.7815629376882464e8
5.867000000000017e-7 3.83558015993226e8
5.886500000000018e-7 3.8934334326340497e8
5.906000000000018e-7 3.9527048280753934e8
5.925500000000018e-7 4.012133264985773e8
5.945000000000019e-7 4.073322519614315e8
5.964500000000019e-7 4.1356768209970987e8
5.98400000000002e-7 4.198228990788382e8
6.00350000000002e-7 4.4600331663535666e8
6.02300000000002e-7 4.958647738720129e8
6.042500000000021e-7 5.51204133283228e8
6.062000000000021e-7 6.127179864345425e8
6.081500000000022e-7 6.811737953622192e8
6.101000000000022e-7 7.571492418149554e8
6.120500000000023e-7 8.415191426588765e8
6.140000000000023e-7 9.353412995661474e8
6.159500000000023e-7 1.0394524109502517e9
6.179000000000024e-7 1.1549880581980846e9
6.198500000000024e-7 1.283350404972632e9
6.218000000000025e-7 1.4257502321513886e9
6.237500000000025e-7 1.5836994201214013e9
6.257000000000025e-7 1.2364249986634414e9
6.276500000000026e-7 9.651508848062953e8
6.296000000000026e-7 7.532787348258326e8
6.315500000000027e-7 5.880605955694371e8
6.335000000000027e-7 4.590366567884625e8
6.354500000000027e-7 3.5826764860178334e8
6.374000000000028e-7 2.799982200304023e8
6.393500000000028e-7 2.1890536220586184e8
6.413000000000029e-7 1.7111744075966975e8
6.432500000000029e-7 1.3349921896694078e8
6.452000000000029e-7 1.0402234318893862e8
6.47150000000003e-7 8.104253756340441e7
6.49100000000003e-7 6.893258444225939e7
6.510500000000031e-7 6.401205717274559e7
6.530000000000031e-7 5.943457753289256e7
6.549500000000031e-7 5.518436120530414e7
6.569000000000032e-7 5.1242698654777355e7
6.588500000000032e-7 4.757620112848361e7
6.608000000000033e-7 4.417053108902273e7
6.627500000000033e-7 4.1015369921264976e7
6.647000000000034e-7 3.808061935444192e7
6.666500000000034e-7 3.535272201284313e7
6.686000000000034e-7 3.2825352753614143e7
6.705500000000035e-7 3.047479646340074e7
6.725000000000035e-7 2.8288999320374683e7
6.744500000000036e-7 6.3299657947300505e6
6.764000000000036e-7 1.4162224242458707e6
6.783500000000036e-7 316816.9217761741
6.803000000000037e-7 71010.74292680857
6.822500000000037e-7 15918.965234978134
6.842000000000038e-7 3568.237909913991
6.861500000000038e-7 792.6571667789964
6.881000000000038e-7 175.54187313292417
6.900500000000039e-7 38.870989839404054
6.920000000000039e-7 8.620294643519369
6.93950000000004e-7 1.9133306355907425
6.95900000000004e-7 0.4246281411845675
6.97850000000004e-7 0.09180516244801952
6.998000000000041e-7 0.019335946512328162
7.017500000000041e-7 0.004072075818374642
7.037000000000042e-7 0.0008589489817290984
7.056500000000042e-7 0.00018168515622573364
7.076000000000042e-7 0.00003842596864555172
7.095500000000043e-7 8.097130139017247e-6
7.115000000000043e-7 1.6878473618289565e-6
7.134500000000044e-7 3.5179502377686036e-7
7.154000000000044e-7 7.334386179375903e-8
7.173500000000044e-7 1.5329641928059335e-8
7.193000000000045e-7 3.2037296138705586e-9
7.212500000000045e-7 6.694770261116595e-10
7.232000000000046e-7 1.266404842423935e-10
7.251500000000046e-7 2.3953344037321446e-11
7.271000000000047e-7 4.530194051897614e-12
7.290500000000047e-7 8.597075635236529e-13
7.310000000000047e-7 1.632151390473629e-13
7.329500000000048e-7 3.0983340925594036e-14
7.349000000000048e-7 5.917191064968728e-15
7.368500000000049e-7 1.132266776451664e-15
7.388000000000049e-7 2.1664120768718517e-16
7.407500000000049e-7 4.1435965992150756e-17
7.42700000000005e-7 7.923269712815023e-18
7.44650000000005e-7 1.5149263849808195e-18
7.466000000000051e-7 2.8911293664527957e-19
7.485500000000051e-7 5.507224038292667e-20
7.505000000000051e-7 1.048960262236158e-20
7.524500000000052e-7 1.996715383245227e-21
7.544000000000052e-7 3.79708865296746e-22
7.563500000000053e-7 7.220168079132475e-23
7.583000000000053e-7 1.3725682080209288e-23
7.602500000000053e-7 2.6077528812713522e-24
7.622000000000054e-7 4.954066436966684e-25
7.641500000000054e-7 9.410170698860976e-26
7.661000000000055e-7 1.786637003975416e-26
7.680500000000055e-7 3.391867750257661e-27
