3.8e-7 4.376317310640943e6
3.8099744245524296e-7 4.578798432300976e6
3.819948849104859e-7 4.789762290504159e6
3.8299232736572886e-7 5.009527254206565e6
3.839897698209718e-7 5.238422263527832e6
3.8498721227621475e-7 5.476787135889822e6
3.859846547314577e-7 5.724972879774875e6
3.8698209718670064e-7 5.983342016265765e6
3.879795396419436e-7 6.252268908530599e6
3.8897698209718654e-7 6.532140099420695e6
3.899744245524295e-7 6.823354657351392e6
3.9097186700767243e-7 7.126324530638883e6
3.919693094629154e-7 7.441474910469665e6
3.9296675191815833e-7 7.769244602682206e6
3.939641943734013e-7 8.110086408543591e6
3.949616368286442e-7 8.46446751470693e6
3.9595907928388717e-7 8.832869892539257e6
3.969565217391301e-7 9.215790707012534e6
3.9795396419437306e-7 9.613742735353649e6
3.98951406649616e-7 1.0027254795653546e7
3.9994884910485896e-7 1.0456872185638309e7
4.009462915601019e-7 1.0903157131808838e7
4.0194373401534485e-7 1.1366689249159912e7
4.029411764705878e-7 1.1848066011692759e7
4.0393861892583075e-7 1.2347903233938336e7
4.049360613810737e-7 1.286683556371414e7
4.0593350383631664e-7 1.340551698633893e7
4.069309462915596e-7 1.3964621340535926e7
4.0792838874680254e-7 1.4544842846257709e7
4.089258312020455e-7 1.514689664466983e7
4.0992327365728843e-7 1.577151935053603e7
4.109207161125314e-7 1.6419469617250005e7
4.119181585677743e-7 1.70915287147647e7
4.1291560102301727e-7 1.7788501120673407e7
4.139130434782602e-7 1.8511215124701247e7
4.1491048593350317e-7 1.9260523446871493e7
4.159079283887461e-7 2.0037303869613767e7
4.1690537084398906e-7 2.0842459884087067e7
4.17902813299232e-7 2.16769213509956e7
4.1890025575447495e-7 2.2541645176177777e7
4.198976982097179e-7 2.343761600125783e7
4.2089514066496085e-7 2.4365846909649067e7
4.218925831202038e-7 2.5327380148207955e7
4.2289002557544674e-7 2.6323287864839457e7
4.238874680306897e-7 2.7354672862361487e7
4.2488491048593264e-7 2.8422669368939783e7
4.258823529411756e-7 2.952844382541236e7
4.2687979539641853e-7 3.0673195689824812e7
4.278772378516615e-7 3.1858158259505603e7
4.2887468030690443e-7 3.3084599511016093e7
4.298721227621474e-7 3.435382295831413e7
4.308695652173903e-7 3.566716852947582e7
4.3186700767263327e-7 3.702601346232901e7
4.328644501278762e-7 3.843177321935348e7
4.3386189258311916e-7 3.988590242221208e7
4.348593350383621e-7 4.138989580628136e7
4.3585677749360506e-7 4.2945289195558116e7
4.36854219948848e-7 4.4553660498322904e7
4.3785166240409095e-7 4.62166307239485e7
4.388491048593339e-7 4.793586502124833e7
4.3984654731457685e-7 4.971307373876649e7
4.408439897698198e-7 5.155001350741589e7
4.4184143222506274e-7 5.344848834588067e7
4.428388746803057e-7 5.541035078920352e7
4.4383631713554863e-7 5.7437503040987685e7
4.448337595907916e-7 5.953189814964672e7
4.4583120204603453e-7 6.169554120914935e7
4.468286445012775e-7 6.393049058470427e7
4.478260869565204e-7 6.623885916384789e7
4.4882352941176337e-7 6.862281563339621e7
4.498209718670063e-7 7.108458578273547e7
4.5081841432224926e-7 7.362645383393383e7
4.518158567774922e-7 7.625076379915817e7
4.5281329923273516e-7 7.895992086589862e7
4.538107416879781e-7 8.175639281050089e7
4.5480818414322105e-7 8.464271144052143e7
4.55805626598464e-7 8.76214740664272e7
4.5680306905370695e-7 9.069534500316946e7
4.578005115089499e-7 9.386705710216998e7
4.5879795396419284e-7 9.713941331426829e7
4.597953964194358e-7 1.0051528828418711e8
4.6079283887467874e-7 1.0399762997707555e8
4.617902813299217e-7 1.0758946133771543e8
4.6278772378516463e-7 1.1129388198296429e8
4.637851662404076e-7 1.1511406992803428e8
4.647826086956505e-7 1.1905328334720933e8
4.6578005115089347e-7 1.2311486236961332e8
4.667774936061364e-7 1.2730223091065006e8
4.6777493606137937e-7 1.3161889853975166e8
4.687723785166223e-7 1.360684623850747e8
4.6976982097186526e-7 1.406546090758009e8
4.707672634271082e-7 1.453811167227051e8
4.7176470588235116e-7 1.5025185693766406e8
4.727621483375941e-7 1.5527079689279205e8
4.7375959079283705e-7 1.6044200141990364e8
4.7475703324808e-7 1.6576963515100497e8
4.7575447570332294e-7 1.7125796470053834e8
4.767519181585659e-7 1.7691136089010662e8
4.777493606138089e-7 1.8183787010404408e8
4.787468030690518e-7 1.8414731564027426e8
4.797442455242948e-7 1.8646888348506102e8
4.807416879795377e-7 1.8880240546842688e8
4.817391304347807e-7 1.9114771116825858e8
4.827365728900236e-7 1.93504627950346e8
4.837340153452666e-7 1.9587298100883776e8
4.847314578005095e-7 1.9825259340709943e8
4.857289002557525e-7 2.006432861189578e8
4.867263427109954e-7 2.0304487807030866e8
4.877237851662384e-7 2.054571861810781e8
4.887212276214813e-7 2.0788002540751255e8
4.897186700767243e-7 2.1031320878478366e8
4.907161125319672e-7 2.127565474698953e8
4.917135549872102e-7 2.1520985078486556e8
4.927109974424531e-7 2.176729262601741e8
4.93708439897696e-7 2.201455796784596e8
4.94705882352939e-7 2.226276151184399e8
4.957033248081819e-7 2.2511883499905378e8
4.967007672634249e-7 2.2761904012379196e8
4.976982097186678e-7 2.3012802972521484e8
4.986956521739108e-7 2.3264560150962603e8
4.996930946291537e-7 2.3517155170190388e8
5.006905370843967e-7 2.3770567509045747e8
5.016879795396396e-7 2.40247765072299e8
5.026854219948826e-7 2.427976136982213e8
5.036828644501255e-7 2.4535501171805394e8
5.046803069053685e-7 2.4791974862599456e8
5.056777493606114e-7 2.5049161270598933e8
5.066751918158544e-7 2.5307039107715684e8
5.076726342710973e-7 2.5565586973923227e8
5.086700767263403e-7 2.582478336180254e8
5.096675191815832e-7 2.6084606661087063e8
5.106649616368261e-7 2.634503516320599e8
5.116624040920691e-7 2.6606047065824026e8
5.12659846547312e-7 2.6867620477376866e8
5.13657289002555e-7 2.712973342159972e8
5.146547314577979e-7 2.739236384204982e8
5.156521739130409e-7 2.7655489606618613e8
5.166496163682838e-7 2.791908851203495e8
5.176470588235268e-7 2.818313828835655e8
5.186445012787697e-7 2.8447616603448826e8
5.196419437340127e-7 2.871250106744994e8
5.206393861892556e-7 2.897776923722057e8
5.216368286444986e-7 2.9243398620777804e8
5.226342710997415e-7 2.9509366681710994e8
5.236317135549845e-7 2.9775650843579465e8
5.246291560102274e-7 3.0042228494289947e8
5.256265984654704e-7 3.0309076990453786e8
5.266240409207133e-7 3.0576173661721253e8
5.276214833759563e-7 3.0843495815094197e8
5.286189258311992e-7 3.111102073921266e8
5.296163682864421e-7 3.1378725708618486e8
5.306138107416851e-7 3.1646587987990963e8
5.31611253196928e-7 3.191458483635646e8
5.32608695652171e-7 3.218269351126986e8
5.336061381074139e-7 3.245089127296661e8
5.346035805626569e-7 3.2719155388485146e8
5.356010230178998e-7 3.2987463135758424e8
5.365984654731428e-7 3.325579180767383e8
5.375959079283857e-7 3.352411871610063e8
5.385933503836287e-7 3.379242119588377e8
5.395907928388716e-7 3.4060676608804256e8
5.405882352941146e-7 3.432886234750381e8
5.415856777493575e-7 3.4596955839374125e8
5.425831202046005e-7 3.486493455041028e8
5.435805626598434e-7 3.513277598902643e8
5.445780051150864e-7 3.5400457709833646e8
5.455754475703293e-7 3.5667957317379886e8
5.465728900255722e-7 3.593525246985046e8
5.475703324808152e-7 3.620232088272893e8
5.485677749360581e-7 3.646914033241737e8
5.495652173913011e-7 3.6735688659816617e8
5.50562659846544e-7 3.700194377386379e8
5.51560102301787e-7 3.7267883655029196e8
5.525575447570299e-7 3.7533486358769566e8
5.535549872122729e-7 3.7798730018939334e8
5.545524296675158e-7 3.806359285115764e8
5.555498721227588e-7 3.832805315613181e8
5.565473145780017e-7 3.859208932293676e8
5.575447570332447e-7 3.8855679832249093e8
5.585421994884876e-7 3.911880325953681e8
5.595396419437306e-7 3.9381438278202355e8
5.605370843989735e-7 3.96435636626812e8
5.615345268542165e-7 3.990515829149387e8
5.625319693094594e-7 4.0166201150250363e8
5.635294117647023e-7 4.042667133460939e8
5.645268542199453e-7 4.068654805318964e8
5.655242966751882e-7 4.0945810630434185e8
5.665217391304312e-7 4.1204438509426886e8
5.675191815856741e-7 4.146241125466173e8
5.685166240409171e-7 4.1719708554763347e8
5.6951406649616e-7 4.197631022516053e8
5.70511508951403e-7 4.2232196210710365e8
5.715089514066459e-7 4.2487346588274515e8
5.725063938618889e-7 4.274174156924697e8
5.735038363171318e-7 4.2995361502033234e8
5.745012787723748e-7 4.324818687448005e8
5.754987212276177e-7 4.3549459623717153e8
5.764961636828607e-7 4.390018224170729e8
5.774936061381036e-7 4.425141372624882e8
5.784910485933466e-7 4.460313355865264e8
5.794884910485895e-7 4.49553211861374e8
5.804859335038325e-7 4.5307956024675333e8
5.814833759590754e-7 4.5661017461825955e8
5.824808184143183e-7 4.6014484859555185e8
5.834782608695613e-7 4.636833755704007e8
5.844757033248042e-7 4.6722554873460406e8
5.854731457800472e-7 4.707711611077354e8
5.864705882352901e-7 4.7432000556474376e8
5.874680306905331e-7 4.7787187486339486e8
5.88465473145776e-7 4.8142656167154765e8
5.89462915601019e-7 4.8498385859425884e8
5.904603580562619e-7 4.885435582007217e8
5.914578005115049e-7 4.921054530510221e8
5.924552429667478e-7 4.9566933572272235e8
5.934526854219908e-7 4.9923499883724743e8
5.944501278772337e-7 5.028022350861067e8
5.954475703324767e-7 5.063708372568983e8
5.964450127877196e-7 5.09940598259138e8
5.974424552429626e-7 5.135113111498855e8
5.984398976982055e-7 5.170827691591556e8
5.994373401534484e-7 5.206547657151572e8
6.004347826086914e-7 5.242270944692866e8
6.014322250639343e-7 5.277995493209374e8
6.024296675191773e-7 5.3137192444208896e8
6.034271099744202e-7 5.349440143016668e8
6.044245524296632e-7 5.385156136897099e8
6.054219948849061e-7 5.420865177412882e8
6.064194373401491e-7 5.45656521960216e8
6.07416879795392e-7 5.492254222425269e8
6.08414322250635e-7 5.527930148997238e8
6.094117647058779e-7 5.563590966818014e8
6.104092071611209e-7 5.599234648000255e8
6.114066496163638e-7 5.634859169494804e8
6.124040920716068e-7 5.67046251331389e8
6.134015345268497e-7 5.7060426667517e8
6.143989769820927e-7 5.741597622602773e8
6.153964194373356e-7 5.77712537937778e8
6.163938618925785e-7 5.812623941516948e8
6.173913043478215e-7 5.848091319600998e8
6.183887468030644e-7 5.883525530559525e8
6.193861892583074e-7 5.918924597876999e8
6.203836317135503e-7 5.954286551796108e8
6.213810741687933e-7 5.989609429518765e8
6.223785166240362e-7 6.024891275404292e8
6.233759590792792e-7 6.060130141165346e8
6.243734015345221e-7 6.095324086061112e8
6.253708439897651e-7 6.130471177087883e8
6.26368286445008e-7 6.1655694891672e8
6.27365728900251e-7 6.200617105331347e8
6.283631713554939e-7 6.235612116906098e8
6.293606138107369e-7 6.270552623691107e8
6.303580562659798e-7 6.305436734137467e8
6.313554987212228e-7 6.34026256552273e8
6.323529411764657e-7 6.375028244123311e8
6.333503836317087e-7 6.409731905384238e8
6.343478260869516e-7 6.444371694086292e8
6.353452685421945e-7 6.4789457645104e8
6.363427109974375e-7 6.513452280599512e8
6.373401534526804e-7 6.547889416117821e8
6.383375959079234e-7 6.582255354807183e8
6.393350383631663e-7 6.616548290541083e8
6.403324808184093e-7 6.650766427475863e8
6.413299232736522e-7 6.684907980199194e8
6.423273657288952e-7 6.718971173876163e8
6.433248081841381e-7 6.752954244392431e8
6.443222506393811e-7 6.786855438494854e8
6.45319693094624e-7 6.820673013929569e8
6.46317135549867e-7 6.854405239577247e8
6.473145780051099e-7 6.888050395585856e8
6.483120204603529e-7 6.92160677350065e8
6.493094629155958e-7 6.955072676391712e8
6.503069053708388e-7 6.988446418978684e8
6.513043478260817e-7 7.021726327753024e8
6.523017902813246e-7 7.054910741097498e8
6.532992327365676e-7 7.087998009403254e8
6.542966751918105e-7 7.12098649518414e8
6.552941176470535e-7 7.153874573188473e8
6.562915601022964e-7 7.186660630508232e8
6.572890025575394e-7 7.21934306668576e8
6.582864450127823e-7 7.251920293817637e8
6.592838874680253e-7 7.284390736656358e8
6.602813299232682e-7 7.316752832709087e8
6.612787723785112e-7 7.34900503233423e8
6.622762148337541e-7 7.381145798835174e8
6.632736572889971e-7 7.413173608551668e8
6.6427109974424e-7 7.445086950948683e8
6.65268542199483e-7 7.476884328702724e8
6.662659846547259e-7 7.508564257785726e8
6.672634271099689e-7 7.540125267546395e8
6.682608695652118e-7 7.571565900789156e8
6.692583120204548e-7 7.602884713850622e8
6.702557544756977e-7 7.634080276673622e8
6.712531969309406e-7 7.665151172878854e8
6.722506393861836e-7 7.696095999834095e8
6.732480818414265e-7 7.016539478061497e8
6.742455242966695e-7 6.194415397576603e8
6.752429667519124e-7 5.46844214845872e8
6.762404092071554e-7 4.8273959914873064e8
6.772378516623983e-7 4.261360732022339e8
6.782352941176413e-7 3.7615757096269953e8
6.792327365728842e-7 3.3203014216059834e8
6.802301790281272e-7 2.9307007394669014e8
6.812276214833701e-7 2.586733912983289e8
6.822250639386131e-7 2.2830657650636476e8
6.83222506393856e-7 2.0149836651304042e8
6.84219948849099e-7 1.7783250319456986e8
6.852173913043419e-7 1.5694132612340692e8
6.862148337595849e-7 1.3850011012084952e8
6.872122762148278e-7 1.222220612122883e8
6.882097186700707e-7 1.0785389459469718e8
6.892071611253137e-7 9.517192706905557e7
6.902046035805566e-7 8.397862421221223e7
6.912020460357996e-7 7.409954948089471e7
6.921994884910425e-7 6.5380668559274554e7
6.931969309462855e-7 5.7685967672887966e7
6.941943734015284e-7 5.08953493773471e7
6.951918158567714e-7 4.4902773562335126e7
6.961892583120143e-7 3.961461515376792e7
6.971867007672573e-7 3.4948213306202926e7
6.981841432225002e-7 3.0830589803660657e7
6.991815856777432e-7 2.7197316974193014e7
7.001790281329861e-7 2.399151771098681e7
7.011764705882291e-7 2.116298221515097e7
7.02173913043472e-7 1.8667387863257788e7
7.03171355498715e-7 1.646561018330689e7
7.041687979539579e-7 1.4523114320040328e7
7.051662404092008e-7 1.2809417605675658e7
7.061636828644438e-7 1.1297614943909468e7
7.071611253196867e-7 9.96395968007715e6
7.081585677749297e-7 8.787493483317137e6
7.091560102301726e-7 7.749719520466879e6
7.101534526854156e-7 6.834313867696487e6
7.111508951406585e-7 6.026870694722203e6
7.121483375959015e-7 5.314677276815699e6
7.131457800511444e-7 4.68651534968098e6
7.141432225063874e-7 4.132485728629775e6
7.151406649616303e-7 3.6438534725591852e6
7.161381074168733e-7 3.2129111905134865e6
7.171355498721162e-7 2.8328583689486124e6
7.181329923273592e-7 2.4976948455055603e6
7.191304347826021e-7 2.202126773932457e6
7.201278772378451e-7 1.9414836181280282e6
7.21125319693088e-7 1.7116448840774207e6
7.22122762148331e-7 1.508975449335898e6
7.231202046035739e-7 1.330268483003759e6
7.241176470588168e-7 1.1726950668749216e6
7.251150895140598e-7 1.0337597324423173e6
7.261125319693027e-7 911261.220304842
7.271099744245457e-7 803257.8496579586
7.281074168797886e-7 708036.9572116684
7.291048593350316e-7 624087.928170807
7.301023017902745e-7 550078.3978084126
7.310997442455175e-7 484833.2515264027
7.320971867007604e-7 427316.0948903118
7.330946291560034e-7 376612.90362015663
7.340920716112463e-7 331917.59751217393
7.350895140664893e-7 292519.3122820272
7.360869565217322e-7 257791.16982338935
7.370843989769752e-7 227180.37077683874
7.380818414322181e-7 200199.4539652105
7.390792838874611e-7 176418.58549310744
7.40076726342704e-7 155458.75641299938
7.41074168797947e-7 136985.7820780896
7.420716112531899e-7 120705.0088535957
7.430690537084328e-7 106356.6449381517
7.440664961636758e-7 93711.64182794296
7.450639386189187e-7 82568.06158989639
7.460613810741617e-7 72747.87273115155
7.470588235294046e-7 64094.12417866882
7.480562659846476e-7 56468.45281997784
7.490537084398905e-7 49748.88529620263
7.500511508951335e-7 43827.89936331231
7.510485933503764e-7 38610.71421916232
7.520460358056194e-7 34013.78279598759
7.530434782608623e-7 29963.46219684136
7.540409207161053e-7 26394.841259672357
7.550383631713482e-7 23250.706708144433
7.560358056265912e-7 20480.63153263438
7.570332480818341e-7 18040.17117225892
7.58030690537077e-7 15890.154769447192
7.5902813299232e-7 13996.060269123504
7.600255754475629e-7 12327.463458503456
7.610230179028059e-7 10857.552211583457
7.620204603580488e-7 9562.698232941699
7.630179028132918e-7 8422.07950463259
7.640153452685347e-7 7417.347442017443
7.650127877237777e-7 6532.333471931589
7.660102301790206e-7 5752.790370754234
7.670076726342636e-7 5066.1642505380005
7.680051150895065e-7 4461.393567026896
7.690025575447495e-7 3928.7319517877395
7.699999999999924e-7 3459.5920485433203
