3.8e-7 1.0958319669400062e7
3.8195e-7 1.1658230157637702e7
3.839e-7 1.239414973871845e7
3.8585e-7 1.3167428869516823e7
3.8779999999999997e-7 1.3979445053890927e7
3.8974999999999995e-7 1.483160250637746e7
3.9169999999999994e-7 1.5725331786064837e7
3.9364999999999993e-7 1.6662089401006958e7
3.955999999999999e-7 1.7643357383585174e7
3.975499999999999e-7 1.8670642837267715e7
3.994999999999999e-7 1.974547745525659e7
4.014499999999999e-7 2.0869417011550296e7
4.0339999999999987e-7 2.2044040824988943e7
4.0534999999999985e-7 2.3270951196882367e7
4.0729999999999984e-7 2.455177282285838e7
4.0924999999999983e-7 2.5888152179595795e7
4.111999999999998e-7 2.728175688714271e7
4.131499999999998e-7 2.8734275047543842e7
4.150999999999998e-7 3.0247414560530405e7
4.170499999999998e-7 3.182290241705003e7
4.1899999999999977e-7 3.3462483971436583e7
4.2094999999999976e-7 3.516792219304097e7
4.2289999999999974e-7 3.694099689816541e7
4.2484999999999973e-7 3.878350396315642e7
4.267999999999997e-7 4.069725451953323e7
4.287499999999997e-7 4.2684074132038325e7
4.306999999999997e-7 4.474580196050971e7
4.326499999999997e-7 4.6884289906486906e7
4.3459999999999967e-7 4.910140174546828e7
4.3654999999999966e-7 5.139901224574851e7
4.3849999999999965e-7 5.377900627476623e7
4.4044999999999963e-7 5.624327789389859e7
4.423999999999996e-7 5.87937294426426e7
4.443499999999996e-7 6.143227061312028e7
4.462999999999996e-7 6.416081751584979e7
4.482499999999996e-7 6.698129173771447e7
4.5019999999999957e-7 6.989561939307058e7
4.5214999999999956e-7 7.290573016891544e7
4.5409999999999955e-7 7.601355636504512e7
4.5604999999999953e-7 7.922103193011314e7
4.579999999999995e-7 8.253009149450277e7
4.599499999999995e-7 8.594266940090677e7
4.618999999999995e-7 8.946069873350535e7
4.638499999999995e-7 9.308611034661873e7
4.6579999999999947e-7 9.68208318936975e7
4.6774999999999946e-7 1.006667868575016e8
4.6969999999999945e-7 1.0462589358230644e8
4.7164999999999944e-7 1.0870006430895391e8
4.735999999999994e-7 1.128912042135596e8
4.755499999999994e-7 1.1720121045065822e8
4.774999999999995e-7 1.2163197120156722e8
4.794499999999995e-7 1.2618536472871771e8
4.813999999999995e-7 1.3086325843668856e8
4.833499999999996e-7 1.3566750794066757e8
4.852999999999996e-7 1.4059995614302534e8
4.872499999999997e-7 1.4566243231869483e8
4.891999999999997e-7 1.5085675121000043e8
4.911499999999997e-7 1.561847121315839e8
4.930999999999998e-7 1.616480980860415e8
4.950499999999998e-7 1.6724867489086398e8
4.969999999999999e-7 1.729881903172575e8
4.989499999999999e-7 1.7886837324140087e8
5.008999999999999e-7 1.8489093280866164e8
5.0285e-7 1.910575576112939e8
5.048e-7 1.9736991488009095e8
5.067500000000001e-7 2.038296496904707e8
5.087000000000001e-7 2.104383841834333e8
5.106500000000001e-7 2.1719771680181336e8
5.126000000000002e-7 2.2410922154222906e8
5.145500000000002e-7 2.3117444722310364e8
5.165000000000003e-7 2.3839491676912698e8
5.184500000000003e-7 2.457721265124762e8
5.204000000000003e-7 2.5330754551113084e8
5.223500000000004e-7 2.6100261488456115e8
5.243000000000004e-7 2.688587471670667e8
5.262500000000005e-7 2.768773256790238e8
5.282000000000005e-7 2.8505970391626525e8
5.301500000000005e-7 2.934072049578132e8
5.321000000000006e-7 3.0192112089214426e8
5.340500000000006e-7 3.106027122621809e8
5.360000000000007e-7 3.194532075291403e8
5.379500000000007e-7 3.284738025553872e8
5.399000000000008e-7 3.3766566010641164e8
5.418500000000008e-7 3.4702990937201136e8
5.438000000000008e-7 3.5656764550678504e8
5.457500000000009e-7 3.662799291899757e8
5.477000000000009e-7 3.761677862047193e8
5.49650000000001e-7 3.862322070367395e8
5.51600000000001e-7 3.9647414649247587e8
5.53550000000001e-7 4.0689452333666724e8
5.555000000000011e-7 4.174942199493587e8
5.574500000000011e-7 4.282740820023051e8
5.594000000000012e-7 4.392349181547151e8
5.613500000000012e-7 4.503774997682832e8
5.633000000000012e-7 4.6170256064143455e8
5.652500000000013e-7 4.732107967626834e8
5.672000000000013e-7 4.849028660830058e8
5.691500000000014e-7 4.967793883071313e8
5.711000000000014e-7 5.088409447035953e8
5.730500000000014e-7 5.2108807793344164e8
5.750000000000015e-7 5.335212918974078e8
5.769500000000015e-7 5.355769807799495e8
5.789000000000016e-7 5.375333309488101e8
5.808500000000016e-7 5.39390303106104e8
5.828000000000016e-7 5.411479135589907e8
5.847500000000017e-7 5.428062332376063e8
5.867000000000017e-7 5.443653866833022e8
5.886500000000018e-7 5.458255510092169e8
5.906000000000018e-7 5.471869548351439e8
5.925500000000018e-7 5.484498771986561e8
5.945000000000019e-7 5.496146464444084e8
5.964500000000019e-7 5.506816390934901e8
5.98400000000002e-7 5.516512786946844e8
6.00350000000002e-7 5.525240346594287e8
6.02300000000002e-7 5.533004210822601e8
6.042500000000021e-7 5.539809955484685e8
6.062000000000021e-7 5.545663579306413e8
6.081500000000022e-7 5.550571491757377e8
6.101000000000022e-7 5.554540500843229e8
6.120500000000023e-7 5.55757780083471e8
6.140000000000023e-7 5.559690959948962e8
6.159500000000023e-7 5.560887907997497e8
6.179000000000024e-7 5.561176924015102e8
6.198500000000024e-7 5.560566623883473e8
6.218000000000025e-7 5.559065947962863e8
6.237500000000025e-7 5.55668414874445e8
6.257000000000025e-7 5.553430778536016e8
6.276500000000026e-7 5.549315677192553e8
6.296000000000026e-7 5.544348959903443e8
6.315500000000027e-7 5.538541005047113e8
6.335000000000027e-7 5.531902442123662e8
6.354500000000027e-7 5.524444139775418e8
6.374000000000028e-7 5.516177193905375e8
6.393500000000028e-7 5.507112915902085e8
6.413000000000029e-7 5.49726282098045e8
6.432500000000029e-7 5.486638616645874e8
6.452000000000029e-7 5.475252191290354e8
6.47150000000003e-7 5.463115602927471e8
6.49100000000003e-7 5.45024106807333e8
6.510500000000031e-7 5.436640950780289e8
6.530000000000031e-7 5.42232775182934e8
6.549500000000031e-7 5.40731409808697e8
6.569000000000032e-7 5.391612732032235e8
6.588500000000032e-7 5.37523650145851e8
6.608000000000033e-7 5.358198349354974e8
6.627500000000033e-7 5.3405113039719003e8
6.647000000000034e-7 5.3221884690737045e8
6.666500000000034e-7 5.303243014383381e8
6.686000000000034e-7 5.283688166221385e8
6.705500000000035e-7 5.263537198342015e8
6.725000000000035e-7 5.242803422969883e8
6.744500000000036e-7 5.22150018203853e8
6.764000000000036e-7 5.199640838633424e8
6.783500000000036e-7 5.1772387686408e8
6.803000000000037e-7 5.154307352603835e8
6.822500000000037e-7 5.130859967787275e8
6.842000000000038e-7 5.106909980451289e8
6.861500000000038e-7 5.08247073833523e8
6.881000000000038e-7 5.0575555633516484e8
6.900500000000039e-7 5.0321777444905335e8
6.920000000000039e-7 5.0063505309339666e8
6.93950000000004e-7 4.980087125380463e8
6.95900000000004e-7 4.953400677578862e8
6.97850000000004e-7 4.92630427807074e8
6.998000000000041e-7 4.898810952140496e8
7.017500000000041e-7 4.870933653972116e8
7.037000000000042e-7 4.8426852610111153e8
7.056500000000042e-7 4.814078568530416e8
7.076000000000042e-7 4.7851262843984157e8
7.095500000000043e-7 4.755841024047516e8
7.115000000000043e-7 4.726235305641253e8
7.134500000000044e-7 4.6963215454379565e8
7.154000000000044e-7 4.666112053348804e8
7.173500000000044e-7 4.6356190286879396e8
7.193000000000045e-7 4.604854556112329e8
7.212500000000045e-7 4.5738306017488843e8
7.232000000000046e-7 4.5425590095060915e8
7.251500000000046e-7 4.5110514975677466e8
7.271000000000047e-7 4.4793196550657517e8
7.290500000000047e-7 4.4473749389292955e8
7.310000000000047e-7 4.415228670907536e8
7.329500000000048e-7 4.3828920347625893e8
7.349000000000048e-7 4.3503760736300945e8
7.368500000000049e-7 4.3176916875440204e8
7.388000000000049e-7 4.284849631122659e8
7.407500000000049e-7 4.251860511412693e8
7.42700000000005e-7 4.2187347858880043e8
7.44650000000005e-7 4.185482760600065e8
7.466000000000051e-7 4.152114588476563e8
7.485500000000051e-7 4.118640267765022e8
7.505000000000051e-7 4.08506964061812e8
7.524500000000052e-7 4.051412391817204e8
7.544000000000052e-7 4.017678047630925e8
7.563500000000053e-7 3.983875974805413e8
7.583000000000053e-7 3.950015379682788e8
7.602500000000053e-7 3.91610530744453e8
7.622000000000054e-7 3.8821546414765507e8
7.641500000000054e-7 3.848172102852415e8
7.661000000000055e-7 3.81416624993154e8
7.680500000000055e-7 3.780145478069037e8
