3.8e-7 3594.308409467007
3.8099744245524296e-7 4432.722560034608
3.819948849104859e-7 5465.69601961421
3.8299232736572886e-7 6738.15111671898
3.839897698209718e-7 8356.975149578546
3.8498721227621475e-7 10366.563574371949
3.859846547314577e-7 12857.091475913809
3.8698209718670064e-7 15851.451691850112
3.879795396419436e-7 19525.90682567666
3.8897698209718654e-7 24047.9137510916
3.899744245524295e-7 29821.17456729746
3.9097186700767243e-7 37025.17854368848
3.919693094629154e-7 45961.62263939803
3.9296675191815833e-7 56240.039779299
3.939641943734013e-7 68532.09421361085
3.949616368286442e-7 83496.8058228933
3.9595907928388717e-7 102085.72924690382
3.969565217391301e-7 124964.78868944476
3.9795396419437306e-7 152946.4516574987
3.98951406649616e-7 187712.03945969805
3.9994884910485896e-7 230672.55159808614
4.009462915601019e-7 283419.96057924174
4.0194373401534485e-7 350509.35497581126
4.029411764705878e-7 435212.55220730096
4.0393861892583075e-7 540300.6446171728
4.049360613810737e-7 660691.5710212435
4.0593350383631664e-7 798430.2722785342
4.069309462915596e-7 964737.1520420093
4.0792838874680254e-7 1.1706868164107455e6
4.089258312020455e-7 1.42650536689785e6
4.0992327365728843e-7 1.7379662340326486e6
4.109207161125314e-7 2.099937992875621e6
4.119181585677743e-7 2.512101527002963e6
4.1291560102301727e-7 3.0047238614545367e6
4.139130434782602e-7 3.596399230017212e6
4.1491048593350317e-7 4.309338092015741e6
4.159079283887461e-7 5.162871087011339e6
4.1690537084398906e-7 6.1976986967208795e6
4.17902813299232e-7 7.469041765540718e6
4.1890025575447495e-7 8.999920987872157e6
4.198976982097179e-7 1.0841972458650561e7
4.2089514066496085e-7 1.3055992149974756e7
4.218925831202038e-7 1.5719985527703736e7
4.2289002557544674e-7 1.894356576866088e7
4.238874680306897e-7 2.2898401462447535e7
4.2488491048593264e-7 2.7675185847921856e7
4.258823529411756e-7 3.3442649726148024e7
4.2687979539641853e-7 4.039924134251138e7
4.278772378516615e-7 4.879652705754922e7
4.2887468030690443e-7 5.78108259500188e7
4.298721227621474e-7 5.986876111160478e7
4.308695652173903e-7 6.199201279375718e7
4.3186700767263327e-7 6.420945907844e7
4.328644501278762e-7 6.686944584256069e7
4.3386189258311916e-7 6.963089351109917e7
4.348593350383621e-7 7.248451104508913e7
4.3585677749360506e-7 7.46086938671601e7
4.36854219948848e-7 7.678569536497752e7
4.3785166240409095e-7 7.901658148370712e7
4.388491048593339e-7 8.053922278255408e7
4.3984654731457685e-7 8.204986732824296e7
4.408439897698198e-7 8.35788616638525e7
4.4184143222506274e-7 8.473087758317609e7
4.428388746803057e-7 8.584729903968483e7
4.4383631713554863e-7 8.696825304512997e7
4.448337595907916e-7 8.7177213034973e7
4.4583120204603453e-7 8.721746605561796e7
4.468286445012775e-7 8.724773461553933e7
4.478260869565204e-7 8.880339904043809e7
4.4882352941176337e-7 9.077924716298442e7
4.498209718670063e-7 9.278863343431097e7
4.5081841432224926e-7 9.46676150113949e7
4.518158567774922e-7 9.651578849058834e7
4.5281329923273516e-7 9.838921177106516e7
4.538107416879781e-7 9.875660856615764e7
4.5480818414322105e-7 9.842376631945352e7
4.55805626598464e-7 9.808146296020246e7
4.5680306905370695e-7 9.771472104981379e7
4.578005115089499e-7 9.733022842847344e7
4.5879795396419284e-7 9.693699612394488e7
4.597953964194358e-7 9.497618050227346e7
4.6079283887467874e-7 9.194636497115365e7
4.617902813299217e-7 8.900397434777045e7
4.6278772378516463e-7 8.612222803007583e7
4.637851662404076e-7 8.330355864679827e7
4.647826086956505e-7 8.056894976904953e7
4.6578005115089347e-7 7.920638040998353e7
4.667774936061364e-7 7.932173247037259e7
4.6777493606137937e-7 7.942933414003868e7
4.687723785166223e-7 7.970327432731253e7
4.6976982097186526e-7 8.021809329779191e7
4.707672634271082e-7 8.072834486840507e7
4.7176470588235116e-7 8.053743231136572e7
4.727621483375941e-7 7.911539499567923e7
4.7375959079283705e-7 7.771101424635573e7
4.7475703324808e-7 7.675573480131258e7
4.7575447570332294e-7 7.678644662656347e7
4.767519181585659e-7 7.680994528718925e7
4.777493606138089e-7 7.730352912813045e7
4.787468030690518e-7 7.925187921013679e7
4.797442455242948e-7 8.124183759759423e7
4.807416879795377e-7 8.353259223116755e7
4.817391304347807e-7 8.698364818929777e7
4.827365728900236e-7 9.056907941957943e7
4.837340153452666e-7 9.432308593449315e7
4.847314578005095e-7 9.841038565599704e7
4.857289002557525e-7 1.0266567743182024e8
4.867263427109954e-7 1.0701565479655072e8
4.877237851662384e-7 1.1065868190379332e8
4.887212276214813e-7 1.1441574702898192e8
4.897186700767243e-7 1.1832828097096056e8
4.907161125319672e-7 1.2359375149944934e8
4.917135549872102e-7 1.290824803556664e8
4.927109974424531e-7 1.348034931242857e8
4.93708439897696e-7 1.4012069000547287e8
4.94705882352939e-7 1.4561931864593214e8
4.957033248081819e-7 1.5132108838065246e8
4.967007672634249e-7 1.578977571192001e8
4.976982097186678e-7 1.6480557698666015e8
4.986956521739108e-7 1.7200150311310968e8
4.996930946291537e-7 1.7910716867626408e8
5.006905370843967e-7 1.8642918935493013e8
5.016879795396396e-7 1.940349191109795e8
5.026854219948826e-7 2.0049885421430337e8
5.036828644501255e-7 2.0682076983083588e8
5.046803069053685e-7 2.1332515777265722e8
5.056777493606114e-7 2.1884890715581825e8
5.066751918158544e-7 2.2411661031309775e8
5.076726342710973e-7 2.294932905673228e8
5.086700767263403e-7 2.3568330953634244e8
5.096675191815832e-7 2.4232695142893106e8
5.106649616368261e-7 2.4913887243859756e8
5.116624040920691e-7 2.564669249577979e8
5.12659846547312e-7 2.641828391208326e8
5.13657289002555e-7 2.721105079876341e8
5.146547314577979e-7 2.817374861421657e8
5.156521739130409e-7 2.927381359064994e8
5.166496163682838e-7 3.041459339915219e8
5.176470588235268e-7 3.1704241619318384e8
5.186445012787697e-7 3.314158835207686e8
5.196419437340127e-7 3.464159434715593e8
5.206393861892556e-7 3.6129017752920544e8
5.216368286444986e-7 3.7591358654512566e8
5.226342710997415e-7 3.911011030421084e8
5.236317135549845e-7 4.0716745841707075e8
5.246291560102274e-7 4.242705801649107e8
5.256265984654704e-7 4.420612617112161e8
5.266240409207133e-7 4.515079757727063e8
5.276214833759563e-7 4.461090556130073e8
5.286189258311992e-7 4.407444558072443e8
5.296163682864421e-7 4.3473685260165507e8
5.306138107416851e-7 4.2736691379966015e8
5.31611253196928e-7 4.200935877937864e8
5.32608695652171e-7 4.125887188334584e8
5.336061381074139e-7 4.0430264445004475e8
5.346035805626569e-7 3.961567222425773e8
5.356010230178998e-7 3.884001539324285e8
5.365984654731428e-7 3.816916991394932e8
5.375959079283857e-7 3.7507467317671466e8
5.385933503836287e-7 3.687937522926437e8
5.395907928388716e-7 3.638996243603602e8
5.405882352941146e-7 3.5904744333736086e8
5.415856777493575e-7 3.54278617251297e8
5.425831202046005e-7 3.499109859579637e8
5.435805626598434e-7 3.455754325617217e8
5.445780051150864e-7 3.4146598517906713e8
5.455754475703293e-7 3.413007972949556e8
5.465728900255722e-7 3.411145610996119e8
5.475703324808152e-7 3.4090742867655617e8
5.485677749360581e-7 3.403648511051949e8
5.495652173913011e-7 3.3979996631213963e8
5.50562659846544e-7 3.392154711548652e8
5.51560102301787e-7 3.4355647195618683e8
5.525575447570299e-7 3.482686280319744e8
5.535549872122729e-7 3.5302438283656764e8
5.545524296675158e-7 3.572218122559324e8
5.555498721227588e-7 3.6136706185413533e8
5.565473145780017e-7 3.655389922013584e8
5.575447570332447e-7 3.741358032730168e8
5.585421994884876e-7 3.8385355185368085e8
5.595396419437306e-7 3.938010062697458e8
5.605370843989735e-7 4.010890727011341e8
5.615345268542165e-7 4.076293507897676e8
5.625319693094594e-7 4.142527830879597e8
5.635294117647023e-7 4.207332922561118e8
5.645268542199453e-7 4.2720111249594855e8
5.655242966751882e-7 4.3374415848279667e8
5.665217391304312e-7 4.401293109112769e8
5.675191815856741e-7 4.4646391375886834e8
5.685166240409171e-7 4.528648240838157e8
5.6951406649616e-7 4.602328772921524e8
5.70511508951403e-7 4.6828292283437616e8
5.715089514066459e-7 4.7644803245758665e8
5.725063938618889e-7 4.848352650021898e8
5.735038363171318e-7 4.93430220672022e8
5.745012787723748e-7 5.0215084499400514e8
5.754987212276177e-7 5.0306087072669154e8
5.764961636828607e-7 4.96117889381131e8
5.774936061381036e-7 4.892451294576913e8
5.784910485933466e-7 4.8203111808070046e8
5.794884910485895e-7 4.743945729839267e8
5.804859335038325e-7 4.668549630774084e8
5.814833759590754e-7 4.5916291147753054e8
5.824808184143183e-7 4.5119323744960564e8
5.834782608695613e-7 4.433394148933738e8
5.844757033248042e-7 4.352730161090486e8
5.854731457800472e-7 4.266974364349597e8
5.864705882352901e-7 4.1826993273995656e8
5.874680306905331e-7 4.076411378010726e8
5.88465473145776e-7 3.914760040073949e8
5.89462915601019e-7 3.759334304788682e8
5.904603580562619e-7 3.61027360411179e8
5.914578005115049e-7 3.46817025829057e8
5.924552429667478e-7 3.331499033250944e8
5.934526854219908e-7 3.2000317420402557e8
5.944501278772337e-7 3.073476188592183e8
5.954475703324767e-7 2.9517850592126805e8
5.964450127877196e-7 2.835052991056822e8
5.974424552429626e-7 2.7248006432698226e8
5.984398976982055e-7 2.618713046914926e8
5.994373401534484e-7 2.533376303974055e8
6.004347826086914e-7 2.7069147174190235e8
6.014322250639343e-7 2.892207037979844e8
6.024296675191773e-7 3.0900420308665955e8
6.034271099744202e-7 3.301417940804294e8
6.044245524296632e-7 3.527092639033243e8
6.054219948849061e-7 3.768023173662961e8
6.064194373401491e-7 4.046046560273174e8
6.07416879795392e-7 4.345491414916984e8
6.08414322250635e-7 4.666889850697913e8
6.094117647058779e-7 5.016559750719145e8
6.104092071611209e-7 5.392765015663875e8
6.114066496163638e-7 5.796928288681e8
6.124040920716068e-7 6.363034574590806e8
6.134015345268497e-7 7.011270683267853e8
6.143989769820927e-7 7.725211759842211e8
6.153964194373356e-7 8.494625227762444e8
6.163938618925785e-7 9.335320743361958e8
6.173913043478215e-7 1.0258780813688694e9
6.183887468030644e-7 1.112968752177014e9
6.193861892583074e-7 1.2018229238763378e9
6.203836317135503e-7 1.297716285468298e9
6.213810741687933e-7 1.399730599894011e9
6.223785166240362e-7 1.508954010042388e9
6.233759590792792e-7 1.6266329918160079e9
6.243734015345221e-7 1.594387025882252e9
6.253708439897651e-7 1.4760641126498067e9
6.26368286445008e-7 1.3664664714915705e9
6.27365728900251e-7 1.2650814228827643e9
6.283631713554939e-7 1.1712594547487793e9
6.293606138107369e-7 1.0843520061456563e9
6.303580562659798e-7 9.845714068800471e8
6.313554987212228e-7 8.777977573499956e8
6.323529411764657e-7 7.82572375836155e8
6.333503836317087e-7 6.977274040542107e8
6.343478260869516e-7 6.221377352535298e8
6.353452685421945e-7 5.547155671171256e8
6.363427109974375e-7 4.985981675023286e8
6.373401534526804e-7 4.5347062609294695e8
6.383375959079234e-7 4.1241165750994456e8
6.393350383631663e-7 3.7489542384091616e8
6.403324808184093e-7 3.4050998134464014e8
6.413299232736522e-7 3.09266644837452e8
6.423273657288952e-7 2.8248489754821056e8
6.433248081841381e-7 2.61519238706681e8
6.443222506393811e-7 2.4210057163163388e8
6.45319693094624e-7 2.2404136177357075e8
6.46317135549867e-7 2.0710715861538407e8
6.473145780051099e-7 1.9144587324369088e8
6.483120204603529e-7 1.7769690694973356e8
6.493094629155958e-7 1.6791638342207003e8
6.503069053708388e-7 1.586684184499148e8
6.513043478260817e-7 1.4994882180708262e8
6.523017902813246e-7 1.4185433442155698e8
6.532992327365676e-7 1.3419199266455719e8
6.542966751918105e-7 1.2708613167274052e8
6.552941176470535e-7 1.220085755164517e8
6.562915601022964e-7 1.1712974798011246e8
6.572890025575394e-7 1.1244001264480767e8
6.582864450127823e-7 1.0785246435753247e8
6.592838874680253e-7 1.0344848371424836e8
6.602813299232682e-7 9.922089166661595e7
6.612787723785112e-7 9.426771588274711e7
6.622762148337541e-7 8.95314317898898e7
6.632736572889971e-7 8.5030204421238e7
6.6427109974424e-7 8.08162650501083e7
6.65268542199483e-7 7.681425566154353e7
6.662659846547259e-7 7.300796273034427e7
6.672634271099689e-7 7.064454189186545e7
6.682608695652118e-7 6.85563925119099e7
6.692583120204548e-7 6.6527752636260174e7
6.702557544756977e-7 6.454659996718825e7
6.712531969309406e-7 6.2619930749667674e7
6.722506393861836e-7 6.074877788901795e7
6.732480818414265e-7 5.163295746293133e7
6.742455242966695e-7 4.199154911763555e7
6.752429667519124e-7 3.4149373069224216e7
6.762404092071554e-7 2.7751078250791907e7
6.772378516623983e-7 2.2543811274614796e7
6.782352941176413e-7 1.8313061411688246e7
6.792327365728842e-7 1.4798804633069905e7
6.802301790281272e-7 1.1923783240727514e7
6.812276214833701e-7 9.607000837686867e6
6.822250639386131e-7 7.771141651351498e6
6.83222506393856e-7 6.303701580162733e6
6.84219948849099e-7 5.113202224493752e6
6.852173913043419e-7 4.149510990159902e6
6.862148337595849e-7 3.368849934214369e6
6.872122762148278e-7 2.734973334772097e6
6.882097186700707e-7 2.2271796042124555e6
6.892071611253137e-7 1.8197861344749667e6
6.902046035805566e-7 1.486867688664728e6
6.912020460357996e-7 1.2132542132212408e6
6.921994884910425e-7 988215.5300342378
6.931969309462855e-7 804893.7896261212
6.941943734015284e-7 652974.0373497348
6.951918158567714e-7 526116.4808049464
6.961892583120143e-7 423891.8879161529
6.971867007672573e-7 342949.3168316129
6.981841432225002e-7 280016.56385856535
6.991815856777432e-7 228625.6095434433
7.001790281329861e-7 187140.9345709962
7.011764705882291e-7 154316.01679143205
7.02173913043472e-7 127245.00853805168
7.03171355498715e-7 104450.72390192201
7.041687979539579e-7 84242.83263760668
7.051662404092008e-7 67942.60131649979
7.061636828644438e-7 54736.01568350244
7.071611253196867e-7 43824.69427190933
7.081585677749297e-7 35087.50362477594
7.091560102301726e-7 28123.855422010834
7.101534526854156e-7 22794.34979623094
7.111508951406585e-7 18474.282442548258
7.121483375959015e-7 14970.985630232992
7.131457800511444e-7 12100.37764470979
7.141432225063874e-7 9779.927345320904
7.151406649616303e-7 7904.247962839082
7.161381074168733e-7 6612.952101987342
7.171355498721162e-7 5535.501350988044
7.181329923273592e-7 4633.476018310773
7.191304347826021e-7 3900.481041442792
7.201278772378451e-7 3284.7696580826578
7.21125319693088e-7 2766.1784412022625
7.22122762148331e-7 2196.218591112735
7.231202046035739e-7 1729.047467966299
7.241176470588168e-7 1361.2156622844518
7.251150895140598e-7 1070.9517572613308
7.261125319693027e-7 842.4486268693398
7.271099744245457e-7 662.6828902310467
7.281074168797886e-7 525.6960721219534
7.291048593350316e-7 418.09836095123296
7.301023017902745e-7 332.5149307288603
7.310997442455175e-7 265.3765037882066
7.320971867007604e-7 212.0922353119448
7.330946291560034e-7 169.50252113781866
7.340920716112463e-7 133.75117900924795
7.350895140664893e-7 104.83765919101133
7.360869565217322e-7 82.1724508200912
7.370843989769752e-7 64.74411624960833
7.380818414322181e-7 51.1883447216925
7.390792838874611e-7 40.46981575393047
7.40076726342704e-7 32.05022311238378
7.41074168797947e-7 25.41803656048543
7.420716112531899e-7 20.1577677610135
7.430690537084328e-7 15.892884202357115
7.440664961636758e-7 12.454966987536537
7.450639386189187e-7 9.760500021565866
7.460613810741617e-7 7.650986790353551
7.470588235294046e-7 5.999497074504046
7.480562659846476e-7 4.704375632441434
7.490537084398905e-7 3.6811292139844816
7.500511508951335e-7 2.870796334120461
7.510485933503764e-7 2.2387911508870575
7.520460358056194e-7 1.7550807396662291
7.530434782608623e-7 1.390733982025339
7.540409207161053e-7 1.1019985789973437
7.550383631713482e-7 0.8717199152942559
7.560358056265912e-7 0.6864681764709247
7.570332480818341e-7 0.5405725306324298
7.58030690537077e-7 0.4245026877611034
7.5902813299232e-7 0.33008151420107223
7.600255754475629e-7 0.25665646282580207
7.610230179028059e-7 0.19936003816451514
7.620204603580488e-7 0.15406215341295426
7.630179028132918e-7 0.11905405191954775
7.640153452685347e-7 0.09188452770369883
7.650127877237777e-7 0.07019893879904288
7.660102301790206e-7 0.05363017124536486
7.670076726342636e-7 0.04099168436696658
7.680051150895065e-7 0.03160321732106515
7.690025575447495e-7 0.02436449547060859
7.699999999999924e-7 0.018783398690095404
