3.8e-7 0.1031505869016598
3.8099744245524296e-7 0.1435603106629036
3.819948849104859e-7 0.19976379906685912
3.8299232736572886e-7 0.2779198304780956
3.839897698209718e-7 0.3865834523887335
3.8498721227621475e-7 0.5376362987910678
3.859846547314577e-7 0.7475773227225624
3.8698209718670064e-7 1.037552327341662
3.879795396419436e-7 1.439450983754962
3.8897698209718654e-7 1.9966768136307678
3.899744245524295e-7 2.7691295930859914
3.9097186700767243e-7 3.839759145980206
3.919693094629154e-7 5.323416679243276
3.9296675191815833e-7 7.426941457298212
3.939641943734013e-7 10.378685074839934
3.949616368286442e-7 14.501139892932587
3.9595907928388717e-7 20.257692751301636
3.969565217391301e-7 28.294784896690278
3.9795396419437306e-7 39.51408561599782
3.98951406649616e-7 56.08233596360337
3.9994884910485896e-7 80.22271945903118
4.009462915601019e-7 114.73591608698845
4.0194373401534485e-7 164.0713078014392
4.029411764705878e-7 234.5836039559941
4.0393861892583075e-7 335.34739926387954
4.049360613810737e-7 462.0018636624911
4.0593350383631664e-7 618.4376302847555
4.069309462915596e-7 827.7169857227923
4.0792838874680254e-7 1107.6488477507876
4.089258312020455e-7 1482.0303322682387
4.0992327365728843e-7 1982.6558092256355
4.109207161125314e-7 2644.1438056533416
4.119181585677743e-7 3513.2113106728475
4.1291560102301727e-7 4667.240015095821
4.139130434782602e-7 6199.449465146101
4.1491048593350317e-7 8233.484999962959
4.159079283887461e-7 10933.326401937955
4.1690537084398906e-7 14736.874410932518
4.17902813299232e-7 20440.62760932779
4.1890025575447495e-7 28348.001685956115
4.198976982097179e-7 39308.86383219135
4.2089514066496085e-7 54500.28635946365
4.218925831202038e-7 75552.31186392755
4.2289002557544674e-7 104333.93900302074
4.238874680306897e-7 142324.06683739027
4.2488491048593264e-7 194121.22869372202
4.258823529411756e-7 264734.2166605813
4.2687979539641853e-7 360985.6112047915
4.278772378516615e-7 492167.4413598364
4.2887468030690443e-7 654513.4221822013
4.298721227621474e-7 731715.0537704347
4.308695652173903e-7 817918.049599752
4.3186700767263327e-7 914160.295192276
4.328644501278762e-7 1.0215980716395311e6
4.3386189258311916e-7 1.141519423133553e6
4.348593350383621e-7 1.2752638279077886e6
4.3585677749360506e-7 1.417819140629362e6
4.36854219948848e-7 1.5761164062381152e6
4.3785166240409095e-7 1.7518736288310662e6
4.388491048593339e-7 1.946994199658337e6
4.3984654731457685e-7 2.163586686133915e6
4.408439897698198e-7 2.4039867113707727e6
4.4184143222506274e-7 2.745934581366739e6
4.428388746803057e-7 3.145168275567152e6
4.4383631713554863e-7 3.6020253565166504e6
4.448337595907916e-7 4.1247646264754655e6
4.4583120204603453e-7 4.722820575731494e6
4.468286445012775e-7 5.406969659380684e6
4.478260869565204e-7 6.087578161764991e6
4.4882352941176337e-7 6.8241347177169705e6
4.498209718670063e-7 7.648950446765544e6
4.5081841432224926e-7 8.572502998994151e6
4.518158567774922e-7 9.606502773911593e6
4.5281329923273516e-7 1.0764036716546856e7
4.538107416879781e-7 1.222637122139403e7
4.5480818414322105e-7 1.397275106210667e7
4.55805626598464e-7 1.5966855987265877e7
4.5680306905370695e-7 1.824359190022657e7
4.578005115089499e-7 2.0842751573330365e7
4.5879795396419284e-7 2.380969458438122e7
4.597953964194358e-7 2.7297137020519722e7
4.6079283887467874e-7 3.1376898153480064e7
4.617902813299217e-7 3.6062670824592054e7
4.6278772378516463e-7 4.144393981144481e7
4.637851662404076e-7 4.762332794427328e7
4.647826086956505e-7 5.4718514401783675e7
4.6578005115089347e-7 6.192367246984732e7
4.667774936061364e-7 6.888333133945249e7
4.6777493606137937e-7 7.661755463715483e7
4.687723785166223e-7 8.521173707502234e7
4.6976982097186526e-7 9.476060315889631e7
4.707672634271082e-7 1.0536921770195936e8
4.7176470588235116e-7 1.1671666663950227e8
4.727621483375941e-7 1.2841447929440956e8
4.7375959079283705e-7 1.412711464112827e8
4.7475703324808e-7 1.5540019719176343e8
4.7575447570332294e-7 1.7092616462780938e8
4.767519181585659e-7 1.8798564118346897e8
4.777493606138089e-7 1.996384202005148e8
4.787468030690518e-7 1.9092155417481887e8
4.797442455242948e-7 1.8256844600284284e8
4.807416879795377e-7 1.745647905190391e8
4.817391304347807e-7 1.668968002175098e8
4.827365728900236e-7 1.5955118881246588e8
4.837340153452666e-7 1.527253455753098e8
4.847314578005095e-7 1.4741392380191043e8
4.857289002557525e-7 1.4227457814790267e8
4.867263427109954e-7 1.3730228302856743e8
4.877237851662384e-7 1.3249213592768747e8
4.887212276214813e-7 1.2783935542186323e8
4.897186700767243e-7 1.2341173040638992e8
4.907161125319672e-7 1.2131570215266326e8
4.917135549872102e-7 1.1924506597526959e8
4.927109974424531e-7 1.1719980181869978e8
4.93708439897696e-7 1.151798798227535e8
4.94705882352939e-7 1.131852606195793e8
4.957033248081819e-7 1.1121589562785836e8
4.967007672634249e-7 1.0948954563751383e8
4.976982097186678e-7 1.077992928821034e8
4.986956521739108e-7 1.0612643258903892e8
4.996930946291537e-7 1.0447101915218884e8
5.006905370843967e-7 1.0283309900353438e8
5.016879795396396e-7 1.01212710804247e8
5.026854219948826e-7 1.0614256596488355e8
5.036828644501255e-7 1.1294729461898893e8
5.046803069053685e-7 1.2017876961009143e8
5.056777493606114e-7 1.2786319446552734e8
5.066751918158544e-7 1.3602834959830153e8
5.076726342710973e-7 1.4470368540294436e8
5.086700767263403e-7 1.5444709088468066e8
5.096675191815832e-7 1.6507181334574392e8
5.106649616368261e-7 1.7641397954143524e8
5.116624040920691e-7 1.8852118185988164e8
5.12659846547312e-7 2.014441167237513e8
5.13657289002555e-7 2.1523678380580774e8
5.146547314577979e-7 2.3078033030185223e8
5.156521739130409e-7 2.4803406682643443e8
5.166496163682838e-7 2.6655812310116383e8
5.176470588235268e-7 2.8644466728950024e8
5.186445012787697e-7 3.0779246207948285e8
5.196419437340127e-7 3.3070733028976953e8
5.206393861892556e-7 3.520785154061257e8
5.216368286444986e-7 3.711845200289826e8
5.226342710997415e-7 3.912995404230383e8
5.236317135549845e-7 4.124754919325874e8
5.246291560102274e-7 4.347668953930438e8
5.256265984654704e-7 4.582310048482908e8
5.266240409207133e-7 4.711483664078722e8
5.276214833759563e-7 4.6486466376398426e8
5.286189258311992e-7 4.586333021556175e8
5.296163682864421e-7 4.5245460769240534e8
5.306138107416851e-7 4.463288827690374e8
5.31611253196928e-7 4.402564065120606e8
5.32608695652171e-7 4.371373710015018e8
5.336061381074139e-7 4.4207209755142295e8
5.346035805626569e-7 4.470329005544898e8
5.356010230178998e-7 4.520195817726669e8
5.365984654731428e-7 4.5703193997031516e8
5.375959079283857e-7 4.6206977094763684e8
5.385933503836287e-7 4.656124597151498e8
5.395907928388716e-7 4.609652191981841e8
5.405882352941146e-7 4.563351286899335e8
5.415856777493575e-7 4.517227689563892e8
5.425831202046005e-7 4.4712870537485087e8
5.435805626598434e-7 4.4255348804495007e8
5.445780051150864e-7 4.379763568940253e8
5.455754475703293e-7 4.329912975238859e8
5.465728900255722e-7 4.2803646618133724e8
5.475703324808152e-7 4.231122730794068e8
5.485677749360581e-7 4.182191119595771e8
5.495652173913011e-7 4.1335736030707747e8
5.50562659846544e-7 4.0852737956849205e8
5.51560102301787e-7 4.0881808637515056e8
5.525575447570299e-7 4.094262249333972e8
5.535549872122729e-7 4.1001084069843704e8
5.545524296675158e-7 4.1057196486077756e8
5.555498721227588e-7 4.1110963242114896e8
5.565473145780017e-7 4.116238821450868e8
5.575447570332447e-7 4.18674211714511e8
5.585421994884876e-7 4.27218503041851e8
5.595396419437306e-7 4.3591203689350164e8
5.605370843989735e-7 4.447569772649502e8
5.615345268542165e-7 4.5375551313423806e8
5.625319693094594e-7 4.629098586799555e8
5.635294117647023e-7 4.577444869511232e8
5.645268542199453e-7 4.4712990174706393e8
5.655242966751882e-7 4.367370876374433e8
5.665217391304312e-7 4.2656216433930874e8
5.675191815856741e-7 4.166012959642734e8
5.685166240409171e-7 4.068506912988838e8
5.6951406649616e-7 3.987851337714219e8
5.70511508951403e-7 3.917900115747705e8
5.715089514066459e-7 3.848967964228103e8
5.725063938618889e-7 3.7810454247564894e8
5.735038363171318e-7 3.7141229781836027e8
5.745012787723748e-7 3.648191050021245e8
5.754987212276177e-7 3.6376642558764577e8
5.764961636828607e-7 3.682065572513054e8
5.774936061381036e-7 3.726813829162734e8
5.784910485933466e-7 3.7719095720828295e8
5.794884910485895e-7 3.817353329680337e8
5.804859335038325e-7 3.863145612477106e8
5.814833759590754e-7 3.9297643578876776e8
5.824808184143183e-7 4.0300403034406334e8
5.834782608695613e-7 4.1326654626922274e8
5.844757033248042e-7 4.237690242359909e8
5.854731457800472e-7 4.345166039416934e8
5.864705882352901e-7 4.4551452589561e8
5.874680306905331e-7 4.5029700952982306e8
5.88465473145776e-7 4.3881221242358166e8
5.89462915601019e-7 4.275993224804634e8
5.904603580562619e-7 4.1665258544785935e8
5.914578005115049e-7 4.059663466750243e8
5.924552429667478e-7 3.955350501260998e8
5.934526854219908e-7 3.8555249542973346e8
5.944501278772337e-7 3.76741081084236e8
5.954475703324767e-7 3.6811350587910855e8
5.964450127877196e-7 3.5966646013484275e8
5.974424552429626e-7 3.5139667791397744e8
5.984398976982055e-7 3.433009369445571e8
5.994373401534484e-7 3.3727464223462516e8
6.004347826086914e-7 3.6061744607066965e8
6.014322250639343e-7 3.855579942896989e8
6.024296675191773e-7 4.122045004772245e8
6.034271099744202e-7 4.406724343962551e8
6.044245524296632e-7 4.7108500394817734e8
6.054219948849061e-7 5.035736688594502e8
6.064194373401491e-7 5.468949292827598e8
6.07416879795392e-7 5.943804261674166e8
6.08414322250635e-7 6.45960163308068e8
6.094117647058779e-7 7.019847922877107e8
6.104092071611209e-7 7.628348047199953e8
6.114066496163638e-7 8.289230561380978e8
6.124040920716068e-7 8.905008021972697e8
6.134015345268497e-7 9.545965258762339e8
6.143989769820927e-7 1.0232613994864367e9
6.153964194373356e-7 1.0968181653647735e9
6.163938618925785e-7 1.1756121648140166e9
6.173913043478215e-7 1.2600129074739664e9
6.183887468030644e-7 1.3294936715912025e9
6.193861892583074e-7 1.3948465790782435e9
6.203836317135503e-7 1.4633505247760372e9
6.213810741687933e-7 1.5351546846070094e9
6.223785166240362e-7 1.6104151760650783e9
6.233759590792792e-7 1.6892953760439289e9
6.243734015345221e-7 1.60064084024688e9
6.253708439897651e-7 1.4268143361755157e9
6.26368286445008e-7 1.271813187418483e9
6.27365728900251e-7 1.1336044932314146e9
6.283631713554939e-7 1.0103742152300781e9
6.293606138107369e-7 9.005036897791771e8
6.303580562659798e-7 8.023522281903554e8
6.313554987212228e-7 7.147060864502959e8
6.323529411764657e-7 6.366088869825826e8
6.333503836317087e-7 5.67023156755656e8
6.343478260869516e-7 5.050238153008981e8
6.353452685421945e-7 4.497860359905315e8
6.363427109974375e-7 3.973895211567391e8
6.373401534526804e-7 3.47010973173098e8
6.383375959079234e-7 3.0300744217145336e8
6.393350383631663e-7 2.6457374955282128e8
6.403324808184093e-7 2.3100621182416925e8
6.413299232736522e-7 2.0168987313118643e8
6.423273657288952e-7 1.7746327208078194e8
6.433248081841381e-7 1.5904596502962953e8
6.443222506393811e-7 1.4253469434758922e8
6.45319693094624e-7 1.2773277911851779e8
6.46317135549867e-7 1.1446377108430982e8
6.473145780051099e-7 1.0256938005820744e8
6.483120204603529e-7 9.293130221631372e7
6.493094629155958e-7 8.833567823918352e7
6.503069053708388e-7 8.396426497676998e7
6.513043478260817e-7 7.980629054273695e7
6.523017902813246e-7 7.585149149859618e7
6.532992327365676e-7 7.209008934444499e7
6.542966751918105e-7 6.844826446426605e7
6.552941176470535e-7 6.4269783246926956e7
6.562915601022964e-7 6.034424885496866e7
6.572890025575394e-7 5.66564897866379e7
6.582864450127823e-7 5.319223525549342e7
6.592838874680253e-7 4.9938062321799956e7
6.602813299232682e-7 4.688134608763895e7
6.612787723785112e-7 4.417805860771194e7
6.622762148337541e-7 4.163433071145188e7
6.632736572889971e-7 3.923572626560054e7
6.6427109974424e-7 3.697404969554373e7
6.65268542199483e-7 3.4841563030107856e7
6.662659846547259e-7 3.283096067494157e7
6.672634271099689e-7 3.0825505688980304e7
6.682608695652118e-7 2.8924744805631973e7
6.692583120204548e-7 2.7140285691049416e7
6.702557544756977e-7 2.5465072255180415e7
6.712531969309406e-7 2.389247252523021e7
6.722506393861836e-7 2.241625341599726e7
6.732480818414265e-7 1.4922923303381488e7
6.742455242966695e-7 8.860638999626743e6
6.752429667519124e-7 5.260925143138779e6
6.762404092071554e-7 3.1235266020944715e6
6.772378516623983e-7 1.8544467466623725e6
6.782352941176413e-7 1.1009552262211465e6
6.792327365728842e-7 653519.1757012019
6.802301790281272e-7 387885.5909721473
6.812276214833701e-7 230215.88080848468
6.822250639386131e-7 136632.27289014732
6.83222506393856e-7 81088.21680052725
6.84219948849099e-7 48122.558709103694
6.852173913043419e-7 28334.619242569912
6.862148337595849e-7 16567.800710821888
6.872122762148278e-7 9687.216970316746
6.882097186700707e-7 5663.956844168887
6.892071611253137e-7 3311.522017355231
6.902046035805566e-7 1936.075188900234
6.912020460357996e-7 1135.9093949532319
6.921994884910425e-7 669.6725294224386
6.931969309462855e-7 394.7919713419514
6.941943734015284e-7 232.73474967113305
6.951918158567714e-7 137.19595372482632
6.961892583120143e-7 80.87393595386709
6.971867007672573e-7 47.54586608868378
6.981841432225002e-7 27.78903595624483
6.991815856777432e-7 16.24132934004171
7.001790281329861e-7 9.4919861353797
7.011764705882291e-7 5.547280188239033
7.02173913043472e-7 3.2418330760803844
7.03171355498715e-7 1.899601461453611
7.041687979539579e-7 1.1249326580593129
7.051662404092008e-7 0.6661595481008091
7.061636828644438e-7 0.39447341932795155
7.071611253196867e-7 0.23358504864544932
7.081585677749297e-7 0.13831210751923811
7.091560102301726e-7 0.08177391240477813
7.101534526854156e-7 0.04765281290327664
7.111508951406585e-7 0.02776836602831086
7.121483375959015e-7 0.016180807053494478
7.131457800511444e-7 0.009428403377419925
7.141432225063874e-7 0.005493691946608496
7.151406649616303e-7 0.00320094841380161
7.161381074168733e-7 0.0018835026898969295
7.171355498721162e-7 0.001108434803211577
7.181329923273592e-7 0.0006522925776186835
7.191304347826021e-7 0.0003838514134554288
7.201278772378451e-7 0.00022587716339227988
7.21125319693088e-7 0.000132913786001946
7.22122762148331e-7 0.0000750504542600612
7.231202046035739e-7 0.00004212769266060711
7.241176470588168e-7 0.00002364670808724294
7.251150895140598e-7 0.000013272796125054272
7.261125319693027e-7 7.4497709701597815e-6
7.271099744245457e-7 4.181308691174284e-6
7.281074168797886e-7 2.346652520633294e-6
7.291048593350316e-7 1.31694498101637e-6
7.301023017902745e-7 7.390527368145807e-7
7.310997442455175e-7 4.147364702836198e-7
7.320971867007604e-7 2.327330550803643e-7
7.330946291560034e-7 1.3059694133207798e-7
7.340920716112463e-7 7.311681424058504e-8
7.350895140664893e-7 4.0886267032284994e-8
7.360869565217322e-7 2.2862666908707842e-8
7.370843989769752e-7 1.2783965517575738e-8
7.380818414322181e-7 7.148149219066006e-9
7.390792838874611e-7 3.9967868855729395e-9
7.40076726342704e-7 2.240759294075589e-9
7.41074168797947e-7 1.2590542800200378e-9
7.420716112531899e-7 7.074295477785169e-10
7.430690537084328e-7 3.974765165248245e-10
7.440664961636758e-7 2.2332088276303425e-10
7.450639386189187e-7 1.2546911107110105e-10
7.460613810741617e-7 7.020273763709933e-11
7.470588235294046e-7 3.907261787146568e-11
7.480562659846476e-7 2.174606710338525e-11
7.490537084398905e-7 1.2102601453358962e-11
7.500511508951335e-7 6.735449374076655e-12
7.510485933503764e-7 3.748385923645696e-12
7.520460358056194e-7 2.0881001761489398e-12
7.530434782608623e-7 1.1655959403891194e-12
7.540409207161053e-7 6.506309581702862e-13
7.550383631713482e-7 3.6317125273359486e-13
7.560358056265912e-7 2.0271145330018557e-13
7.570332480818341e-7 1.1314496534521812e-13
7.58030690537077e-7 6.318704690302979e-14
7.5902813299232e-7 3.53580772746954e-14
7.600255754475629e-7 1.978515539882544e-14
7.610230179028059e-7 1.107083998117912e-14
7.620204603580488e-7 6.194581957948123e-15
7.630179028132918e-7 3.4660417862333042e-15
7.640153452685347e-7 1.939136462804717e-15
7.650127877237777e-7 1.0840944409900514e-15
7.660102301790206e-7 6.060610017917448e-16
7.670076726342636e-7 3.3880988818598047e-16
7.680051150895065e-7 1.8940278808994879e-16
7.690025575447495e-7 1.0587837083474381e-16
7.699999999999924e-7 5.918596891265039e-17
