3.8e-7 24.913041147386735
3.8099744245524296e-7 29.14764110795509
3.819948849104859e-7 34.095714415741895
3.8299232736572886e-7 39.8764532981167
3.839897698209718e-7 46.628799066802934
3.8498721227621475e-7 54.51468848351299
3.859846547314577e-7 63.72282969164152
3.8698209718670064e-7 75.3803327787478
3.879795396419436e-7 89.28741983105766
3.8897698209718654e-7 105.74175592447301
3.899744245524295e-7 125.20664397550371
3.9097186700767243e-7 148.2290852300502
3.919693094629154e-7 175.45480115649815
3.9296675191815833e-7 207.99695416698336
3.939641943734013e-7 246.64993180652704
3.949616368286442e-7 292.43712027438045
3.9595907928388717e-7 346.6666207970418
3.969565217391301e-7 410.8848559763835
3.9795396419437306e-7 486.9197219837398
3.98951406649616e-7 576.6203075122494
3.9994884910485896e-7 682.5559527032273
4.009462915601019e-7 807.8250312420173
4.0194373401534485e-7 955.9333171500215
4.029411764705878e-7 1131.018353889263
4.0393861892583075e-7 1337.96262218179
4.049360613810737e-7 1547.4395261188415
4.0593350383631664e-7 1758.5030940939064
4.069309462915596e-7 1998.0500736911806
4.0792838874680254e-7 2269.8850870828524
4.089258312020455e-7 2578.31594794206
4.0992327365728843e-7 2928.219581529552
4.109207161125314e-7 3324.7100626342
4.119181585677743e-7 3773.7752886737976
4.1291560102301727e-7 4282.870635490299
4.139130434782602e-7 4859.941067993632
4.1491048593350317e-7 5513.972995361591
4.159079283887461e-7 6255.129527636492
4.1690537084398906e-7 7101.112177925309
4.17902813299232e-7 8073.84941835334
4.1890025575447495e-7 9178.554629984188
4.198976982097179e-7 10432.965390869678
4.2089514066496085e-7 11857.18204542135
4.218925831202038e-7 13473.979732852018
4.2289002557544674e-7 15309.423007081403
4.238874680306897e-7 17393.522289608194
4.2488491048593264e-7 19758.69232658869
4.258823529411756e-7 22442.49919429831
4.2687979539641853e-7 25487.48637289268
4.278772378516615e-7 28941.828748162545
4.2887468030690443e-7 33001.222587468095
4.298721227621474e-7 38771.15224604025
4.308695652173903e-7 45544.06137916073
4.3186700767263327e-7 53493.3214323379
4.328644501278762e-7 62822.11016180013
4.3386189258311916e-7 73768.5092047474
4.348593350383621e-7 86608.69339260094
4.3585677749360506e-7 101466.20339873577
4.36854219948848e-7 118857.88425743373
4.3785166240409095e-7 139213.5828585301
4.388491048593339e-7 163035.66655738352
4.3984654731457685e-7 190911.1949854301
4.408439897698198e-7 223526.1245663077
4.4184143222506274e-7 262706.90661734215
4.428388746803057e-7 308843.99394011276
4.4383631713554863e-7 363041.2792686594
4.448337595907916e-7 426699.74558132107
4.4583120204603453e-7 501462.6932452754
4.468286445012775e-7 589257.4530704424
4.478260869565204e-7 691248.0458819732
4.4882352941176337e-7 810472.372806753
4.498209718670063e-7 950153.4031455272
4.5081841432224926e-7 1.1137835103720492e6
4.518158567774922e-7 1.305448392913785e6
4.5281329923273516e-7 1.5299274021652786e6
4.538107416879781e-7 1.829007890660275e6
4.5480818414322105e-7 2.2062723950582277e6
4.55805626598464e-7 2.661067100381024e6
4.5680306905370695e-7 3.2092679157650983e6
4.578005115089499e-7 3.869990383824395e6
4.5879795396419284e-7 4.6662485332909245e6
4.597953964194358e-7 5.562915686545514e6
4.6079283887467874e-7 6.577067953794794e6
4.617902813299217e-7 7.775299945107483e6
4.6278772378516463e-7 9.190883078183873e6
4.637851662404076e-7 1.0863077822792063e7
4.647826086956505e-7 1.2838207501152577e7
4.6578005115089347e-7 1.5270009726128418e7
4.667774936061364e-7 1.8295105413874045e7
4.6777493606137937e-7 2.1917308750767313e7
4.687723785166223e-7 2.6254062973058615e7
4.6976982097186526e-7 3.1445831674871802e7
4.707672634271082e-7 3.766059609241086e7
4.7176470588235116e-7 4.508262765003273e7
4.727621483375941e-7 5.392675907415925e7
4.7375959079283705e-7 6.44997119612031e7
4.7475703324808e-7 7.71382623536623e7
4.7575447570332294e-7 9.224457068962628e7
4.767519181585659e-7 1.1029883480018051e8
4.777493606138089e-7 1.2640155575155506e8
4.787468030690518e-7 1.2754678261261624e8
4.797442455242948e-7 1.2869050880493058e8
4.807416879795377e-7 1.2983258460083362e8
4.817391304347807e-7 1.3097286076487526e8
4.827365728900236e-7 1.3211118859132093e8
4.837340153452666e-7 1.3331161584849453e8
4.847314578005095e-7 1.349074392072362e8
4.857289002557525e-7 1.365102353738983e8
4.867263427109954e-7 1.3811987734364012e8
4.877237851662384e-7 1.397362368353885e8
4.887212276214813e-7 1.413591843217583e8
4.897186700767243e-7 1.4297982494945285e8
4.907161125319672e-7 1.443320816816554e8
4.917135549872102e-7 1.4568465756418186e8
4.927109974424531e-7 1.4703740065437293e8
4.93708439897696e-7 1.4839015906475136e8
4.94705882352939e-7 1.497427809987249e8
4.957033248081819e-7 1.510951147860027e8
4.967007672634249e-7 1.5269765424694905e8
4.976982097186678e-7 1.543259457502922e8
4.986956521739108e-7 1.5595881402103263e8
4.996930946291537e-7 1.5759611700023803e8
5.006905370843967e-7 1.5923771186484858e8
5.016879795396396e-7 1.6088345505939445e8
5.026854219948826e-7 1.6608544710864383e8
5.036828644501255e-7 1.7229950991081747e8
5.046803069053685e-7 1.787319420324824e8
5.056777493606114e-7 1.853899481222955e8
5.066751918158544e-7 1.9228095613379878e8
5.076726342710973e-7 1.9941262383938593e8
5.086700767263403e-7 2.0693188890607575e8
5.096675191815832e-7 2.1477915771673897e8
5.106649616368261e-7 2.2290701329982847e8
5.116624040920691e-7 2.313249158773225e8
5.12659846547312e-7 2.400426267202892e8
5.13657289002555e-7 2.49070217209451e8
5.146547314577979e-7 2.5995210239568698e8
5.156521739130409e-7 2.723901801954662e8
5.166496163682838e-7 2.854023888481373e8
5.176470588235268e-7 2.9901432367652684e8
5.186445012787697e-7 3.1325268362711537e8
5.196419437340127e-7 3.2814531737248826e8
5.206393861892556e-7 3.4328911394055873e8
5.216368286444986e-7 3.586255221859928e8
5.226342710997415e-7 3.7462047108188945e8
5.236317135549845e-7 3.913011706599154e8
5.246291560102274e-7 4.086959144237371e8
5.256265984654704e-7 4.268341210030478e8
5.266240409207133e-7 4.395108089244309e8
5.276214833759563e-7 4.42031196386953e8
5.286189258311992e-7 4.445355396002448e8
5.296163682864421e-7 4.4702357945493287e8
5.306138107416851e-7 4.4949506034644884e8
5.31611253196928e-7 4.5194973020857424e8
5.32608695652171e-7 4.545241245042261e8
5.336061381074139e-7 4.5746322465242296e8
5.346035805626569e-7 4.6039081422955245e8
5.356010230178998e-7 4.633066049292265e8
5.365984654731428e-7 4.6621031094713706e8
5.375959079283857e-7 4.691016490246749e8
5.385933503836287e-7 4.71868502282048e8
5.395907928388716e-7 4.740141194754022e8
5.405882352941146e-7 4.761389905321355e8
5.415856777493575e-7 4.7824292199068356e8
5.425831202046005e-7 4.803257245467125e8
5.435805626598434e-7 4.8238721306379926e8
5.445780051150864e-7 4.8435586847657984e8
5.455754475703293e-7 4.848481831792437e8
5.465728900255722e-7 4.853109387146151e8
5.475703324808152e-7 4.857442169926924e8
5.485677749360581e-7 4.861481046828411e8
5.495652173913011e-7 4.8652269314313084e8
5.50562659846544e-7 4.868680783491049e8
5.51560102301787e-7 4.7844285630413616e8
5.525575447570299e-7 4.695681305086962e8
5.535549872122729e-7 4.608305685124436e8
5.545524296675158e-7 4.5222879752420866e8
5.555498721227588e-7 4.4376143693524694e8
5.565473145780017e-7 4.354270991396333e8
5.575447570332447e-7 4.264289998700284e8
5.585421994884876e-7 4.174311628314363e8
5.595396419437306e-7 4.085996294174955e8
5.605370843989735e-7 3.9993201399755776e8
5.615345268542165e-7 3.914259445625891e8
5.625319693094594e-7 3.830790633584348e8
5.635294117647023e-7 3.73968182982433e8
5.645268542199453e-7 3.647023698138432e8
5.655242966751882e-7 3.5564629121573156e8
5.665217391304312e-7 3.467958414065525e8
5.675191815856741e-7 3.381469741703674e8
5.685166240409171e-7 3.2969570269965434e8
5.6951406649616e-7 3.214304984029683e8
5.70511508951403e-7 3.1335072549922466e8
5.715089514066459e-7 3.054575501399251e8
5.725063938618889e-7 2.977471998547256e8
5.735038363171318e-7 2.9021596095722806e8
5.745012787723748e-7 2.828601782202414e8
5.754987212276177e-7 2.839258748893499e8
5.764961636828607e-7 2.9350864754089975e8
5.774936061381036e-7 3.033989713140491e8
5.784910485933466e-7 3.136062438087502e8
5.794884910485895e-7 3.2414013655933124e8
5.804859335038325e-7 3.3501060267260766e8
5.814833759590754e-7 3.467737202528231e8
5.824808184143183e-7 3.59814714525391e8
5.834782608695613e-7 3.7332720860382015e8
5.844757033248042e-7 3.873276159282889e8
5.854731457800472e-7 4.018329010979975e8
5.864705882352901e-7 4.168605977638794e8
5.874680306905331e-7 4.302653303541759e8
5.88465473145776e-7 4.384233547111783e8
5.89462915601019e-7 4.4671410772826314e8
5.904603580562619e-7 4.551393925629482e8
5.914578005115049e-7 4.637010321421077e8
5.924552429667478e-7 4.724008693311181e8
5.934526854219908e-7 4.8265814030147403e8
5.944501278772337e-7 5.001516291116835e8
5.954475703324767e-7 5.1825446335540736e8
5.964450127877196e-7 5.369870731592343e8
5.974424552429626e-7 5.563705492612087e8
5.984398976982055e-7 5.76426663659414e8
5.994373401534484e-7 5.973309520176185e8
6.004347826086914e-7 6.213485510841153e8
6.014322250639343e-7 6.463019951576186e8
6.024296675191773e-7 6.722266735302714e8
6.034271099744202e-7 6.991592764274536e8
6.044245524296632e-7 7.271378415817298e8
6.054219948849061e-7 7.562018024336889e8
6.064194373401491e-7 7.872636991742368e8
6.07416879795392e-7 8.1960942330737e8
6.08414322250635e-7 8.532460643084394e8
6.094117647058779e-7 8.882237385814945e8
6.104092071611209e-7 9.245944581229038e8
6.114066496163638e-7 9.624122004936719e8
6.124040920716068e-7 9.994123563615022e8
6.134015345268497e-7 1.0373442251615934e9
6.143989769820927e-7 1.0766691770003612e9
6.153964194373356e-7 1.1174367951670253e9
6.163938618925785e-7 1.1596983763298068e9
6.173913043478215e-7 1.2035069881309135e9
6.183887468030644e-7 1.241464149913773e9
6.193861892583074e-7 1.2777948834306457e9
6.203836317135503e-7 1.3151335756059895e9
6.213810741687933e-7 1.3535067776610606e9
6.223785166240362e-7 1.3929417064615505e9
6.233759590792792e-7 1.4334662604526215e9
6.243734015345221e-7 1.3391358812486975e9
6.253708439897651e-7 1.1804411330568485e9
6.26368286445008e-7 1.0405101251107208e9
6.27365728900251e-7 9.171294984086087e8
6.283631713554939e-7 8.083463374760044e8
6.293606138107369e-7 7.124376032168547e8
6.303580562659798e-7 6.291944255584098e8
6.313554987212228e-7 5.567455372315373e8
6.323529411764657e-7 4.9261929868984526e8
6.333503836317087e-7 4.358619733104831e8
6.343478260869516e-7 3.85628838629754e8
6.353452685421945e-7 3.411717591783471e8
6.363427109974375e-7 3.027870009032139e8
6.373401534526804e-7 2.6995898551008916e8
6.383375959079234e-7 2.4068090635033056e8
6.393350383631663e-7 2.1456992969756523e8
6.403324808184093e-7 1.912843893344127e8
6.413299232736522e-7 1.7051937298079425e8
6.423273657288952e-7 1.519387711468265e8
6.433248081841381e-7 1.3524273335387456e8
6.443222506393811e-7 1.2037686589990407e8
6.45319693094624e-7 1.0714106616824077e8
6.46317135549867e-7 9.535705097206882e7
6.473145780051099e-7 8.486598405801784e7
6.483120204603529e-7 7.618525247606666e7
6.493094629155958e-7 7.101321464704987e7
6.503069053708388e-7 6.618988890552409e7
6.513043478260817e-7 6.1691939391053185e7
6.523017902813246e-7 5.749757916787318e7
6.532992327365676e-7 5.358646833361899e7
6.542966751918105e-7 4.9939570552526206e7
6.552941176470535e-7 4.6538685049065694e7
6.562915601022964e-7 4.3367867660497725e7
6.572890025575394e-7 4.041166624311648e7
6.582864450127823e-7 3.765565833634262e7
6.592838874680253e-7 3.508638313722217e7
6.602813299232682e-7 3.2691277926457603e7
6.612787723785112e-7 3.0456122390019637e7
6.622762148337541e-7 2.8372738208575383e7
6.632736572889971e-7 2.64309662727215e7
6.6427109974424e-7 2.4621247081331197e7
6.65268542199483e-7 2.293466161398892e7
6.662659846547259e-7 2.1362888770477023e7
6.672634271099689e-7 1.992618738326009e7
6.682608695652118e-7 1.858976657884468e7
6.692583120204548e-7 1.7342400681555036e7
6.702557544756977e-7 1.617819680861653e7
6.712531969309406e-7 1.5091649048378142e7
6.722506393861836e-7 1.4077613260693489e7
6.732480818414265e-7 1.1115855874860324e7
6.742455242966695e-7 8.302736212354849e6
6.752429667519124e-7 6.201339621559417e6
6.762404092071554e-7 4.6316507096451605e6
6.772378516623983e-7 3.459171980354367e6
6.782352941176413e-7 2.5834177691522357e6
6.792327365728842e-7 1.9280702969997898e6
6.802301790281272e-7 1.4384011174792063e6
6.812276214833701e-7 1.0730586996181803e6
6.822250639386131e-7 800485.242629643
6.83222506393856e-7 597131.0067066104
6.84219948849099e-7 445422.7757883139
6.852173913043419e-7 332069.53410888766
6.862148337595849e-7 247438.28889833632
6.872122762148278e-7 184370.51076087495
6.882097186700707e-7 137373.43487332758
6.892071611253137e-7 102353.0665044464
6.902046035805566e-7 76258.07204038612
6.912020460357996e-7 56740.29170862632
6.921994884910425e-7 42141.351976957325
6.931969309462855e-7 31297.69832694729
6.941943734015284e-7 23243.60189609908
6.951918158567714e-7 17261.62217565841
6.961892583120143e-7 12818.78876026274
6.971867007672573e-7 9415.349047539254
6.981841432225002e-7 6750.471511166428
6.991815856777432e-7 4839.70808334871
7.001790281329861e-7 3469.6978363586227
7.011764705882291e-7 2487.4343556464364
7.02173913043472e-7 1783.1962457290615
7.03171355498715e-7 1275.5698808286024
7.041687979539579e-7 904.7916603345105
7.051662404092008e-7 641.7717911852772
7.061636828644438e-7 455.1980725858839
7.071611253196867e-7 322.85536957673656
7.081585677749297e-7 228.98312326296082
7.091560102301726e-7 162.56906368070275
7.101534526854156e-7 116.57904520895652
7.111508951406585e-7 83.5970789018323
7.121483375959015e-7 59.94456056088429
7.131457800511444e-7 42.98298586830991
7.141432225063874e-7 30.81992333229657
7.151406649616303e-7 22.09809064497647
7.161381074168733e-7 15.841646276186442
7.171355498721162e-7 11.356203104600961
7.181329923273592e-7 8.140561565331303
7.191304347826021e-7 5.835310945349674
7.201278772378451e-7 4.182751993291998
7.21125319693088e-7 2.998118189460951
7.22122762148331e-7 2.141323737248601
7.231202046035739e-7 1.528566374122133
7.241176470588168e-7 1.091126090330674
7.251150895140598e-7 0.7788508460306118
7.261125319693027e-7 0.5559329508086057
7.271099744245457e-7 0.3968070210451434
7.281074168797886e-7 0.2837686732070957
7.291048593350316e-7 0.20304644463841628
7.301023017902745e-7 0.14528316156311546
7.310997442455175e-7 0.10394992358487412
7.320971867007604e-7 0.07437416662781945
7.330946291560034e-7 0.053211946062406645
7.340920716112463e-7 0.037921745741887766
7.350895140664893e-7 0.026969182780566658
7.360869565217322e-7 0.01917946459665467
7.370843989769752e-7 0.013639374228381485
7.380818414322181e-7 0.009699329859704559
7.390792838874611e-7 0.00689728823749031
7.40076726342704e-7 0.00487603772559482
7.41074168797947e-7 0.003430384456795134
7.420716112531899e-7 0.002413281752598117
7.430690537084328e-7 0.0016977072381912847
7.440664961636758e-7 0.0011942827313655819
7.450639386189187e-7 0.0008401196242181424
7.460613810741617e-7 0.0005955066892686358
7.470588235294046e-7 0.00042627792751843
7.480562659846476e-7 0.00030513273318808084
7.490537084398905e-7 0.00021841101995941477
7.500511508951335e-7 0.0001563328088349565
7.510485933503764e-7 0.00011189626560704771
7.520460358056194e-7 0.0000800390795506865
7.530434782608623e-7 0.00005717786806848725
7.540409207161053e-7 0.00004084546385938016
7.550383631713482e-7 0.00002917761228854419
7.560358056265912e-7 0.000020842305084945437
7.570332480818341e-7 0.000014887846133250855
7.58030690537077e-7 0.000010604402992002094
7.5902813299232e-7 7.477677430435606e-6
7.600255754475629e-7 5.272753554820718e-6
7.610230179028059e-7 3.717906830078551e-6
7.620204603580488e-7 2.621499947561768e-6
7.630179028132918e-7 1.8483812977482107e-6
7.640153452685347e-7 1.3038193211588242e-6
7.650127877237777e-7 9.23020298315462e-7
7.660102301790206e-7 6.534247317584612e-7
7.670076726342636e-7 4.625624772635622e-7
7.680051150895065e-7 3.274430566324067e-7
7.690025575447495e-7 2.3178843473711933e-7
7.699999999999924e-7 1.640734721599196e-7
