3.8e-7 0.14535296312658752
3.8099744245524296e-7 0.1807733513196861
3.819948849104859e-7 0.22478361034703292
3.8299232736572886e-7 0.2794571485737507
3.839897698209718e-7 0.347365578840334
3.8498721227621475e-7 0.4316979011756746
3.859846547314577e-7 0.5364080750712238
3.8698209718670064e-7 0.6663977157232196
3.879795396419436e-7 0.8277422397200043
3.8897698209718654e-7 1.0279707511610185
3.899744245524295e-7 1.2764123869288442
3.9097186700767243e-7 1.584624838087863
3.919693094629154e-7 1.9669244667231458
3.9296675191815833e-7 2.441042008689738
3.939641943734013e-7 3.028933495845712
3.949616368286442e-7 3.7577829968438894
3.9595907928388717e-7 4.661242372217569
3.969565217391301e-7 5.780963847909907
3.9795396419437306e-7 7.168494300652871
3.98951406649616e-7 8.887616296785104
3.9994884910485896e-7 11.017240845528956
4.009462915601019e-7 13.654981396053147
4.0194373401534485e-7 16.92156890599122
4.029411764705878e-7 20.96630516921294
4.0393861892583075e-7 25.97379765277133
4.049360613810737e-7 32.34406763469119
4.0593350383631664e-7 40.437657395685775
4.069309462915596e-7 50.54883147744566
4.0792838874680254e-7 63.178676688828254
4.089258312020455e-7 78.95228240648406
4.0992327365728843e-7 98.64932000086228
4.109207161125314e-7 123.24213766530428
4.119181585677743e-7 153.9432115971341
4.1291560102301727e-7 192.26424398903634
4.139130434782602e-7 240.08975721501264
4.1491048593350317e-7 299.76872849087835
4.159079283887461e-7 374.22867313252647
4.1690537084398906e-7 467.1176582792034
4.17902813299232e-7 582.9810634451919
4.1890025575447495e-7 727.481562646893
4.198976982097179e-7 907.6728635019875
4.2089514066496085e-7 1132.3402989042438
4.218925831202038e-7 1412.4245473977526
4.2289002557544674e-7 1761.5487090706665
4.238874680306897e-7 2196.673870629225
4.2488491048593264e-7 2738.9143870447983
4.258823529411756e-7 3414.551674070095
4.2687979539641853e-7 4256.294701136055
4.278772378516615e-7 5304.847038191221
4.2887468030690443e-7 6553.41526453336
4.298721227621474e-7 7615.12400921976
4.308695652173903e-7 8847.705143870036
4.3186700767263327e-7 10278.483953759809
4.328644501278762e-7 11939.128620044901
4.3386189258311916e-7 13866.336354701887
4.348593350383621e-7 16102.627317494285
4.3585677749360506e-7 18697.26315250998
4.36854219948848e-7 21707.309598150325
4.3785166240409095e-7 25198.865645245587
4.388491048593339e-7 29248.48520543952
4.3984654731457685e-7 33944.82127787116
4.408439897698198e-7 39390.52724919761
4.4184143222506274e-7 45704.45532551835
4.428388746803057e-7 53024.198284713486
4.4383631713554863e-7 61509.027880826434
4.448337595907916e-7 71343.29147447432
4.4583120204603453e-7 82740.33797322014
4.468286445012775e-7 95947.05513739154
4.478260869565204e-7 111249.1129635854
4.4882352941176337e-7 128977.02245766392
4.498209718670063e-7 149513.13594826648
4.5081841432224926e-7 173299.73451273417
4.518158567774922e-7 200848.37048379076
4.5281329923273516e-7 232750.6588312413
4.538107416879781e-7 272062.3316004838
4.5480818414322105e-7 319247.19843959704
4.55805626598464e-7 374575.1106217479
4.5680306905370695e-7 439444.66078030097
4.578005115089499e-7 515493.54429810215
4.5879795396419284e-7 604639.25362058
4.597953964194358e-7 709126.6686714132
4.6079283887467874e-7 831583.7071153405
4.617902813299217e-7 975086.3938074264
4.6278772378516463e-7 1.1432349371087665e6
4.637851662404076e-7 1.340242666297447e6
4.647826086956505e-7 1.5710399954293775e6
4.6578005115089347e-7 1.8413959421340108e6
4.667774936061364e-7 2.158060153625055e6
4.6777493606137937e-7 2.528928886763461e6
4.687723785166223e-7 2.963238966101334e6
4.6976982097186526e-7 3.471794417184282e6
4.707672634271082e-7 4.067231257993372e6
4.7176470588235116e-7 4.764326847913238e6
4.727621483375941e-7 5.580361262752706e6
4.7375959079283705e-7 6.535539411448262e6
4.7475703324808e-7 7.653484064665316e6
4.7575447570332294e-7 8.961811661976231e6
4.767519181585659e-7 1.0492804742714943e7
4.777493606138089e-7 1.2060007203525392e7
4.787468030690518e-7 1.3114917914870294e7
4.797442455242948e-7 1.4260787470041594e7
4.807416879795377e-7 1.5505351403214067e7
4.817391304347807e-7 1.685699449587185e7
4.827365728900236e-7 1.8324804586914647e7
4.837340153452666e-7 1.9918630789425176e7
4.847314578005095e-7 2.16491464708799e7
4.857289002557525e-7 2.352791738216083e7
4.867263427109954e-7 2.5567475351566136e7
4.877237851662384e-7 2.778139799330277e7
4.887212276214813e-7 3.018439491586102e7
4.897186700767243e-7 3.2792400954433266e7
4.907161125319672e-7 3.562267699336274e7
4.917135549872102e-7 3.8693918989734896e7
4.927109974424531e-7 4.202637585791688e7
4.93708439897696e-7 4.564197692738181e7
4.94705882352939e-7 4.956446974282526e7
4.957033248081819e-7 5.381956903672385e7
4.967007672634249e-7 5.843511777043072e7
4.976982097186678e-7 6.344126121104769e7
4.986956521739108e-7 6.887063508804101e7
4.996930946291537e-7 7.475856895633398e7
5.006905370843967e-7 8.114330598186287e7
5.016879795396396e-7 8.806624046184999e7
5.026854219948826e-7 9.5585518506182e7
5.036828644501255e-7 1.0374190004224098e8
5.046803069053685e-7 1.125853715395431e8
5.056777493606114e-7 1.2217310440026066e8
5.066751918158544e-7 1.3256697148000947e8
5.076726342710973e-7 1.438339293937031e8
5.086700767263403e-7 1.5604643157880652e8
5.096675191815832e-7 1.6928287456550124e8
5.106649616368261e-7 1.8362808009646177e8
5.116624040920691e-7 1.9917381594726464e8
5.12659846547312e-7 2.160193585230309e8
5.13657289002555e-7 2.3427210054898122e8
5.146547314577979e-7 2.5404820743363363e8
5.156521739130409e-7 2.7547332616464514e8
5.166496163682838e-7 2.986833509006378e8
5.176470588235268e-7 3.238252497491686e8
5.186445012787697e-7 3.510579575733613e8
5.196419437340127e-7 3.805533400494079e8
5.206393861892556e-7 4.1249723460641426e8
5.216368286444986e-7 4.4709057432106066e8
5.226342710997415e-7 4.845506013148173e8
5.236317135549845e-7 5.251121767136131e8
5.246291560102274e-7 5.690291947816876e8
5.256265984654704e-7 6.165761094359756e8
5.266240409207133e-7 6.45123928023989e8
5.276214833759563e-7 6.367863289376794e8
5.286189258311992e-7 6.285133658733773e8
5.296163682864421e-7 6.203055715094548e8
5.306138107416851e-7 6.121634468193945e8
5.31611253196928e-7 6.040874616176276e8
5.32608695652171e-7 5.960780551073393e8
5.336061381074139e-7 5.881356364298002e8
5.346035805626569e-7 5.802605852148912e8
5.356010230178998e-7 5.724532521323874e8
5.365984654731428e-7 5.64713959443654e8
5.375959079283857e-7 5.570430015533901e8
5.385933503836287e-7 5.494406455610535e8
5.395907928388716e-7 5.419071318116692e8
5.405882352941146e-7 5.3444267444564635e8
5.415856777493575e-7 5.270474619473235e8
5.425831202046005e-7 5.197216576919318e8
5.435805626598434e-7 5.124654004906732e8
5.445780051150864e-7 5.052788051336322e8
5.455754475703293e-7 4.981619629302718e8
5.465728900255722e-7 4.911149422472231e8
5.475703324808152e-7 4.84137789043138e8
5.485677749360581e-7 4.772305274003526e8
5.495652173913011e-7 4.70393160053151e8
5.50562659846544e-7 4.636256689123752e8
5.51560102301787e-7 4.569542188347096e8
5.525575447570299e-7 4.503535113988844e8
5.535549872122729e-7 4.4382170943662804e8
5.545524296675158e-7 4.3735872942725897e8
5.555498721227588e-7 4.309644695607338e8
5.565473145780017e-7 4.246388102309826e8
5.575447570332447e-7 4.183816145244973e8
5.585421994884876e-7 4.1219272870405096e8
5.595396419437306e-7 4.060719826873908e8
5.605370843989735e-7 4.000191905207845e8
5.615345268542165e-7 3.940341508472889e8
5.625319693094594e-7 3.881166473696098e8
5.635294117647023e-7 3.822664493074758e8
5.645268542199453e-7 3.764833118493949e8
5.655242966751882e-7 3.707669765987169e8
5.665217391304312e-7 3.651171720138896e8
5.675191815856741e-7 3.595336138428697e8
5.685166240409171e-7 3.540160055515646e8
5.6951406649616e-7 3.485640387462789e8
5.70511508951403e-7 3.4317739359007376e8
5.715089514066459e-7 3.378557392130003e8
5.725063938618889e-7 3.325987341161585e8
5.735038363171318e-7 3.2740602656952375e8
5.745012787723748e-7 3.2227725500351703e8
5.754987212276177e-7 3.244667961471321e8
5.764961636828607e-7 3.3412471755540776e8
5.774936061381036e-7 3.440521078978207e8
5.784910485933466e-7 3.5425601697352207e8
5.794884910485895e-7 3.6474366779626924e8
5.804859335038325e-7 3.7552246060398394e8
5.814833759590754e-7 3.865999769561706e8
5.824808184143183e-7 3.9798398392101514e8
5.834782608695613e-7 4.096824383540419e8
5.844757033248042e-7 4.217034912702355e8
5.854731457800472e-7 4.340554923115632e8
5.864705882352901e-7 4.4674699431189364e8
5.874680306905331e-7 4.597867579613318e8
5.88465473145776e-7 4.73183756572033e8
5.89462915601019e-7 4.86947180947586e8
5.904603580562619e-7 5.0108644435815066e8
5.914578005115049e-7 5.1561118762348974e8
5.924552429667478e-7 5.305312843061786e8
5.934526854219908e-7 5.458568460172149e8
5.944501278772337e-7 5.615982278364092e8
5.954475703324767e-7 5.777660338498769e8
5.964450127877196e-7 5.943711228070706e8
5.974424552429626e-7 6.11424613899823e8
5.984398976982055e-7 6.289378926658729e8
5.994373401534484e-7 6.469421043019116e8
6.004347826086914e-7 6.65731546705185e8
6.014322250639343e-7 6.850350509189475e8
6.024296675191773e-7 7.048658783890128e8
6.034271099744202e-7 7.252376138314263e8
6.044245524296632e-7 7.461641727040344e8
6.054219948849061e-7 7.676598088425055e8
6.064194373401491e-7 7.897391222643192e8
6.07416879795392e-7 8.124170671442072e8
6.08414322250635e-7 8.357089599647143e8
6.094117647058779e-7 8.596304878455015e8
6.104092071611209e-7 8.84197717055201e8
6.114066496163638e-7 9.09427101709617e8
6.124040920716068e-7 9.353354926602199e8
6.134015345268497e-7 9.619401465768608e8
6.143989769820927e-7 9.892587352288783e8
6.153964194373356e-7 1.0173093549686285e9
6.163938618925785e-7 1.0461105364217894e9
6.173913043478215e-7 1.0756812543886726e9
6.183887468030644e-7 1.1060409379609969e9
6.193861892583074e-7 1.137209480858633e9
6.203836317135503e-7 1.169207251990842e9
6.213810741687933e-7 1.2020551062467928e9
6.223785166240362e-7 1.2357743955200145e9
6.233759590792792e-7 1.2703869799717507e9
6.243734015345221e-7 1.1985917914031053e9
6.253708439897651e-7 1.074094645388006e9
6.26368286445008e-7 9.624897048948553e8
6.27365728900251e-7 8.624461928978014e8
6.283631713554939e-7 7.727702370718551e8
6.293606138107369e-7 6.92390835689479e8
6.303580562659798e-7 6.203472567447793e8
6.313554987212228e-7 5.557777245204705e8
6.323529411764657e-7 4.979092625789281e8
6.333503836317087e-7 4.4604857543599296e8
6.343478260869516e-7 3.9957386311404896e8
6.353452685421945e-7 3.5792747350364584e8
6.363427109974375e-7 3.206093071118761e8
6.373401534526804e-7 2.8717089744952226e8
6.383375959079234e-7 2.572100981059584e8
6.393350383631663e-7 2.3036631456905246e8
6.403324808184093e-7 2.0631622514628848e8
6.413299232736522e-7 1.8476994100449276e8
6.423273657288952e-7 1.654675604332019e8
6.433248081841381e-7 1.4817607700864694e8
6.443222506393811e-7 1.326866054436477e8
6.45319693094624e-7 1.188118926001728e8
6.46317135549867e-7 1.0638408445805436e8
6.473145780051099e-7 9.525272281322971e7
6.483120204603529e-7 8.528214708142187e7
6.493094629155958e-7 7.634934541482027e7
6.503069053708388e-7 6.834971810941082e7
6.513043478260817e-7 6.118605170567101e7
6.523017902813246e-7 5.477123031803541e7
6.532992327365676e-7 4.902719002813719e7
6.542966751918105e-7 4.388398119970368e7
6.552941176470535e-7 3.927892761416864e7
6.562915601022964e-7 3.5155872463784814e7
6.572890025575394e-7 3.1464502260587312e7
6.582864450127823e-7 2.815974063677846e7
6.592838874680253e-7 2.5201204835595973e7
6.602813299232682e-7 2.255271843101905e7
6.612787723785112e-7 2.0181874478352576e7
6.622762148337541e-7 1.805964389348943e7
6.632736572889971e-7 1.6160024393429402e7
6.6427109974424e-7 1.4459725810632199e7
6.65268542199483e-7 1.2937888024600562e7
6.662659846547259e-7 1.157582814074261e7
6.672634271099689e-7 1.0356813893563608e7
6.682608695652118e-7 9.265860562633518e6
6.692583120204548e-7 8.289548969211401e6
6.702557544756977e-7 7.4158623721465e6
6.712531969309406e-7 6.634040306655329e6
6.722506393861836e-7 5.934447611431135e6
6.732480818414265e-7 4.2323378700600285e6
6.742455242966695e-7 2.798789570031006e6
6.752429667519124e-7 1.8507429627717575e6
6.762404092071554e-7 1.2237930257270606e6
6.772378516623983e-7 809200.0700012825
6.782352941176413e-7 535044.5973655983
6.792327365728842e-7 353761.24268859497
6.802301790281272e-7 233892.75911235664
6.812276214833701e-7 154635.6498260106
6.822250639386131e-7 102232.46966513751
6.83222506393856e-7 67585.65452631626
6.84219948849099e-7 44679.334909598016
6.852173913043419e-7 29535.575643843604
6.862148337595849e-7 19524.090137708692
6.872122762148278e-7 12905.738248776755
6.882097186700707e-7 8530.640589072156
6.892071611253137e-7 5638.547450102316
6.902046035805566e-7 3726.830967782061
6.912020460357996e-7 2463.196570787333
6.921994884910425e-7 1627.9663532559184
6.931969309462855e-7 1075.9171084353318
6.941943734015284e-7 711.0486149850733
6.951918158567714e-7 469.90160233421375
6.961892583120143e-7 310.528713062352
6.971867007672573e-7 204.83211848556684
6.981841432225002e-7 134.5714380940182
6.991815856777432e-7 88.40872039529451
7.001790281329861e-7 58.07975100709969
7.011764705882291e-7 38.154157825500974
7.02173913043472e-7 25.063778134752553
7.03171355498715e-7 16.464130404384342
7.041687979539579e-7 10.814805301384814
7.051662404092008e-7 7.103727856402993
7.061636828644438e-7 4.665967192614252
7.071611253196867e-7 3.0646780313028614
7.081585677749297e-7 2.012870760123612
7.091560102301726e-7 1.322010307762717
7.101534526854156e-7 0.8682439347188603
7.111508951406585e-7 0.570212447414352
7.121483375959015e-7 0.37447230081608746
7.131457800511444e-7 0.24591828777776004
7.141432225063874e-7 0.1614916703062614
7.151406649616303e-7 0.10604682006051831
7.161381074168733e-7 0.0696359409236893
7.171355498721162e-7 0.04572540603245835
7.181329923273592e-7 0.030024104813410286
7.191304347826021e-7 0.01971382915810991
7.201278772378451e-7 0.012943757958971458
7.21125319693088e-7 0.008498422156213702
7.22122762148331e-7 0.005405451840147052
7.231202046035739e-7 0.0034225262138526673
7.241176470588168e-7 0.0021669566960367723
7.251150895140598e-7 0.0013719629981499147
7.261125319693027e-7 0.0008686070082393781
7.271099744245457e-7 0.0005499118413849046
7.281074168797886e-7 0.00034813819497977403
7.291048593350316e-7 0.0002203937026834229
7.301023017902745e-7 0.00013951973485165186
7.310997442455175e-7 0.00008832041534354381
7.320971867007604e-7 0.00005590821273077359
7.330946291560034e-7 0.00003538988952852769
7.340920716112463e-7 0.000022401233987259782
7.350895140664893e-7 0.000014179269621282968
7.360869565217322e-7 8.974804712681613e-6
7.370843989769752e-7 5.68048512616484e-6
7.380818414322181e-7 3.5953002471675366e-6
7.390792838874611e-7 2.275486506862327e-6
7.40076726342704e-7 1.4401335604867375e-6
7.41074168797947e-7 9.11424562475711e-7
7.420716112531899e-7 5.768038893160553e-7
7.430690537084328e-7 3.650271517754118e-7
7.440664961636758e-7 2.3099987272672936e-7
7.450639386189187e-7 1.4617999267835002e-7
7.460613810741617e-7 9.22735126559671e-8
7.470588235294046e-7 5.805925988148476e-8
7.480562659846476e-7 3.6530506106708065e-8
7.490537084398905e-7 2.2984215090123665e-8
7.500511508951335e-7 1.446083935073931e-8
7.510485933503764e-7 9.098026627526706e-9
7.520460358056194e-7 5.723884016017871e-9
7.530434782608623e-7 3.6010106600009734e-9
7.540409207161053e-7 2.2654161414937873e-9
7.550383631713482e-7 1.4251534110532208e-9
7.560358056265912e-7 8.965310300122048e-10
7.570332480818341e-7 5.639740975360612e-10
7.58030690537077e-7 3.547669496338782e-10
7.5902813299232e-7 2.2316051406073122e-10
7.600255754475629e-7 1.403724227546907e-10
7.610230179028059e-7 8.829508335623798e-11
7.620204603580488e-7 5.5536891537436716e-11
7.630179028132918e-7 3.493147919626598e-11
7.640153452685347e-7 2.1970643889790607e-11
7.650127877237777e-7 1.3818440472167972e-11
7.660102301790206e-7 8.690920080923957e-12
7.670076726342636e-7 5.46591653994817e-12
7.680051150895065e-7 3.4375639755230916e-12
7.690025575447495e-7 2.1618680055491105e-12
7.699999999999924e-7 1.3595594039840962e-12
