3.8e-7 2.0663501325422966
3.8099744245524296e-7 2.541747721695958
3.819948849104859e-7 3.125940351352225
3.8299232736572886e-7 3.843698183609641
3.839897698209718e-7 4.7254029373717765
3.8498721227621475e-7 5.808313027503973
3.859846547314577e-7 7.138112599012727
3.8698209718670064e-7 8.770807873056034
3.879795396419436e-7 10.77504832548607
3.8897698209718654e-7 13.234967445876533
3.899744245524295e-7 16.253658864414067
3.9097186700767243e-7 19.95742932576988
3.919693094629154e-7 24.501001357660538
3.9296675191815833e-7 30.073876776534426
3.939641943734013e-7 36.9081189168144
3.949616368286442e-7 45.28786852015859
3.9595907928388717e-7 55.560977840510006
3.969565217391301e-7 68.15323246760943
3.9795396419437306e-7 83.58573400748175
3.98951406649616e-7 102.49614317884203
3.9994884910485896e-7 125.66463707922074
4.009462915601019e-7 154.0456224223934
4.0194373401534485e-7 188.80647585325195
4.029411764705878e-7 231.37486202465308
4.0393861892583075e-7 283.4965209535904
4.049360613810737e-7 342.61428407559043
4.0593350383631664e-7 409.6400873078694
4.069309462915596e-7 489.70350778989996
4.0792838874680254e-7 585.3265882007556
4.089258312020455e-7 699.5166388922959
4.0992327365728843e-7 835.859125973688
4.109207161125314e-7 998.6282507701311
4.119181585677743e-7 1192.9185738398494
4.1291560102301727e-7 1424.8016693156278
4.139130434782602e-7 1701.5125467168214
4.1491048593350317e-7 2031.6714697677996
4.159079283887461e-7 2425.5478615063894
4.1690537084398906e-7 2895.374243322568
4.17902813299232e-7 3455.7196495943112
4.1890025575447495e-7 4123.933733232672
4.198976982097179e-7 4920.674882823868
4.2089514066496085e-7 5870.538170942022
4.218925831202038e-7 7002.801918847125
4.2289002557544674e-7 8352.315181994289
4.238874680306897e-7 9960.552636466586
4.2488491048593264e-7 11876.868300555972
4.258823529411756e-7 14159.985402775768
4.2687979539641853e-7 16879.766678832133
4.278772378516615e-7 20119.31764840421
4.2887468030690443e-7 24035.69144180001
4.298721227621474e-7 29202.15378192844
4.308695652173903e-7 35474.60076567888
4.3186700767263327e-7 43088.85062758389
4.328644501278762e-7 52330.80918321452
4.3386189258311916e-7 63547.0686534941
4.348593350383621e-7 77157.74113895948
4.3585677749360506e-7 93671.99624152508
4.36854219948848e-7 113706.8706363232
4.3785166240409095e-7 138010.036216695
4.388491048593339e-7 167487.35703910253
4.3984654731457685e-7 203236.23883436626
4.408439897698198e-7 246585.98454797064
4.4184143222506274e-7 299146.6227346945
4.428388746803057e-7 362867.9817259248
4.4383631713554863e-7 440111.1522519601
4.448337595907916e-7 533734.9278397426
4.4583120204603453e-7 647200.3517517766
4.468286445012775e-7 784697.1507099195
4.478260869565204e-7 951296.6223546403
4.4882352941176337e-7 1.1531364933110974e6
4.498209718670063e-7 1.3976444116270975e6
4.5081841432224926e-7 1.6938081219367296e6
4.518158567774922e-7 2.0525020431024039e6
4.5281329923273516e-7 2.486881985533776e6
4.538107416879781e-7 3.035493326096045e6
4.5480818414322105e-7 3.717350373194901e6
4.55805626598464e-7 4.551880517975521e6
4.5680306905370695e-7 5.573161968902579e6
4.578005115089499e-7 6.82285652530539e6
4.5879795396419284e-7 8.351892230975156e6
4.597953964194358e-7 1.0222518310547005e7
4.6079283887467874e-7 1.2510814526886513e7
4.617902813299217e-7 1.5309755171372786e7
4.6278772378516463e-7 1.8732949939161837e7
4.637851662404076e-7 2.2919210816527866e7
4.647826086956505e-7 2.803812687511513e7
4.6578005115089347e-7 3.429686881720777e7
4.667774936061364e-7 4.194849381694418e7
4.6777493606137937e-7 5.130208056717427e7
4.687723785166223e-7 6.273509679967596e7
4.6976982097186526e-7 7.67084897345756e7
4.707672634271082e-7 9.378509738780944e7
4.7176470588235116e-7 1.1465210963025683e8
4.727621483375941e-7 1.4014846747127068e8
4.7375959079283705e-7 1.7129828346957615e8
4.7475703324808e-7 2.0935160304898962e8
4.7575447570332294e-7 2.5583411505866426e8
4.767519181585659e-7 3.126077714196292e8
4.777493606138089e-7 3.6229142761157346e8
4.787468030690518e-7 3.583015679792741e8
4.797442455242948e-7 3.543229480379766e8
4.807416879795377e-7 3.5035637764561516e8
4.817391304347807e-7 3.4640264573347753e8
4.827365728900236e-7 3.424625203906894e8
4.837340153452666e-7 3.385367489598077e8
4.847314578005095e-7 3.3462605814316463e8
4.857289002557525e-7 3.307311541195268e8
4.867263427109954e-7 3.268527226707095e8
4.877237851662384e-7 3.2299142931772363e8
4.887212276214813e-7 3.191479194661011e8
4.897186700767243e-7 3.1532281855998206e8
4.907161125319672e-7 3.115167322446246e8
4.917135549872102e-7 3.077302465369364e8
4.927109974424531e-7 3.03963928003662e8
4.93708439897696e-7 3.0021832394689375e8
4.94705882352939e-7 2.964939625964988e8
4.957033248081819e-7 2.927913533091706e8
4.967007672634249e-7 2.8911098677370167e8
4.976982097186678e-7 2.8545333522218454e8
4.986956521739108e-7 2.8181885264677817e8
4.996930946291537e-7 2.782079750217299e8
5.006905370843967e-7 2.74621120530315e8
5.016879795396396e-7 2.710586897963995e8
5.026854219948826e-7 2.72784615045997e8
5.036828644501255e-7 2.7573672633548665e8
5.046803069053685e-7 2.7869875435594505e8
5.056777493606114e-7 2.816704688312642e8
5.066751918158544e-7 2.8465163790704805e8
5.076726342710973e-7 2.8764202819967383e8
5.086700767263403e-7 2.9064140484545666e8
5.096675191815832e-7 2.9364953154989505e8
5.106649616368261e-7 2.966661706369748e8
5.116624040920691e-7 2.9969108309852266e8
5.12659846547312e-7 3.0272402864360976e8
5.13657289002555e-7 3.057647657479407e8
5.146547314577979e-7 3.0881305170328414e8
5.156521739130409e-7 3.118686426668494e8
5.166496163682838e-7 3.14931293710677e8
5.176470588235268e-7 3.180007588709487e8
5.186445012787697e-7 3.2107679119727516e8
5.196419437340127e-7 3.24159142801886e8
5.206393861892556e-7 3.272475649087485e8
5.216368286444986e-7 3.303418079025867e8
5.226342710997415e-7 3.334416213777839e8
5.236317135549845e-7 3.365467541871639e8
5.246291560102274e-7 3.396569544906268e8
5.256265984654704e-7 3.427719698036402e8
5.266240409207133e-7 3.462137556763156e8
5.276214833759563e-7 3.5020901562335163e8
5.286189258311992e-7 3.5422607855171e8
5.296163682864421e-7 3.582647815897227e8
5.306138107416851e-7 3.623249592608091e8
5.31611253196928e-7 3.664064435117356e8
5.32608695652171e-7 3.705090637412398e8
5.336061381074139e-7 3.746326468290013e8
5.346035805626569e-7 3.7877701716495824e8
5.356010230178998e-7 3.8294199667895615e8
5.365984654731428e-7 3.8712740487072104e8
5.375959079283857e-7 3.913330588401444e8
5.385933503836287e-7 3.955587733178706e8
5.395907928388716e-7 3.9980436069618374e8
5.405882352941146e-7 4.040696310601702e8
5.415856777493575e-7 4.083543922191594e8
5.425831202046005e-7 4.1265844973843324e8
5.435805626598434e-7 4.1698160697118574e8
5.445780051150864e-7 4.213236650907254e8
5.455754475703293e-7 4.2568442312292117e8
5.465728900255722e-7 4.300636779788696e8
5.475703324808152e-7 4.3446122448778206e8
5.485677749360581e-7 4.388768554300721e8
5.495652173913011e-7 4.4331036157065547e8
5.50562659846544e-7 4.47761531692421e8
5.51560102301787e-7 4.4355213443647474e8
5.525575447570299e-7 4.387888277479229e8
5.535549872122729e-7 4.3405081453960896e8
5.545524296675158e-7 4.293385238019261e8
5.555498721227588e-7 4.246523697086772e8
5.565473145780017e-7 4.1999275178432417e8
5.575447570332447e-7 4.1536005507379645e8
5.585421994884876e-7 4.107546503147273e8
5.595396419437306e-7 4.061768941119375e8
5.605370843989735e-7 4.016271291140373e8
5.615345268542165e-7 3.9710568419197893e8
5.625319693094594e-7 3.926128746194052e8
5.635294117647023e-7 3.8814900225467455e8
5.645268542199453e-7 3.837143557243965e8
5.655242966751882e-7 3.793092106083559e8
5.665217391304312e-7 3.7493382962567693e8
5.675191815856741e-7 3.705884628221105e8
5.685166240409171e-7 3.66273347758298e8
5.6951406649616e-7 3.6198870969890845e8
5.70511508951403e-7 3.577347618025018e8
5.715089514066459e-7 3.535117053120186e8
5.725063938618889e-7 3.4931972974577147e8
5.735038363171318e-7 3.4515901308882797e8
5.745012787723748e-7 3.410297219846686e8
5.754987212276177e-7 3.393976693810182e8
5.764961636828607e-7 3.402273436076009e8
5.774936061381036e-7 3.410411994987969e8
5.784910485933466e-7 3.4183920832085645e8
5.794884910485895e-7 3.426213437610585e8
5.804859335038325e-7 3.43387581912269e8
5.814833759590754e-7 3.4413790125711006e8
5.824808184143183e-7 3.448722826517002e8
5.834782608695613e-7 3.4559070930901265e8
5.844757033248042e-7 3.4629316678183466e8
5.854731457800472e-7 3.4697964294535506e8
5.864705882352901e-7 3.4765012797938484e8
5.874680306905331e-7 3.483046143502157e8
5.88465473145776e-7 3.489430967921529e8
5.89462915601019e-7 3.4956557228868335e8
5.904603580562619e-7 3.501720400533432e8
5.914578005115049e-7 3.507625015102585e8
5.924552429667478e-7 3.513369602743879e8
5.934526854219908e-7 3.518954221314625e8
5.944501278772337e-7 3.524378950176547e8
5.954475703324767e-7 3.5296438899895644e8
5.964450127877196e-7 3.534749162503115e8
5.974424552429626e-7 3.539694910344716e8
5.984398976982055e-7 3.544481296806236e8
5.994373401534484e-7 3.563628113539314e8
6.004347826086914e-7 3.8089773281650335e8
6.014322250639343e-7 4.071030300683555e8
6.024296675191773e-7 4.35091220314817e8
6.034271099744202e-7 4.649823237302877e8
6.044245524296632e-7 4.9690435900636965e8
6.054219948849061e-7 5.309938713338852e8
6.064194373401491e-7 5.673964949235348e8
6.07416879795392e-7 6.062675523053153e8
6.08414322250635e-7 6.477726927910262e8
6.094117647058779e-7 6.920885726374981e8
6.104092071611209e-7 7.39403579611265e8
6.114066496163638e-7 7.899186048289906e8
6.124040920716068e-7 8.438478649324838e8
6.134015345268497e-7 9.014197778535246e8
6.143989769820927e-7 9.628778956326398e8
6.153964194373356e-7 1.0284818979779793e9
6.163938618925785e-7 1.0985086504869983e9
6.173913043478215e-7 1.1732533317047365e9
6.183887468030644e-7 1.2530306334600441e9
6.193861892583074e-7 1.3381760392053108e9
6.203836317135503e-7 1.429047185387713e9
6.213810741687933e-7 1.5260253112015917e9
6.223785166240362e-7 1.629516802413612e9
6.233759590792792e-7 1.739954835316212e9
6.243734015345221e-7 1.6632803230874653e9
6.253708439897651e-7 1.487835314995037e9
6.26368286445008e-7 1.330842203709825e9
6.27365728900251e-7 1.1903663513562372e9
6.283631713554939e-7 1.0646753036493542e9
6.293606138107369e-7 9.522177326004846e8
6.303580562659798e-7 8.516045643957859e8
6.313554987212228e-7 7.615920665542412e8
6.323529411764657e-7 6.810666917283725e8
6.333503836317087e-7 6.090314963841681e8
6.343478260869516e-7 5.445939713289126e8
6.353452685421945e-7 4.869551378654298e8
6.363427109974375e-7 4.353997784352839e8
6.373401534526804e-7 3.892876841478576e8
6.383375959079234e-7 3.480458137356449e8
6.393350383631663e-7 3.1116126937083185e8
6.403324808184093e-7 2.781750045519881e8
6.413299232736522e-7 2.4867618803750545e8
6.423273657288952e-7 2.222971556672043e8
6.433248081841381e-7 1.987088889680057e8
6.443222506393811e-7 1.7761696576678315e8
6.45319693094624e-7 1.5875793370819527e8
6.46317135549867e-7 1.418960626643991e8
6.473145780051099e-7 1.2682043658727306e8
6.483120204603529e-7 1.1454494680698021e8
6.493094629155958e-7 1.0829529112820545e8
6.503069053708388e-7 1.0238290050835511e8
6.513043478260817e-7 9.678979645540893e7
6.523017902813246e-7 9.14989456573736e7
6.532992327365676e-7 8.649421107092114e7
6.542966751918105e-7 8.176030549531725e7
6.552941176470535e-7 7.728274750803111e7
6.562915601022964e-7 7.304781964441317e7
6.572890025575394e-7 6.904252870953156e7
6.582864450127823e-7 6.5254568115704514e7
6.592838874680253e-7 6.1672282144456424e7
6.602813299232682e-7 5.828463203655127e7
6.612787723785112e-7 5.508116381848285e7
6.622762148337541e-7 5.205197777826459e7
6.632736572889971e-7 4.918769950764974e7
6.6427109974424e-7 4.647945243196778e7
6.65268542199483e-7 4.391883175264205e7
6.662659846547259e-7 4.149787973113932e7
6.672634271099689e-7 3.920906224661489e7
6.682608695652118e-7 3.7045246562858686e7
6.692583120204548e-7 3.499968024333293e7
6.702557544756977e-7 3.306597115611903e7
6.712531969309406e-7 3.1238068513477534e7
6.722506393861836e-7 2.951024489346679e7
6.732480818414265e-7 1.9351029832156755e7
6.742455242966695e-7 1.1235010999163868e7
6.752429667519124e-7 6.522721935866752e6
6.762404092071554e-7 3.786781398898891e6
6.772378516623983e-7 2.198354243218114e6
6.782352941176413e-7 1.2761779911192742e6
6.792327365728842e-7 740817.1390265609
6.802301790281272e-7 430028.31323020585
6.812276214833701e-7 249614.26471999788
6.822250639386131e-7 144886.57028517633
6.83222506393856e-7 84095.60645431132
6.84219948849099e-7 48809.57043445674
6.852173913043419e-7 28328.477131293013
6.862148337595849e-7 16440.994953426896
6.872122762148278e-7 9541.565758074617
6.882097186700707e-7 5537.298591706818
6.892071611253137e-7 3213.387061886954
6.902046035805566e-7 1864.7258867120152
6.912020460357996e-7 1082.0663177804236
6.921994884910425e-7 627.8844609045091
6.931969309462855e-7 364.3280647761262
6.941943734015284e-7 211.39397803317345
6.951918158567714e-7 122.65344352167754
6.961892583120143e-7 71.16297344876982
6.971867007672573e-7 41.34061799081581
6.981841432225002e-7 24.083631114080102
6.991815856777432e-7 14.029892489729521
7.001790281329861e-7 8.172861690925872
7.011764705882291e-7 4.760816481054184
7.02173913043472e-7 2.7731685841274634
7.03171355498715e-7 1.6153204700681152
7.041687979539579e-7 0.940868156013961
7.051662404092008e-7 0.5480075542461531
7.061636828644438e-7 0.3191773584191202
7.071611253196867e-7 0.18589401848230305
7.081585677749297e-7 0.10826463521718231
7.091560102301726e-7 0.063051544934267
7.101534526854156e-7 0.03671916650265939
7.111508951406585e-7 0.021383456874066165
7.121483375959015e-7 0.012452343319399867
7.131457800511444e-7 0.00725124165247978
7.141432225063874e-7 0.00422242402439759
7.151406649616303e-7 0.0024586659850305633
7.161381074168733e-7 0.0014316125475323058
7.171355498721162e-7 0.0008335656004371
7.181329923273592e-7 0.0004853359324653876
7.191304347826021e-7 0.0002825748673531955
7.201278772378451e-7 0.00016451787540407297
7.21125319693088e-7 0.00009578139876647189
7.22122762148331e-7 0.00005389699935354721
7.231202046035739e-7 0.00003018048093539892
7.241176470588168e-7 0.00001689959877037919
7.251150895140598e-7 9.462706020459352e-6
7.261125319693027e-7 5.298379560976388e-6
7.271099744245457e-7 2.9666041327303197e-6
7.281074168797886e-7 1.6609822344349472e-6
7.291048593350316e-7 9.299493250373596e-7
7.301023017902745e-7 5.20645995935494e-7
7.310997442455175e-7 2.9148404082816e-7
7.320971867007604e-7 1.6318343695839026e-7
7.330946291560034e-7 9.135376738956652e-8
7.340920716112463e-7 5.114061964340344e-8
7.350895140664893e-7 2.862824283746308e-8
7.360869565217322e-7 1.60255383280727e-8
7.370843989769752e-7 8.970565779168371e-9
7.380818414322181e-7 5.021302215999652e-9
7.390792838874611e-7 2.81062075607993e-9
7.40076726342704e-7 1.5731768392552878e-9
7.41074168797947e-7 8.805262133062936e-10
7.420716112531899e-7 4.928293107653327e-10
7.430690537084328e-7 2.7582924280023126e-10
7.440664961636758e-7 1.5437382545532186e-10
7.450639386189187e-7 8.639659957672523e-11
7.460613810741617e-7 4.841318995457967e-11
7.470588235294046e-7 2.7172728998810363e-11
7.480562659846476e-7 1.5250797962254347e-11
7.490537084398905e-7 8.559367476969724e-12
7.500511508951335e-7 4.8037523828256506e-12
7.510485933503764e-7 2.6959350896724315e-12
7.520460358056194e-7 1.512962519088165e-12
7.530434782608623e-7 8.490570408308448e-13
7.540409207161053e-7 4.764700070511433e-13
7.550383631713482e-7 2.673771625619024e-13
7.560358056265912e-7 1.5003864577118984e-13
7.570332480818341e-7 8.419224387247283e-14
7.58030690537077e-7 4.724231778793367e-14
7.5902813299232e-7 2.6508216713619902e-14
7.600255754475629e-7 1.4873736090027167e-14
7.610230179028059e-7 8.345452950255386e-15
7.620204603580488e-7 4.6824168796789855e-15
7.630179028132918e-7 2.627124178857273e-15
7.640153452685347e-7 1.4739458420466515e-15
7.650127877237777e-7 8.269378866345747e-16
7.660102301790206e-7 4.6393242866298e-16
7.670076726342636e-7 2.6027178272554215e-16
7.680051150895065e-7 1.4601248642399565e-16
7.690025575447495e-7 8.191123949420048e-17
7.699999999999924e-7 4.5950223506107155e-17
