# x(um) y(um) residual(um) curvature(1/mm)
18152.429775940014 -1310.1941271704964 -303.6812518317584 93.72731706393596
9617.697554342894 -2099.1631791765053 528.4896395967535 -26.59491526548595
17629.60342075568 -1224.5938647820637 -415.3439453897211 28.622256120719644
17760.394149507225 -1239.489904072463 -392.8537793708339 89.15554890612536
17890.97019952316 -1265.755263540575 -355.54407677851805 -2.6667933928397383
18021.519414697137 -1293.4417880309015 -316.26898119236074 -1.1157592083642371
18152.163341078005 -1316.1124359722367 -283.41853270877584 -0.8523890564263443
18283.075615878388 -1324.5714336914307 -269.05663642080935 7.356693349495719
9094.036162017841 -2057.7862283616764 473.4268204396659 -48.968222347859914
9356.400565497865 -2046.1137274708158 464.626304220011 0.36282901329034617
9618.831266822708 -2030.9301129956614 451.22648812322564 12.057821819919987
17235.818794035706 -1246.5161619553976 -383.99696319958895 77.95689012070052
17366.933119410784 -1244.2746230367443 -383.71453313309104 -1.5234575512313777
17497.97956842092 -1245.6277956448675 -378.7714403480803 -0.3652815573976643
17628.986554428193 -1249.0709168150706 -371.10765066547435 -0.33310373753678396
17759.804118021686 -1262.5457910832558 -350.40979957836646 -0.2546619756345693
17890.474879244506 -1283.7952740023768 -319.553248280099 -0.5205281556679738
18021.07776410239 -1308.6394684482748 -283.9253829185234 0.1604963031056348
18151.855864693018 -1324.2042912785394 -260.31433403032014 -0.7825827781362952
18282.848644019254 -1328.399793931091 -251.5136819340983 -1.4344289866021844
18414.018217598346 -1323.2323270255263 -254.94139147838058 0.4128198721047713
18545.213047499277 -1316.7272930402303 -260.1151103834267 122.48157734743428
8570.240595483028 -2023.5151026579185 428.22581713039557 4.212683121521403
8832.483452914212 -2018.279643338263 427.7747045882226 1.355542942584145
9094.779980029301 -2010.2018539741791 423.62957844769755 0.878030764741249
9357.169639831161 -1997.1917860035876 413.0472513618278 9.114051440463482
16841.225965016958 -1311.240605680122 -297.2208958996276 96.11501330990315
16972.66230849545 -1291.9450864948988 -319.0278967269445 -4.273282065892351
17103.93922144235 -1281.0929595004775 -329.889951305522 -0.4470980260357318
17235.10721650133 -1276.0090905373959 -333.2767322584799 -0.011722245426811764
17366.23574855744 -1273.0151701363936 -333.950701337999 -0.05527448148470531
17497.29640424861 -1273.6159612621684 -329.95612191050583 -0.0017450790776037063
17628.276555413933 -1278.4802474545852 -320.4148678987331 0.12286449858875675
17759.161995372364 -1288.3604101959936 -304.332399420288 0.13111946925723023
17889.899054440004 -1306.0987795308213 -277.9806143751791 0.5270978630631343
18020.650320188677 -1323.0847673832995 -252.543503657235 0.06617059054275458
18413.77861757829 -1327.7294708050522 -236.52093633757815 -0.5813759211579047
18545.094993528062 -1314.7873952485513 -250.11291643001158 0.03752640586104132
18676.357699793927 -1304.6876497364785 -259.98582337185115 73.12303036544799
8046.135639005716 -2005.6291736808648 404.8175501517474 10.747659311004936
8308.405331278853 -1998.9725493389951 402.433486563199 3.5619316719240905
8570.660816870955 -1993.068306479474 401.05041631574966 2.1596033399629984
8832.916302463058 -1987.164063619953 399.6896709472172 0.5481918465252016
9095.266499262052 -1976.2439442114407 391.80462630733274 -0.1669846021315507
9357.684572425978 -1961.7291132761518 379.2393815537202 22.184809989064085
16709.212218213845 -1352.9232283362721 -233.80054989267495 -0.12043982112902582
16840.63593353142 -1334.2964926909146 -254.76804295555613 -0.058683388383184466
16971.964937642108 -1320.685633594548 -269.2167525472616 0.011217298089097655
17103.200809066024 -1312.0070531046895 -277.26046424994735 0.09759918802682381
17234.39721748707 -1305.4184211769104 -282.58892005800794 0.0060758877120658215
17365.524171023062 -1302.5080987183915 -283.13723373884903 0.15536647920415766
17496.62586823722 -1300.9353433396034 -281.94151000887484 0.11321497291234572
17627.63285424449 -1304.3784645098067 -274.2144692076857 0.3617282608723724
17758.586170567854 -1310.6639157244379 -262.7696551945782 0.5585083829772504
17889.430569003303 -1322.7176249704087 -243.7796481853214 0.7654450110666426
18676.22543914168 -1303.5001334271483 -248.99946800993618 -0.9308683402968467
18807.488145407548 -1293.4003879150755 -258.8706192114952 44.45736202026351
18938.64351230561 -1288.985302491859 -261.3061765738871 219.0596473783023
7259.653650887462 -2000.0845291345372 391.5566458494584 -56.654793698853496
7521.882301637615 -1995.6014512972301 391.90048716283104 -3.7517528089223746
7784.110952387767 -1991.118373459923 392.27015019330804 -5.374694572450906
8046.407479502855 -1983.0405840958392 387.99620588390366 -1.9610101005259022
8308.664543615074 -1977.0527432938352 386.45661255772876 -2.6597943735635337
8570.946864049127 -1969.7273354120998 383.19887132372173 -2.879585187799125
8833.297060848117 -1958.8072160035877 375.280339721455 37.10191573018898
9095.781431856867 -1940.781271484005 358.12166330404267 38.302327843425815
17364.880469853622 -1328.4063157736125 -236.92600011065988 0.4372315083665515
17496.00900190973 -1325.4123953726103 -237.5623072578701 0.659040833572615
17627.096492442855 -1324.592021476171 -235.3619167489978 0.7515659460085178
18807.34325659438 -1292.8816551456105 -247.00970369663176 -0.4334666328239285
18938.591756179216 -1283.5342911158862 -255.89542797854813 24.16417395593555
19069.720288235327 -1280.5403707148841 -256.470535789347 42.935617892013575
6735.441355042345 -1987.8832602463397 376.1431461683438 -70.097470728401
6997.602129427561 -1986.9948939358096 381.0532740659055 40.3952425909467
7259.857615019665 -1981.0906510762884 379.51007290133435 40.030737297454166
7522.168348815786 -1972.260480229856 374.2012112738596 38.03699761316844
7784.491710772825 -1962.7615258435583 368.0422595153203 34.20236075107512
8046.774031206881 -1955.436117961823 364.7159361591481 34.11819537172417
8309.056351640935 -1948.1107100800878 361.40879465114034 48.19761191205793
18938.459495526968 -1282.346774806556 -244.90887325893755 0.24440053871982642
19069.682738789965 -1274.3369778565625 -252.0441218438348 34.193226143988
19200.79706416504 -1272.0954389379092 -251.63309323760117 55.974837686795226
19331.87034801713 -1272.0274465238188 -248.37064512302038 131.55611357565115
19069.550478137713 -1273.1494615472322 -241.05761228895162 0.25955509518816
19200.745308038644 -1266.6444275619363 -246.2234620027301 23.493781386412692
19331.87384009475 -1263.6505071609342 -246.79384891864916 39.132307296117276
19462.961330627877 -1262.830133264495 -244.51366092736149 -16.997754866629002
19200.62725406743 -1264.7045297702573 -236.22092926597455 1.4390351416497922
19331.836290649393 -1257.4471143026126 -242.3687056900475 33.803732664236435
19462.97745086642 -1253.7844103617451 -243.81211916005387 69.15515861084252
19594.07914808058 -1252.211654982957 -242.51529675077563 79.16117287299674
19725.12559709072 -1253.5648275910805 -237.37879372136703 -56.528869045864134
19462.91306657911 -1249.0021825256379 -237.5282949623446 16.69195252910924
19594.054226796135 -1245.3394785847702 -238.96941614332994 21.147006417752554
19725.182758852243 -1242.3455581837682 -239.53037439474159 50.03863993544173
19856.256042704335 -1242.2775657696773 -236.25390872486363 44.233309218614295
19725.172044248833 -1234.7210003032324 -236.96867247772042 54.60614111003893
19856.273741462992 -1233.1482449244443 -235.66837148801105 37.284224291632064
19987.373860157037 -1231.6590874881394 -234.25122586196306 25.488230705177585
19987.40418707661 -1221.8609831030412 -234.54021438278568 77.93343788630233
-5316.375598272763 -1545.4641497747457 -262.9970061103733 276.78047893851306
-4267.944022427282 -1553.1128088253718 -239.68163865292433 3.6906835681511554
-7413.26367124817 -1523.294655275306 -302.8492621401445 234.09964187185864
-6364.871558405558 -1533.0332628880117 -278.61671315162886 3.367555262814754
-5316.48102408306 -1542.855468443201 -253.51966312779092 2.511632285987073
-10558.930594494312 -1511.8680490715403 -338.179164765009 142.6244022677837
-9510.379051120106 -1513.1632644934448 -325.77922758449955 73.68831099788973
-8461.879598909687 -1517.217212017294 -309.5576779379866 -0.8638656373694953
-7413.448023064207 -1524.8658710679206 -288.48671522875065 -1.2003263292035367
-6365.04486058079 -1534.019293083244 -264.9251392994699 -1.3971800138187536
-5316.666954419212 -1544.5102821782987 -239.03526532427094 0.3161509815500806
19856.4847864173 -1156.435368693321 -235.51122759691845 34.530029213253805
19987.599111792373 -1154.1938297746678 -235.12908125463915 13.161321347320788
-14753.475814778421 -1516.4510015398894 -357.9470208215662 -38.595983258682274
-12656.140685573137 -1506.7525348386703 -351.34265974174565 134.70199456976724
-11607.562307356979 -1506.6265852383603 -341.85578637296123 18.534386807847024
-10559.06285514656 -1510.6805327622099 -326.98883868192905 -2.087566788452778
-9510.577609617176 -1515.486861768408 -310.577655987348 -1.8177421442279187
-8462.119198929742 -1521.7143557968202 -291.83550221602815 -0.00017571116824949084
-7413.674994923342 -1528.694231307581 -271.5068400493693 0.04444125989175067
-6365.270253919811 -1537.7640553804215 -248.01405915714645 1.4112661167623326
19856.513534816757 -1146.720862250706 -235.6184462206578 9.616025080363999
19987.683108395853 -1141.553395345141 -239.05185133609214 47.05726199348962
20118.797433770927 -1139.3118564264878 -238.67142784060275 35.73758542518294
20249.8580894621 -1139.9126475522623 -234.58045761833745 12.001138256267804
-18949.110213941738 -1578.716534321635 -305.2142359222349 -49.57032750616526
-16850.95425427676 -1525.5471375291604 -350.4174005317416 23.413710956900093
-14753.418653016895 -1505.231732132577 -357.86783427418106 77.8878704496823
-12656.287152906418 -1506.3174000116885 -339.2900129949205 -3.0191750357665175
-11607.787700695999 -1510.3713475355378 -325.0794169866366 -1.3631090771866374
-10559.316661847648 -1515.9300580240847 -308.473314050423 -0.5925089207729234
-9510.844044479181 -1521.4051705701481 -291.2585888651618 0.30532458396277834
-8462.358798949797 -1526.2114995763463 -274.1115640043663 0.38607329902245824
-7413.900388262363 -1532.4389936047585 -254.62265483772853 1.0883067944080684
-6365.441977574929 -1538.6664876331706 -234.41965857352292 0.09647807549029237
19856.5296550553 -1137.6751393479562 -234.84758733240423 50.750098390922915
19987.68502195336 -1133.26005392474 -237.30566992376694 24.465076799727363
20118.82618217039 -1129.5973499838724 -238.78044347863414 45.78004216291559
20249.940507545463 -1127.3558110652189 -238.39985193336597 43.839387379735356
20381.02799807859 -1126.5354371687795 -236.1611399815336 20.21273151494533
-21047.423690580803 -1632.0359818845102 -245.9855895665995 -1.8720579494591731
-18948.85100160552 -1556.796728276475 -316.53944706258545 -0.4247323935232466
-16850.884464354313 -1513.6590845819824 -350.9297863490941 60.75967936064766
-14753.577748511096 -1505.4653808454605 -345.06650697330514 -0.8332358609259056
-12656.553587768423 -1512.2357088134283 -320.09509930880796 -0.28185213905062256
-11608.068342239038 -1517.0420378196266 -304.99123913124987 0.03398462515127202
-10559.59572487057 -1522.5171503656902 -288.43222399783264 1.3307523714922795
-9511.097851180268 -1526.6546958320228 -272.7028558543239 1.1408680081825149
-8462.584192288818 -1529.9562618735235 -257.25334426903504 1.3609287049981538
-7414.0863185985145 -1534.0938073398563 -240.1618856962319 0.4104471131436047
19987.661679189034 -1126.30427958407 -233.81410876171861 25.659354026223852
20118.80283940606 -1122.6415756432023 -235.29251959700153 1.5611091563901758
20249.943999623087 -1118.9788717023346 -236.7661349702432 13.368699239900648
20381.085159840113 -1115.3161677614669 -238.2349548814438 49.40243134407035
20512.186857054272 -1113.743412382679 -236.97658657726438 28.920092395864692
20643.260140906365 -1113.6754199685884 -233.74943897691634 28.7447015908007
-21047.017675873907 -1602.3415671884143 -265.5042749956238 -0.8133558255320251
-18948.57916110838 -1534.2081386914497 -328.54878956099816 1.4494752597242975
-16850.922013799674 -1507.4556917236607 -345.1948299919582 -18.484032210286433
-14753.776307008164 -1507.7889781204237 -329.9443524957723 -0.0008202451445920869
-12656.832650791348 -1518.8228011550343 -300.1447620403839 0.9631963280067063
-11608.347405261962 -1523.6291301612323 -284.99382438350955 1.6829218341167513
-10559.821118209591 -1526.2619126628674 -271.62551584513346 0.7017972919959149
-9511.309037838257 -1529.6470766468517 -256.7320330612022 1.1597624222135867
-8462.757494464051 -1530.942292068756 -243.57514514804802 0.12774213376418114
20249.933285019677 -1111.3543138217992 -234.1475755863074 26.06855159890637
20381.074445236707 -1107.6916098809315 -235.6203817340453 12.386108770400938
20512.215605453734 -1104.028905940064 -237.08839241974212 60.152283560179136
20643.30309598686 -1103.2085320436245 -234.8494777855377 29.32876463432001
-25242.03171663211 -1631.753108574269 -236.7698847074483 -0.5771450713845759
-21046.502743279092 -1566.8788944609785 -291.14968106804963 -0.2978767564898539
-18948.34678361411 -1513.7094976685037 -338.24784189063996 0.06419122509394118
-16850.932728403084 -1499.8311338431254 -341.01471744119306 28.058629375185266
-14753.974865505234 -1510.112575395387 -314.82172972528224 0.4353403096567824
-12657.072250811401 -1523.31994493456 -282.5428592580362 2.011992836363065
-11608.560170440065 -1526.705108918544 -268.96928196092415 0.39730461544469603
-10560.021255226777 -1528.669107880314 -256.3416237506767 0.6802605828684172
-9511.45550517154 -1529.2119418198697 -244.6893570348595 0.04878718067484319
-29436.078124559943 -1609.919111217932 -252.16587506503512 0.31287303317579346
-25241.15372441089 -1577.0629090757009 -281.74017239730676 -0.01525730881738493
-21045.91993431934 -1527.8215102067657 -320.5384899721908 0.05930532916341426
-18948.115984639957 -1493.294454588041 -347.81956925802785 2.8535867349420174
-16850.982906009365 -1494.2965245246692 -334.53932450067197 -18.492107598105395
-14754.107126157483 -1508.9250590860565 -303.59882470166536 -1.1066114967323029
-12657.231346305602 -1523.553593647444 -269.7382154174985 -0.5448930401538764
-11608.758728937135 -1529.0287061935076 -253.7961197485408 -0.4819587833127491
-10560.192978881896 -1529.5715401330633 -242.771898866809 -1.2648127915772582
-29435.13225597379 -1551.634200192587 -299.2237953178433 1.0228460677731503
-25240.263104028756 -1521.7039260372674 -327.1468484871333 0.9453859135472518
-21045.352910560734 -1489.600105377385 -348.9003763320396 2.6766852885795718
-18947.937276829594 -1475.6381436095232 -354.37350618165686 13.495024871983173
-16851.007827293804 -1487.4243481264825 -329.5263428034517 23.05445321380164
-14754.225180128698 -1506.9851612943773 -293.2113284490732 -5.235921463490413
-12657.362028437736 -1522.2824793956304 -258.62698868621686 -2.7772647524956198
-11608.87678290835 -1527.0888084018284 -243.4515655879584 0.16066166146558467
-29434.577860376103 -1514.0815789030717 -324.9235738543259 17.833014779138264
-25239.748171433937 -1486.2412533098316 -351.5850534891872 42.33665180557043
-21045.05265670153 -1465.5067528276622 -362.0766936401253 80.8272913683692
-18947.853280226114 -1462.9977091799967 -355.4857110718871 135.59212454231786
-16851.058004900086 -1481.8897388080263 -323.04491206563364 16.234226942523804
-14754.316399257961 -1503.6240984804842 -284.40135268594037 -4.6953373322140735
-12657.467454248032 -1519.6737980640858 -249.02056464970994 -8.038557830203077
-29434.53490529561 -1503.6146909781078 -323.0176629554983 35.164162602553596
-25239.758886037347 -1478.616695429296 -346.97882282695406 22.256351840149687
-21045.090206146888 -1459.3033599693408 -356.14786416135524 15.73532506951368
-18947.93187119446 -1458.9678628262382 -347.2935937304013 9.308191685513073
-16851.136595868433 -1477.8598924542678 -314.91399476898323 0.0007062584698429697
-14754.394990226307 -1499.5942521267255 -276.33264151454404 -17.31951417888923
-12657.546045216379 -1515.643951710327 -241.0120474427304 -17.35844843081396
-29434.976555890356 -1518.8123713954813 -295.0262649590594 -1.1555611558775631
-25240.186329951062 -1493.0619943643208 -319.39517214076176 -1.125274201963129
-21045.411889212915 -1468.1475967579922 -334.1751938091981 -1.0319014551814383
-18948.09096668866 -1459.2015115391216 -334.4990987605291 -0.4157507786901976
-16851.215186836776 -1473.830046100509 -306.7816470339486 4.412950736485423
-14754.445167832588 -1494.0596428082695 -269.93191073898237 17.31388998236215
-12657.596222822656 -1510.109342391871 -234.69391232655482 1.2317265509218516
-29435.618678539682 -1544.6269905082193 -256.19658876189703 -0.16178105411435156
-25240.856865962454 -1520.3813764417562 -278.3567795582274 0.354813056638375
-21045.825126445594 -1481.8405142106687 -307.01912169137495 0.10327793008069394
-18948.27689702481 -1460.8563252742194 -320.1705689183584 -0.28883007690069545
-16851.30640596604 -1470.4689832866156 -297.9163708578252 0.0009771462289986856
-14754.523758800931 -1490.0297964545107 -261.85980606000777 -27.527841493483088
-25241.42006260604 -1542.0160984303348 -243.20145369931438 1.8559291867439662
-21046.22731403747 -1494.9482460659626 -280.47222300850757 3.00078679690993
-18948.475455521882 -1463.1799225491827 -305.1197482916982 0.4409922910457581
-16851.397625095306 -1467.1079204727225 -289.05009851701664 -4.795379734762394
-14754.561308246293 -1483.8264035961893 -256.19575330170994 11.838284703709553
-21046.452707376495 -1498.6930083631398 -263.9260624197963 1.578474311812506
-18948.60771617413 -1461.9924062398522 -293.8595180026854 -16.903996054539714
-16851.47463754353 -1462.9944761764805 -281.00531802499637 -6.741430870112194
-14754.613064372686 -1478.3753922202163 -249.69472239220335 8.724417734833217
-21046.59759618966 -1498.174275593675 -251.93827913527286 -0.3962270591215412
-18948.67210046144 -1457.210178403745 -286.47898762559316 15.427017905175829
-16851.539021830846 -1458.2122483403732 -273.6898645114913 0.0016848474440667974
-14754.677448659999 -1473.5931643841093 -242.45038289289684 -0.0001304339818415219
-21046.78352652581 -1499.8290893287726 -237.6262700770932 -3.8979518625696814
-18948.843824116557 -1458.112610656494 -272.9627725914406 -1.6962907444165511
-16851.60340611816 -1453.4300205042662 -266.3723983467813 16.291249828754555
-14754.741832947313 -1468.8109365480018 -235.20403074238544 -20.60864407478459
-18949.083424136614 -1462.60975443602 -255.56610107976502 -2.383627333100642
-16851.735666770408 -1452.2425041949352 -255.12733497821716 0.3775616781817827
-16851.89476226461 -1452.4761529078191 -242.33000747872262 -0.6733450214880315
-29434.39369530058 -1324.1042528307617 -240.54592116231035 1.2003485154035902
-29433.839299702893 -1286.5516315412463 -265.49622637277866 7.105458448681001
-25239.790978217545 -1300.0922874771823 -255.4077911661262 5.284927266532248
-21045.594275841413 -1305.7747368196988 -242.81799359157364 15.381246417418351
-18948.421734207946 -1304.6868581942474 -236.8349550086104 25.831991278008445
-29433.66217041264 -1268.9789185052118 -270.4555067170424 27.938638357450145
-25239.58543556523 -1281.0148114764504 -262.4019732815126 30.4648381747319
-21045.496072556904 -1292.3819209078235 -244.36200996582443 39.13136554215808
-18948.378779127455 -1294.2199702692837 -235.4430942404751 55.20267854439731
-29433.617636812036 -1258.428432637765 -268.4075200115246 38.30318312238847
-25239.542480484735 -1270.5479235514865 -260.56449621061864 42.11843518455149
-21045.47995231836 -1283.336198005074 -241.324809401851 24.68215039905389
-29433.628351415446 -1250.803874757229 -263.4427843095078 -29.45821838158757
-25239.553195088145 -1262.9233656709512 -255.81381581017865 -13.448183677707638
-21045.490666921767 -1275.7116401245382 -236.78863159830706 -0.00040172303344247816
-29433.612231176903 -1241.7581518544794 -259.8840455846297 -26.22062339583199
-25239.54970301052 -1254.5464263080669 -251.82619048812987 -10.799702532273614
-29433.556647935493 -1230.6224803896503 -258.39129556510557 -0.7391050849647953
-25239.53358277198 -1245.5007034053172 -248.51467990815541 -25.065946467003243
-29433.49948617396 -1219.4032109823377 -256.97049947988296 14.99696191192493
-25239.47799953057 -1234.3650319404876 -247.32619199987386 14.528183331771727
-29433.469159254386 -1209.6051065972395 -254.1317355718151 10.470530270300745
-25239.44767261099 -1224.5669275553894 -244.76483778744407 48.15910227507178
-29433.453039015843 -1200.5593836944895 -250.54027794448385 23.454983841971906
-25239.472593895436 -1217.6947511572023 -239.21768541279837 -39.32730604034609
-29433.463753619253 -1192.934825813954 -245.5367927355084 -0.14665105663446923
-25239.454895136776 -1208.5654303119695 -235.96191626672942 51.1590277527422
-29433.474468222666 -1185.3102679334186 -240.52820047998358 36.78057586834273
10149.014499003726 -1046.976419767488 239.7136990533331 -0.9143845750916649
10411.189480069974 -1045.3356719746093 242.67268517312095 -1.0352724615370192
9624.585945902882 -1046.2280689994868 241.49306344932725 -0.2741973238694101
9886.39786734273 -1063.8148479777403 268.0120633707814 0.06253232694500574
10148.370797834285 -1072.8746368227091 284.14393262606336 -0.04564014134540386
10410.559985581565 -1070.4815075474817 286.21437630819247 -0.2330235273173853
10672.990686906413 -1055.2978930723275 272.5216224249684 -0.3845116644252266
10935.55714096113 -1032.924855543619 249.96266945984095 -1.39220073127118
8313.63244960329 -1050.4019616101216 235.2045234276273 0.3316813909836768
8575.767967666668 -1050.8511623793227 240.46440199390753 0.35503382717240867
8838.00924657774 -1045.6993010021502 238.9208536189612 0.09821409827501582
9100.158971322153 -1045.3961202890025 243.33202932526544 0.06598698118479215
9362.13190181371 -1054.4559091339713 259.2548968981569 0.023320950048915826
9623.943823253556 -1072.0426881122246 285.73158800640334 0.45907202544978737
9885.76837285432 -1088.9606835506129 311.50970718097744 0.5613147449192426
10147.701840343007 -1100.1104209576613 330.28451927528863 0.5301538515951537
10409.823151725352 -1101.3120032092106 336.8400401429475 0.2720635454425045
10672.227018208248 -1087.5495537562704 324.91633819470457 -0.05306623573653252
10934.832935265835 -1063.0865676654823 299.76371637106644 -0.19401808705339849
11197.519356849276 -1034.3600865080523 269.3503438470418 -0.7682284453833788
11460.1931502718 -1006.3023888904875 239.7775911782372 -1.8230701775308922
8051.178405514119 -1058.629801744606 253.088985240167 1.8666127101844971
8313.124501163722 -1069.110755611789 270.56112615460677 2.176414880194858
8575.258440706984 -1069.643554323473 275.9554096342327 1.5832029458760113
8837.447628454269 -1067.2504250482457 277.810215707391 1.3911449668665485
9099.568939836616 -1068.4520072997952 284.1008999692086 0.9718237629126492
9361.541870328172 -1077.511796144764 300.0808843319507 1.1122905699286287
9623.421668132954 -1091.5038635962405 322.2071268305923 1.257088782733465
9885.27305257567 -1107.0006940124147 346.2933207142863 1.8791656188133605
10147.179685222405 -1119.571596441677 366.87341868659 1.7716893662403643
10409.19207871683 -1126.5414367245662 380.60848046389765 1.0287189248308997
10671.422307987097 -1121.9747609447763 380.0974464018495 0.3417255765954037
10933.96034867975 -1101.1064863807653 359.38603303649353 0.03882307506481885
11196.754109630996 -1066.6953451344787 321.89810683099176 -21.969837233371237
11470.48070089729 -453.28485424966175 -417.3146401451549 -42.2166947132101
11722.518425786346 -988.5100930837884 235.43385537987086 -62.783543353143074
7789.126884054216 -1045.5401665458785 245.07165587998117 4.035460959781252
8050.856722448095 -1067.4740385332575 276.4029338729086 2.8030344111295213
8312.831231459764 -1076.4502294357433 292.0606346698407 1.2315031958155607
8574.925708000159 -1079.072976709507 300.02326421347686 3.669245104587104
8837.086482385375 -1078.184610398977 303.73449495491036 3.2955390005256033
9099.15412408382 -1082.2285226949546 313.5306993934544 3.822500001820866
9361.141261256407 -1090.535930057575 328.62010970270757 3.6124082859595363
9623.060522064061 -1102.4380489469718 348.20981852886337 3.579598036416706
9884.96557619068 -1115.0925493187176 368.82001493944466 3.1274581712220386
10146.858002156381 -1128.4158332303289 390.3535635449192 3.0628231116970683
10408.764634803114 -1140.9867356595912 411.0536488793234 1.4789942845859398
10670.778606817657 -1147.8729779999971 424.7848936585939 0.7084934247558337
10933.101968774698 -1138.3740236136994 418.199434910453 0.46836903589349455
11208.42917943739 -440.1952190509342 -424.4135047880194 -26.886000792298237
11470.95459196912 -419.99572802678875 -444.2280160521147 1.171540644643847
11733.574715707742 -394.78036045365224 -469.9716389118132 -25.338137672127864
7788.9409537180645 -1047.1949802809763 259.62262706015366 -18.550668596285526
8050.73866847688 -1065.5341407415785 286.5795815591679 -89.19782196901386
8312.725805649468 -1073.8415481041986 301.415998560757 -79.52898419549959
8574.79344734791 -1077.8854604001765 311.1113474471288 -45.96707518988784
8836.887923888306 -1080.5082076739402 319.120290313181 -20.212021381031615
9098.95556558675 -1084.5521199699178 328.9212063110246 -13.634571251846804
9360.941124239223 -1092.9431252750212 344.1189494600752 -28.135708344331274
9622.874591727908 -1104.0928626820694 362.78833886598903 -38.93292505499194
9884.793852535562 -1115.9949815714667 382.4742196663498 -30.275220480423975
10146.673650340344 -1129.9870490229432 404.83790213062986 -0.7333226961180481
10408.457158418125 -1149.0785909658941 433.63161524668743 3.283009033841318
10670.295914699926 -1165.2442049219335 458.92067777366225 1.9502447785559984
10932.431432763306 -1165.6934056911343 464.7378848516325 1.6740807634631272
11208.87623566727 -408.3272578502753 -449.5542029090523 1.956811494818083
11471.321143673149 -392.3912618927722 -464.330302058595 5.414222749807388
11733.778679839945 -375.7864823954036 -479.88891476631136 14.671243897693634
11996.182546322838 -362.0240329424633 -492.08081689738424 27.409322122501262
12258.53274312183 -351.1039135339512 -500.90191768938547 207.64790905251832
7527.14515251676 -1020.5624783999732 235.28979287419554 -26.089990820677645
7788.889197591671 -1041.7439689050036 265.5409040042622 -69.45208710829951
8050.781623557373 -1055.0672528166147 286.37219482233803 -13.79085130020995
8312.741925888009 -1064.795825201449 302.91704054384 -31.10820416482229
8574.768526063468 -1071.0132840019896 315.250253208893 -69.50774648657485
8836.83616776191 -1075.0571962979673 324.9857926946739 -86.13708815562157
9098.891181299437 -1079.7698921338106 335.5957108802597 -90.15106659770635
9360.903574793861 -1086.7397324166996 349.035646109636 -71.67570620645255
9622.851248963581 -1097.1370883413992 366.7620979539855 -64.62085511959222
9884.756303090202 -1109.791588713145 387.35741437473223 -48.4446463367935
10146.554017849016 -1128.1307491737473 415.0809683456069 -69.3096007713879
10408.285434763007 -1149.9810232186433 447.2914669381015 -5.756660796931101
10669.990016835049 -1173.2524622857534 481.425366915702 3.5571290924026737
10932.002410329475 -1180.2223025686424 495.38540407745916 -30.76386876479353
11209.176489526473 -384.23390530055264 -465.4429324143928 8.81564191605072
11471.51247964443 -374.0661673743891 -473.422600293867 24.84565327563847
11733.876883124456 -362.3936664835284 -483.1645903003114 30.31955644631054
11996.200245081494 -352.8947120972304 -490.3275750324453 25.07607038575269
12258.49519367647 -344.9005206756297 -495.69665355709975 1.6873065502007731
12520.80592747259 -336.07034982919726 -502.03700311716693 0
7527.107603071399 -1014.3590855416517 240.31923400433058 -52.68760859145722
7788.933731192279 -1031.1934830375565 265.2715625495926 -16.71449056527737
8050.852991999933 -1043.0956019269536 284.3439313714267 -8.064702665957995
8312.811715810454 -1052.907772254271 300.96026973876104 -14.334775909971945
8574.852522666946 -1058.3728495724629 312.34818117826177 -11.326772573265192
8836.920164365389 -1062.4167618684405 322.05791490021784 -14.126438758450298
9098.973599382802 -1067.213055646767 332.74371457224225 -13.337607759361882
9360.974943236422 -1074.7680815270385 346.8731526523486 -15.224551050636087
9622.921038886027 -1085.2490353942217 364.67133640091157 -8.398972431754496
9884.772423328743 -1100.7458658103956 388.73834572466535 -35.2305442645653
10146.557509926637 -1119.7538098108632 417.25908010876867 -21.034003593075596
10408.194215633743 -1146.61996040475 455.6611529357192 -75.15518779796696
10669.8577561828 -1172.064945976423 492.4873686847497 -95.89337365478642
10931.88435635826 -1178.2824047769634 505.50657208789596 -74.59954188462093
11209.258907609837 -371.6770688135092 -467.69873004128306 33.407063108881076
11471.569641405958 -362.84689796707664 -474.11184237326853 37.93085773307402
11733.905631523914 -352.6791600409132 -482.08648086536544 20.407664432693807
11996.189530478085 -345.27015421669483 -486.7906565418455 -32.15616398369522
12258.45764423111 -338.6971278173082 -490.48800647965453 -156.33275109315295
12518.560028386635 -446.8204785048497 -357.9283830549941 103.20047037223344
7527.137929990974 -1004.5609811565532 241.00313563816746 -24.84508495985546
7789.016149275642 -1018.6366465505131 262.5789712183045 -10.41161878773991
8050.949616764328 -1029.7863839575614 280.7027101317389 -9.482560201768997
8312.936753936918 -1038.0937913201815 295.4527803840005 -3.652695898424397
8574.990188954327 -1042.890085098508 305.9928384835088 -3.2648564109866864
8837.084665494722 -1045.5128323722718 313.9346915247508 1.543635956561706
9099.125472351216 -1050.9779096904635 325.4033339291057 -2.4886706044102973
9361.112609523803 -1059.2853170530839 340.41721687842414 -1.5946972259155003
9623.017663650424 -1071.9398174248295 360.8462243897431 -7.826745923029501
9884.85641993222 -1088.1054313808688 385.69671557363847 -3.481233584339964
10146.587836846214 -1109.9557054257648 417.68708029085167 -19.707619796136978
10408.210335872285 -1137.5742375020004 456.98234392429396 -22.821485527536797
10669.888083102378 -1162.2668415913245 492.8373539613639 -44.59609301817183
10947.019542256276 -368.5355887702805 -462.81180026821 0.1561125562784491
11209.276606368494 -362.54774796827627 -465.9069754823244 14.271659150206496
11471.571554963466 -354.55355654667557 -471.343674198793 10.230206461897879
11733.90912360154 -344.30222067802896 -479.4234599197317 13.632922634318373
11996.178815874675 -337.6455963361592 -483.24863100469673 33.16985791987667
12258.380631782878 -334.58368352106635 -482.8073019072166 25.525042484576918
12518.29359352463 -452.7387873065898 -338.32682375895763 -33.75061742974518
7527.221926594452 -991.9205467270267 238.26002606512915 -9.67105171563569
7789.141187402105 -1003.8226656164237 257.1659733387307 -2.026380838152351
8051.099911212628 -1013.6348359437411 273.62660538799605 1.6160698598592427
8313.087048385218 -1021.9422433063613 288.3376736126319 -1.5965523084990878
8575.15469008366 -1025.986155602339 297.9270716382857 -1.1789110604246846
8837.234959943022 -1029.3612843584513 306.7545990354521 -2.82987182271393
9099.302601641466 -1033.4051966544291 316.4510985631258 4.395538512875633
9361.262903972103 -1043.1337690392634 333.1631441835914 0.0582343238295093
9623.155329937805 -1056.4570529508744 354.36802796823883 2.386750420529864
9884.953044696618 -1074.7962134114766 381.8458326561333 3.6851249573079485
10146.657626768658 -1098.0676524785868 415.5428689775399 5.048143788458504
10408.267497633811 -1126.3549680946876 455.61779846761215 -17.93474551924855
10670.092047234579 -1143.2729635330759 481.77068745012485 8.85388942777761
10947.035662494818 -359.4898658675308 -460.9038816215131 7.681119572514357
11209.212222081182 -357.7655201321689 -458.9939695571696 10.740649652269854
11471.562418880172 -346.8454007236568 -467.88052829815206 25.716492059214428
11733.89840899813 -336.6776627974933 -475.8679075676394 -40.18215135403449
11996.141266429315 -331.4422034778377 -478.02554547621395 -56.84051024952381
12257.508045196791 -372.60360223634905 -425.29024937985497 -0.43091844979573735
12520.598567929621 -322.47604780322376 -480.49061941519 0
7789.278853689486 -988.3399011424688 250.9630349761258 -1.6712328302525057
8051.237577500009 -998.1520714697863 267.3842365193167 -1.866756318604381
8313.251549514549 -1005.0383138101923 280.3314688774207 1.5446450674132728
8575.331819373909 -1008.4134425663046 289.07261769240165 1.1248441424440574
8837.413667753388 -1011.7049733799337 297.7634291730599 2.9326498805002976
9099.440267928845 -1017.9224321804742 310.0774418771939 0.07240523158011956
9361.413198420401 -1026.982221025443 325.93195309978216 23.153165678058606
9623.278789544152 -1041.7266699592683 348.8335459980515 25.704624641949202
9885.037041300096 -1062.15577898195 378.83298386227654 33.76290133286287
10146.714788530184 -1086.8483830712744 414.23612591567 14.89590502535957
10408.390957240159 -1111.6245851030815 449.91852440577856 -0.3597714905696427
10670.512268622506 -1112.826167354631 456.5356618285073 -0.7621776529143169
10947.024947891408 -351.8653079869952 -457.3198639227963 -117.48910680404803
11206.535387003889 -491.3378871057305 -288.5116330306744 -14.18355136181645
11471.133396446343 -361.37429760116487 -438.22537001725124 -13.375280605699707
11733.968198920575 -324.7896098503154 -477.32649513640865 81.04681878930428
11996.116345144872 -324.57002707965074 -473.5874187312319 -136.52009280691274
12258.344995895026 -320.0869492423438 -474.8417675763617 0
7789.429148137786 -972.1883531286485 243.97287896726706 1.626036937696001
8051.389450468423 -981.9169255134827 260.2517076325358 -1.397405991772348
8313.401843962849 -988.886765796372 273.26319046478926 -2.8275860763466985
8575.496320503242 -991.5095130701357 281.0579646410745 1.4010693271614072
8837.563962201686 -995.5534253661134 290.63123017918826 1.6941421548434392
9099.577934216226 -1002.4396677065193 303.7248124018578 11.614685527220846
9361.47036018193 -1015.7629516181306 324.7519349112895 -10.235771868784898
9623.321744624645 -1031.2597820343044 348.5420912093107 17.14034934250583
9885.053161538639 -1053.1100560792006 380.25174060189084 0.14416012434856632
10146.743536929645 -1077.1338766286592 414.7954918065977 44.73068765386086
10408.514416846509 -1096.8942021114754 444.2382850089686 20.7723718307976
10671.027201217325 -1077.3634946271955 425.1799147017417 -11.032021764873898
11471.083218840065 -355.8396882827089 -432.2063552138307 -246.796450729848
11733.835938268327 -323.602093540985 -466.18349091057377 -177.01446486597845
11996.119837222497 -316.1930877167665 -470.917860174277 0
12254.807867355172 -499.2201948692405 -249.51283132018244 1.7685710366446257
7789.566814425166 -956.7055886546937 237.8129026381126 -0.030604643898721345
8051.553951597756 -965.0129960173139 252.33334677221947 3.384670088022744
8313.580551773213 -971.2304548178544 264.3942438062412 2.8185087222465293
8575.648193471658 -975.274367113832 273.88013990110215 0.19900464265499318
8837.701628489067 -980.0706608921586 284.33508761688876 0.0649248761176652
9099.661930819704 -989.7992332769928 300.8561443820774 -6.816844009147744
9361.554356785407 -1003.1225171886039 321.8471781620185 5.074113570989034
9623.339443383302 -1022.1304611890715 349.89825321757166 -23.144387217803434
9885.06928177718 -1044.0643331764506 381.6776822968791 35.325821220289924
10146.720194165318 -1070.1781022879888 418.7622543098313 23.92637232947981
10408.558950447115 -1086.3437162440284 443.73995118953815 55.6800925333817
10671.325876556411 -1053.3537400199557 408.06321452005477 43.2202765169813
10934.148050869726 -1017.4378358089718 368.80266445301487 64.05762575882991
11471.476605386042 -326.81405712647825 -453.824025917528 0
11733.798388822966 -317.3987006826635 -460.94226544519677 0
11992.702676211367 -488.9728897149413 -253.5343452261466 98.74670674504775
12254.648771860971 -499.4538435821242 -236.69293360616012 -7.883539055431827
8051.690039365022 -949.6138294858422 246.25801254291983 4.345662167569728
8313.730846221513 -955.0789068040341 257.37385888903685 1.6780437526836012
8575.798487919956 -959.1228191000117 266.82678873084836 -2.814781516928436
8837.839294776448 -964.5878964182036 278.0599722651851 -6.224714674926923
9099.772762265133 -975.737633825252 296.2715157778374 -9.696904527759559
9361.62414670785 -991.2344642414259 319.8745311928101 -16.16168647075586
9623.395026624714 -1010.9947897242423 348.80639832852387 -0.5318158436209699
9885.045939012853 -1037.1085588357805 385.6763769632439 -23.273436803296057
10146.668438038923 -1064.7270909120161 424.58669190063273 8.471351535719092
10408.494566159803 -1081.5614884079212 450.3733268339499 -0.6316603910412772
10671.356203475985 -1043.5556356348575 408.5152449299976 40.48512668396337
10933.62431722901 -1036.9826092354708 405.45204069706386 -56.974272857160464
11206.04547236037 -492.707616784247 -249.2620655303625 -4.464164972728692
11471.4516841016 -319.9418807282913 -449.3598803315115 0
11733.721376374735 -313.28525638642157 -453.2399355453801 0
8051.800870810451 -935.5522300341013 241.81780933555268 2.92522898401266
8313.868512508894 -939.5961423300791 251.18490412465943 -3.154791451625653
8575.977195730322 -941.4665081214941 257.9741594083846 -2.6847890726983454
8838.044837428766 -945.5104204174719 267.445286918415 -0.6513696448097046
9099.964098236418 -957.4125393068689 286.5206085579438 -2.2273263203859535
9361.761812995233 -975.7516997674711 313.5320521108329 -4.259567307038716
9623.452188386242 -999.7755203169298 347.6232105163403 -13.292914101000429
9885.04785257036 -1028.8152174153795 388.0381318971081 -11.609898139555773
10146.604053751611 -1059.9448630759089 431.23723035930504 -46.11391214952212
10408.43018187249 -1076.7792605718137 457.00871512956644 -113.99320667954532
10671.318654030625 -1037.3522427765358 413.40649002912295 -68.79098901715138
11208.445157972248 -357.4290007318899 -396.68616048948684 9.17595371579957
11471.387299814285 -315.15965289218394 -442.4370439354238 0
8051.899074094961 -922.159414122226 238.20135234195038 -12.27727246128678
8314.033013638227 -922.6922128339102 243.30078642305085 -4.543424135453762
8576.195366543558 -921.7202485808969 246.62165630788456 -1.673202081018783
8838.263008242 -925.7641608768747 256.05248658780215 -2.1258007023571794
9100.194897210571 -936.9974962264062 274.26209614620245 0.00461176336900636
9361.938942285484 -958.1789867314367 304.6661461885698 -1.9388476731195405
9623.548813150637 -986.4663023475377 343.8979158490304 -5.583841886255722
9885.063972808903 -1019.7694945126299 389.4833736456761 -34.933222435418
10146.593339148201 -1052.3203051953733 434.3914237753057 -56.36208784631774
10408.473136952985 -1066.3123726468498 456.6321465966438 -34.94268027580713
10684.676426279386 -321.7367100059179 -433.79476834733214 35.87968974434876
11208.931677204999 -323.47109096915153 -424.04835684462523 0
11471.337122208008 -309.62504357372796 -436.39555767816677 0
8838.534848739138 -903.1755712918492 241.25660240654437 -0.30411940345425664
9100.42727470484 -916.4988552034604 261.93880436366555 -1.4123852994896038
9362.1444849378 -939.101510730705 293.9978701891586 1.0727815687962377
9623.6738512771 -971.6523214134484 338.3518842708803 -4.86389402736138
9885.162176093414 -1006.3766786007545 385.6099077237413 -10.113312155491618
10146.745212116615 -1036.0851592390698 426.9628360481035 -10.023752258495017
10408.920193182865 -1034.444411446191 429.90468993979215 5.772077678431857
10684.651504994945 -314.864533607731 -429.2927291378377 -277.4935881049955
10944.768095831507 -422.23550281292376 -299.21666232857984 17.334549959552596
11207.978586093059 -365.7545047510765 -361.8061952236505 0
11471.299572762646 -303.4216507154065 -431.1362222667776 0
9100.699115201978 -893.9102656184349 247.12319442365208 1.0975069365298922
9362.335820909086 -920.7764162123217 284.2749535228233 0.12248420317594001
9623.838352406432 -954.7483919172794 330.2777600162679 -1.2017562485990123
9885.339305383664 -988.8039655647201 376.6375967485084 -7.934401522594455
10147.272772872351 -999.9537029717685 395.1453018671929 -0.9663220538607156
10410.053905662679 -966.2113452653472 358.66752348451297 -0.14565748772172513
10943.949178929324 -457.41309148377815 -245.09296058828804 -29.986778048164002
11209.112298572873 -297.52143857023276 -429.39133304838487 0
9100.944120857164 -872.7428410556236 234.06929720251537 2.1417081659948423
9362.527156880367 -902.4513216939387 274.58148638615586 2.2011769595307844
9624.015481696682 -937.1756788812448 321.4146188611471 -3.4771069945683264
9885.732691929643 -959.7783344084894 353.70389311331263 -0.8950403356597146
10148.204434777472 -942.4211734287721 337.2902841595355 -0.09747283101207777
10411.793769866574 -865.8766691709609 248.75651513343442 9.034770680558598
9362.6916580097 -885.5473921977697 266.63843232050016 3.105232266064789
9624.247859190951 -916.677037858299 309.0219342499747 3.531846520909542
9886.206583001474 -926.4892081856166 325.65042895770483 0.42336109950600653
10149.257642731432 -878.4516023145708 271.899588913426 0.3941521068516738
10422.351247431694 -298.56388636551077 -414.47910839622085 0
9362.829324297081 -870.0646277238149 260.439474586552 27.060099299958363
9624.424988481202 -899.1043248222645 300.21746423554606 13.040322637399058
9886.614176228484 -896.7111955470372 301.96082816881733 5.02689764584378
9362.872279377574 -859.597739798851 260.32333285425517 39.79581611332561
9624.50898508468 -886.463890392738 297.42077187824066 56.80320362252132
9886.805512199768 -878.3861010286541 292.24425774793957 18.672294297036053
9362.861564774164 -851.9731819183154 263.65019099537665 56.66181334994257
9624.484063800239 -879.591713994551 301.628783127093 -43.086903138766424
9886.875302122213 -866.4980480814761 290.36161102750197 -18.05830479887873
9362.756138963867 -849.3645005867709 273.0394391892369 -61.02874674099668
9624.50018403878 -870.5459910918012 303.207742297307 -51.365752271431624
9887.012968409594 -851.0152836075213 284.1363229206803 -11.617803659582254
9101.162388337254 -812.0314620679202 236.12157158399322 -85.40019702721065
9362.75963104149 -840.9875612238866 275.4649269825035 -59.7455208173679
9624.71993337213 -850.7161336087208 291.7438267001537 -5.166768734188143
9887.499487642344 -817.0573738447829 255.59209327414268 8.88090102737683
9101.219550098782 -800.8121926606076 235.17208109423518 -22.243410855245187
9362.950967012774 -822.6624667055036 265.89973358753315 -6.0149170758778
9625.274328969816 -813.1635123192054 258.9207082728514 10.440618552850259
9887.637153929725 -801.5746093708281 249.43393237716933 -8.637850856471074
9363.330146877719 -794.3892170316215 244.3917911575227 -0.5268442857743771
9625.397788576163 -798.4331293275993 253.7006037032685 -8.795677735792212
10412.988522852962 -614.1869164314954 233.90055805284285 -1.060150794310248
10675.138247597375 -613.8837357183477 237.8270880887333 0.009589142092212464
10937.352691666492 -610.1530393633893 237.68858404085117 1.9652878766572337
10150.70969449653 -613.1353849503465 240.93762143509556 0.4490814474595746
10412.750501353023 -618.6004622685384 251.7115932690514 1.765915039700346
10674.871812735368 -619.8020445200879 257.4452313415957 2.6385571630730396
10937.13992648839 -613.2290181207013 253.91141088168084 -17.446894776152927
11199.45066028451 -604.3988472742689 247.69374246291645 -94.42732198289913
11461.854526767405 -590.6363978213285 235.57920910812828 -74.70492333659126
9888.658173036629 -600.0457497516189 233.69362366371345 -38.83026386118797
10150.563227163248 -612.7002501233648 252.95945665745165 -17.648177511963524
10412.57719917779 -619.5864924637707 265.4298613914301 -44.54176866371481
10674.73955208312 -618.6145282107574 268.5653924740058 -104.43517387193609
10937.08974888211 -607.6944088022453 259.8269602397034 -56.13474124124642
11199.60095473281 -588.2472992604486 240.89350378838938 -7.381178001121611
9888.633251752186 -593.1735733534321 238.06286858876913 -45.984423484297885
10150.498842875937 -607.9180222872574 259.79992769242597 -102.86512163907128
10412.553856413462 -612.6307181231006 269.66431519612127 -69.96519598671992
10674.88984653142 -602.4629801969371 261.7995275968934 -8.152712883111352
9888.663578671763 -583.3754689683337 238.96020075351294 -34.11187154770842
10150.556004637463 -596.6987528799449 258.97572364716996 -26.299257459062105
10412.784655387613 -592.2156750426378 257.85113812966534 -4.447503168327372
10150.80101029265 -575.5313283171334 246.33097382612962 -3.409267569758909
27331.186177480457 910.0493617363172 236.8980401668178 3.2138532257948325
27396.730712007076 910.5013476557784 237.4268303238872 -3.045978983176267
27134.57185117937 917.9063227656494 237.1088636379838 3.9139168080057605
27199.993261137035 911.8376691714224 245.24233095959727 3.1962266744009233
27265.48412597975 909.4473250464554 249.08728940607122 -6.73095471696003
27331.01445382534 909.1469294835681 250.4936385456968 -162.82624072493246
27396.63949287781 913.8624104696718 246.0374397998901 -73.1142131735645
27003.566778729608 929.6427853562535 233.8819910273935 -2.7225176031167213
27068.977139046474 922.9889461646441 242.67668922862794 -4.56569082136812
27134.398549004134 916.920292570417 250.80029693962192 -108.36926773355187
27199.87520716582 913.7775669631015 255.51723901354845 -147.39915586393465
26938.05414964268 939.0725017643738 234.40853086465128 -13.899425609688322
27003.462931439426 932.3350646302812 243.28588580075194 -61.111522119167525
26872.539942035633 948.418620230011 235.05048350907242 -21.921263507700722
26937.988186835253 943.771131657998 241.4811417834823 -45.505664516444746
26675.870367530526 953.3496532724317 238.80765947374158 -42.93923797193733
26741.4417368991 955.2228042141071 237.64685967802038 -46.7704986837592
26806.99889958664 956.3435736734339 237.36118031695472 -36.59142499336597
26872.51502075119 955.2907966281978 239.6028205371939 -120.58925561999722
26610.329325081533 961.2746067158547 241.14125318067295 -68.97197956659963
26675.8470247662 960.3054276131019 243.27467099435378 -54.662823356647884
26741.443650456607 963.5161456345082 240.55968394256345 -29.53827870755414
26807.000813144146 964.636915093835 240.27132010948733 -61.548724813122796
26610.332817159157 969.651546078739 243.96858260719745 -47.36790468646946
26675.889979846692 970.7723155380658 243.6742795746646 -13.251476048398782
26741.486605537102 973.983033559472 240.9578238207771 -30.235525657790642
26610.4026070816 981.5395990259169 242.7352145117266 -16.18877202309684
26675.959769769135 982.6603684852437 242.43706545643388 -17.95557514500646
26610.51343852703 995.6011984776577 238.9994747647296 3.7069207523371417
26676.097436056516 998.1431329591986 237.05226665954095 57.7385676844857
26610.59585661039 1008.1580349647011 237.02018016787383 18.948842219108503
17377.16930169288 1485.094459849235 -240.3685411676236 14.3374656819327
17508.4588428007 1496.6153703835216 -251.6343257269923 11.932371322773124
17639.53212665279 1496.6833627976123 -250.81785591179457 12.160471535089297
17770.378103608353 1484.7132514941245 -237.27176183376764 27.232296044557923
17377.278554618195 1499.0724613584923 -242.55921834456757 79.62566731025491
17508.582302407045 1511.3457533751277 -254.61506981752885 76.26838457705269
17639.655586259138 1511.4137457892184 -253.81093542172522 68.64311639671865
17770.433686849763 1495.8489229589538 -236.49658383222217 48.93767621058647
-25226.78852017592 1207.1379135578618 235.25070072193154 -6.316017759100188
17508.301660864006 1504.675063091039 -235.0458432524847 -2.7779930798420653
-25226.717151733363 1219.1095644475229 238.1640279854197 21.836142892879682
-25226.688403333897 1228.824070890138 242.90266436957808 -24.49480542570042
-25226.61703489134 1240.7957217797991 245.8387767256197 13.493925392110564
20382.342764746103 1023.8622034167626 349.9162581981912 0
20513.941695796424 1051.7683106777533 320.33079127223283 0
-25226.574079810845 1251.262609704763 249.99304337049392 -12.512284853666946
20252.48211937957 1096.2071743076747 280.63591619108615 0
20378.117401436204 808.2802548671978 604.7328643301237 0
20509.151222285425 806.2582987192088 608.7097264711687 0
20645.880343708814 1105.8577190505466 274.2534355744052 0
-25226.504289888402 1263.150662651941 253.01962508527052 20.313366298879018
20252.741331715788 1118.1269803528346 268.92878323972775 0
20379.157981229244 871.5810424415337 545.7131874831341 0
20510.177595397432 868.806704811196 550.4747533730688 0
20645.129303171565 1074.274841906469 321.86014615084054 0
-25226.473962968827 1272.9487670370395 257.728994307772 -22.75593048925623
20383.88598401044 1130.1666236565866 269.57194761683985 -19.11383522764763
20515.039772388383 1134.4981111373197 266.19487582204545 18.925660966221766
-25226.40417304638 1284.8368199842173 260.7782021577557 6.528533942541712
-25226.34858980497 1295.9724914490466 264.4396762265158 -0.2673081745343871
-25226.291428043445 1307.191760856359 268.04546134314177 7.789887386547463
-25226.24847296295 1317.6586487813229 272.26072715484906 -14.783858937495951
-25226.177104520393 1329.630299670984 275.2901734396444 13.504585876042919
-25226.1341494399 1340.0971875959478 279.5260536287251 0.47988623208570064
-25226.091194359404 1350.5640755209117 283.77155048943985 -9.35968750659939
-25226.034032597876 1361.7833449282243 287.43109184669 7.778792556351508
-25225.991077517385 1372.250232853188 291.69651256772494 0.4814689151280508
-21031.942756032036 1358.7095769172522 237.24475135840854 -0.0004495474582282309
-25225.94812243689 1382.717120778152 295.97154996039404 0.48096965567787653
-21031.899800951545 1369.176464842216 241.22477463036546 -0.0005154939479622104
-25225.905167356395 1393.184008703116 300.25620402469696 0.4814775321214513
-21031.85684587105 1379.64335276718 245.21441457395616 -7.366092171937188
-25225.862212275904 1403.6508966280794 304.5504747606336 8.298099026297555
-21031.799684109523 1390.8626221744923 248.5997319922681 26.195134598646668
-25225.831885356325 1413.4490010131778 309.38068824400676 0.4776450563405751
-21031.78356387098 1399.908345077242 253.76769603809635 -25.181566619155046
-25225.801558436753 1423.2471053982763 314.219329989052 -22.958990708617318
-21031.726402109456 1411.1276144845547 257.1729699679473 15.39433911237204
-25225.731768514306 1435.1351583454543 317.4253524415614 20.244598180126154
-21031.696075189877 1420.925718869653 261.745072401387 -14.459630462409796
-18934.591409921355 1418.4188859683275 234.1558183574713 -0.000041065292305383756
-25225.70144159473 1444.9332627305525 322.2826463881568 -15.431335386967387
-21031.640491948467 1432.0613903344824 265.23895334806724 6.675864343354546
-18934.54845484086 1428.8857738932911 238.04941046002216 -12.717464831661397
-25225.64585835332 1456.068934195382 326.1005974063733 7.052850996273123
-21031.597536867972 1442.528278259446 269.286370045578 -7.370423341305102
-18934.478664918417 1440.7738268404692 240.77997527035282 20.500443015242674
-25225.602903272826 1466.535822120346 330.4526448962301 -14.104460861743556
-21031.540375106448 1453.7475476667585 272.7336128292392 -0.0007160395347290927
-18934.44833799884 1450.5719312255676 245.24530165035367 -7.965586963606076
-25225.53153483027 1478.507473010007 333.6385158469433 7.126802064264605
-21031.48321334492 1464.9668170740713 276.19190290065075 -0.0005414921876816693
-18934.405382918347 1461.0388191505315 249.16843428485913 -7.407268956778852
-25225.475951588855 1489.6431444748364 337.4892804076169 -15.404776463231846
-21031.426051583396 1476.1860864813837 279.6612402598126 -9.726902417286531
-18934.348221156823 1472.2580885578438 252.48247117744248 -13.781871734900648
-25225.377748304345 1503.0359603867116 339.5920179903286 -9.104459152428618
-21031.34363350003 1488.742922968427 282.06162237447836 -11.724620259258506
-18934.251596392423 1485.567306527236 254.09122574782415 3.554506539074271
-25225.227453856045 1519.187508400532 339.56455829353797 -2.7105870086180412
-21031.205967212652 1504.225687442382 282.11710167712164 -0.0002982253641938336
-18934.167599788947 1498.2077409567626 256.2639254048925 -12.833510388608362
-25225.050324565796 1536.7602214365666 338.45677088084386 -1.105321811294888
-21031.06830092527 1519.7084519163368 282.1936081903607 -6.2959378726609
-18934.017305340647 1514.3592889705828 255.57585440014319 -3.800881247675733
-25224.85898859451 1555.0853159549495 336.7932442460593 -3.299568247314266
-21030.86275827295 1538.7859279170686 279.4040468352347 -0.7186935719920553
-18933.82596936936 1532.684383488966 253.13465079569326 -1.6564301312544298
-25224.61240441921 1576.336338460244 332.8978093146769 4.433840287166168
-21030.644587459716 1558.5321874576657 276.11051042681527 -0.00020224482637179548
-18933.607798556128 1552.4306430295633 249.56416287471063 0.7186486776111883
-25224.43527512896 1593.9090514962786 331.87809299033216 1.6041738712409948
-21030.42641664648 1578.278446998263 272.8511654187524 5.399195198950638
-18933.40225590381 1571.508119030295 246.5719734748107 3.197425681274487
-25224.270773999626 1610.8129809924474 331.4002146360049 27.292071227081745
-21030.276122198182 1594.4299950120833 272.49444448123023 6.477186370100249
-18933.237754774476 1588.412048526464 245.37668454078013 7.716207180454262
-21030.165290752753 1608.4915944638242 273.8258601596535 88.25181716405677
-18933.126923329048 1602.4736479782048 246.51092707342025 -13.261639837581253
