# x(um) y(um) residual(um) curvature(1/mm)
294.6766561918952 -1369.9547079767153 285.91517545463 -71.91672815297825
304.02482596949324 -1365.5115064519089 289.263229310841 23.314318313569807
312.89479219229383 -1362.906058174949 291.348635767363 -61.90915969070362
244.89482743484882 -1364.1831622628406 277.8525527221793 -41.09487745319731
252.86152027636552 -1365.0490256762596 277.5209531973058 7.423678755659516
261.0407480311255 -1365.0981098684133 277.76004401481003 -18.901903458091613
268.7949059593989 -1366.7807525030978 276.8776377048222 -22.165700486486326
276.3099621102736 -1369.3822717617059 275.370543930586 -2.322810424232628
284.1438206310133 -1370.758622188416 274.71605450365905 14.709155345336049
293.14662117459096 -1367.6426868981655 277.1540449551666 -21.605818229925045
302.2556891747903 -1364.1183619972824 279.86919851990996 -117.3700234665415
310.5411843861719 -1363.7590565788032 280.41603898552404 -137.88603063599396
316.94043224251936 -1370.6486667490553 276.0141083847389 -95.21661592513543
320.12508953606215 -1389.8920626409483 263.1822733958537 -25.679871121571917
-497.4755020299656 -1942.2321251514195 -198.2808906848587 -203.77611872598212
205.3113081083736 -1350.7012981390972 275.66192866382823 -151.08137122664607
213.17173349326868 -1351.9755511631488 275.0023263791779 -84.55442183921666
220.92589142154208 -1353.6581937978335 274.06624881414393 -54.00561950171204
228.09557833839645 -1357.5869792909982 271.57872962946885 1.560549899804505
235.47780016849413 -1360.6989855628974 269.6697049761354 15.50793122995777
243.33822555338915 -1361.973238586949 269.04449242806163 23.574220691058787
251.54402017230453 -1361.9202253764445 269.3447564533497 12.19639806497756
259.8560822478415 -1361.458822555307 269.9317602014016 -20.708659702116176
267.47740585533785 -1363.6519522032825 268.6922267328801 -5.2507177938786365
274.9924620062126 -1366.2534714618907 267.1805124665746 -43.913138442140166
282.7200530703306 -1368.0382114992333 266.2404931253704 -94.57565314716577
291.37748437988796 -1366.2495424435394 267.7631410453345 25.164025415800158
300.14118314606696 -1364.052483777213 269.5664588037635 -99.72139773106937
307.7625067535633 -1366.2456134251884 268.365128640997 86.61277763175876
312.8865451304511 -1378.0358989230333 260.60782000779295 106.70219309065263
314.84912667284505 -1401.9757753372032 244.54660664585256 31.08132821897993
314.3144229846304 -1435.5128076012427 221.89966614739757 -11.862259730816152
313.4609169265508 -1470.2750086971803 198.3877179719421 -39.893069672020204
-497.48785938530506 -1902.6054679104773 -176.75220273373125 -246.616595091288
-494.0375334502081 -1920.8278897757882 -191.15937062065495 12.60334210965006
-489.9230359112259 -1936.4978765746446 -203.46235322666752 19.451224845668015
-485.1443667683585 -1949.6154283070462 -213.65896760893787 28.81782295942977
-479.88749407069366 -1960.8952267916004 -222.3335438618758 71.85818748677585
-473.72734799174486 -1968.7037135857765 -228.15033159690685 -13.282296837639738
150.88027812413043 -1362.7967978904055 255.559919687219 -289.2815705842806
159.64397689030943 -1360.5997392240788 257.3157706552629 -45.56637350876372
168.40767565648844 -1358.402680557752 259.0713582001663 111.4029792768232
177.62301111330933 -1354.4699660462363 262.0432840344062 -87.56784557255966
186.59924479273164 -1351.456128158644 264.3675644384157 -23.451832479937206
195.57547847215392 -1348.442290271052 266.68947022085683 -47.927726410074065
203.67500563444764 -1348.79766667118 266.66054457107293 -1.903197052868472
211.64169847596435 -1349.663530084599 266.2818277161912 -4.304647327967268
219.36928954008235 -1351.4482701219417 265.2709048886347 -5.203340696725531
226.77807823433542 -1354.4581789911826 263.41758880669244 1.3221737407328704
234.29313438521015 -1357.0596982497912 261.85803626865834 17.58502207618403
242.36609468334848 -1357.5171720525773 261.7934502683148 -0.42234462559834557
250.54532243810846 -1357.5662562447308 262.01708823762755 -11.29196532833141
258.51201527962513 -1358.4321196581498 261.681686037636 -12.905001633629642
265.9208039738782 -1361.4420285273907 259.87429588939136 -31.844310413525786
273.09049089073255 -1365.3708140205556 257.44432206953826 -24.784999770995906
280.39301212836403 -1368.7891125004292 255.37759153628403 65.06673978249428
288.46597242650233 -1369.2465863032153 255.3570573191067 26.03221244246486
296.3263978113974 -1370.5208393272671 254.7818442690976 109.31308582953261
303.15071549423146 -1375.7768910549885 251.4846965938514 52.025905896452024
307.2652130332136 -1391.4468778538446 241.06282864307497 10.439707612797429
308.21825373770196 -1419.2664555690253 222.31463538783314 -75.0120381191026
307.68355004948734 -1452.8034878330648 199.62552341314563 -112.22806697135509
307.3879481386714 -1485.4216434731807 177.55059308423637 -109.23329152051171
-495.1656991000748 -1885.48932344649 -173.1623899054135 6.661181084262354
-490.38702995720735 -1898.6068751788916 -183.398298872373 19.42434378643775
-485.1301572595425 -1909.8866736634461 -192.11582703759697 21.059442882572927
-478.97001118059376 -1917.6951604576218 -197.98247497037502 4.972541411713523
-473.0489668790437 -1926.4225238757213 -204.5823028907985 22.305942074547772
-465.77301250556764 -1929.9429197582533 -206.9210460391122 4.977870300101919
-458.25795635469296 -1932.5444390168616 -208.50047019161508 17.629506030960354
-449.6005250451356 -1930.7557699611677 -206.5008718340174 -7.238104128289699
-441.4212972903756 -1930.8048541533212 -205.99216379111598 -2.542006653956262
99.15906828373902 -1364.4783625705784 242.88890687996712 -134.51198600825057
107.47113035927605 -1364.0169597494412 243.3981535239937 -522.3023427951085
115.88945989143471 -1363.147167317671 244.20094748660046 -1.811688240140464
124.17495510281633 -1362.7878618991915 244.64511056185955 20.955374522775664
132.48701717835337 -1362.3264590780543 245.1655394759698 7.912374644435642
140.69281179726875 -1362.2734458675498 245.4014550904206 20.53124977971438
149.3236762426707 -1360.5868742145137 246.79367866690689 6.724060187176462
158.19364246547133 -1357.9814259375544 248.83344625338634 5.059275315021467
167.19644300904903 -1354.8654906473041 251.23041042717628 -2.5586412353762076
176.3055110092484 -1351.3411657464212 253.91096696248357 -8.800805754094808
185.17547723204902 -1348.7357174694616 255.94497337142482 -6.639316063620695
193.91260913407262 -1346.640756205793 257.6211936778619 -8.285793506119335
202.01213629636635 -1346.9961326059213 257.5890409906145 -2.6013570569025424
209.97882913788303 -1347.86199601934 257.2070346795889 -2.842295627524087
217.70642020200103 -1349.6467360566828 256.19271004226414 -1.3151262406159792
225.46057813027446 -1351.3293786913675 255.25766918504075 -6.2073102826579545
233.18816919439246 -1353.11411872871 254.26001013069617 7.119509662414527
241.26112949253078 -1353.5715925314964 254.1899805056741 -3.3704999205117154
249.46692411144616 -1353.5185793209916 254.47874589044304 -25.03163618862373
257.08824771894245 -1355.7117089689673 253.2213149310322 -20.145531159374137
263.8062979451549 -1361.3761503073213 249.57830003101287 8.66019748891263
270.0727114807253 -1368.7762474908643 244.75271972873657 56.56099969889128
276.47195933707275 -1375.6658576611164 240.29484428001422 65.54403463671233
283.64164625392715 -1379.594643154281 237.89095489294735 100.31843958473736
290.8113331707815 -1383.5234286474458 235.49896507827071 111.70633445112135
296.62611001570997 -1392.659181676178 229.54095439294807 21.973024024737086
300.1827034074285 -1410.4732139308562 217.63410766755248 10.720518213592813
301.2154447043831 -1437.9864994380625 199.0626324612919 -175.02792600749606
301.9293836314728 -1466.724953777167 179.64341885329137 12.844469263908035
-492.6310039016013 -1867.5563997612376 -168.92224028787058 7.997951612983102
-486.70995960005115 -1876.283763179337 -175.58398686924636 17.388361814178005
-480.3372786078591 -1883.2754707522472 -180.8153145917544 13.968083599894575
-473.51296092502514 -1888.531522479968 -184.61863948398826 9.876315450108024
-466.21043968739366 -1891.949820959842 -186.91415836453652 12.66352028436696
-458.24374684587696 -1892.8156843732613 -187.12582545631304 2.0054239573040418
-450.06451909111695 -1892.8647685654146 -186.66852445193106 8.065197546467333
-441.167986004161 -1890.1572228857972 -183.9742327434596 -13.010179694976753
-433.2012931626443 -1891.023086299216 -184.17037468470457 -8.459735348374695
-425.712803875925 -1893.7267029604823 -185.8441951072704 -15.984929691503718
-419.7651927102195 -1902.3519689759237 -192.28783876884972 -6.711490005188568
-414.7474217899533 -1914.5506440844017 -201.59932242225548 -0.02420737431070556
-409.7296508696872 -1926.7493191928797 -210.89276253953875 -2.882620262593498
55.059182050844065 -1368.3530568987271 228.9643687713798 30.32019262605811
65.07152343232733 -1361.3574203074654 234.13471098048038 -82.41720998789616
74.15402456837126 -1357.9351928092406 236.73795840376187 -233.9168038992259
82.12071740988794 -1358.8010562226596 236.27878714088985 -18.09971241587461
89.981142794783 -1360.0753092467114 235.53523826469723 -2.4104695453336524
98.18693741369839 -1360.0222960362066 235.74355796866095 -12.788336177006471
106.60526694585705 -1359.1525036044366 236.5368534339635 -17.7435842203387
115.02359647801572 -1358.2827111726663 237.33307054097205 -17.83908677738128
123.2028242327757 -1358.3317953648198 237.4815291215484 -11.299935921232162
131.27578453091402 -1358.789269167606 237.34615588347307 4.360759977946551
139.4815791498294 -1358.7362559571015 237.57703364214564 -0.2026908812904315
147.89990868198808 -1357.8664635253313 238.38843693894626 7.009301012691991
156.87614236141036 -1354.852625637739 240.71150008102975 -4.940629078478635
165.7726754483664 -1352.1450799581214 242.81708551253908 0.19121770556034332
174.74890912778872 -1349.1312420705294 245.1358060582286 -3.9775679645584665
183.51260789396773 -1346.9341834042027 246.88067293849033 -4.570646641006515
192.03720488274803 -1345.6560013617998 247.98344879816023 -2.304560931172575
200.2429995016634 -1345.602988151295 248.23375820920506 -2.275096333439053
207.9705905657814 -1347.3877281886378 247.20886472709861 0.31735716033958183
215.8310159506764 -1348.6619812126896 246.54745066619355 0.07005294491720784
223.7977087921931 -1349.5278446261084 246.17713369490014 0.553575462432521
231.97693654695306 -1349.5769288182619 246.3799360552525 -10.90936548143575
239.94362938846973 -1350.442792231681 246.0220639224326 -29.44315756984898
247.8040547733648 -1351.7170452557327 245.38839196681522 -11.118676286808395
254.86747423359756 -1356.0542203595303 242.6464106742225 20.118858326765523
261.02762031254633 -1363.8627071537062 237.52050513867786 35.40571572435687
266.4970279234544 -1374.325726416995 230.57864997118486 -0.18764798821845646
272.0727029909842 -1384.3803560696508 223.93637745341056 -76.57686727113172
278.3391165265546 -1391.7804532531939 219.1428312486029 -104.99965696212976
284.84463183952374 -1398.2616738128133 214.99852252627485 -183.2256820261471
289.9686702164115 -1410.0519593106585 207.21177182288076 24.534207873513534
293.63153106475175 -1427.4576019547042 195.57216354602954 -11.632612491671063
295.939481841166 -1450.0702121343172 180.35435691066021 22.416797117247317
-483.7236277109357 -1856.615183648895 -169.95876679780977 17.820092311786475
-476.20857156006105 -1859.216702907503 -171.63445264157946 6.435502353853449
-468.480980495943 -1861.0014429448458 -172.6373880354632 8.81909157850962
-460.27518587702764 -1860.948429734341 -172.14222624004805 4.599976062819867
-451.64432143162566 -1859.2618580813057 -170.320136380418 -6.1978061866869725
-443.22599189946703 -1858.3920656495354 -169.15712809033613 -1.5502589390675154
-434.80766236730835 -1857.5222732177651 -167.99119815854823 -9.204372851993464
-426.84096952579165 -1858.3881366311841 -168.22123976135663 -3.9909692339667466
-419.08681159751825 -1860.0707792658689 -169.1022352918869 -13.35491902294656
-412.26249391468417 -1865.32683099359 -172.8493405643035 -5.363054540777375
-406.10234783573543 -1873.1353177877659 -178.63494557980903 3.686636955686933
-399.94220175678663 -1880.9438045819415 -184.4042984729916 -2.257386020765212
-394.47279414587854 -1891.4068238452303 -192.29017467184894 -1.1319705629614152
-389.66755813885567 -1904.4222781749738 -202.20921753592174 3.4771505178596236
-384.8888889959882 -1917.5398299073754 -212.19230407231913 -14.180953988717189
-144.53319367856167 -1938.3087647743785 -209.01006456260626 -14.831696836900528
-0.7035575462761191 -1417.0485109938204 182.6136303363449 -79.82049734589806
16.774072662877497 -1381.363504255608 208.66401722985182 -41.76604579224266
29.283699274969372 -1364.7707118144767 220.78832549125065 -41.51828791870778
39.16320633567561 -1358.2855622365062 225.59414762790007 -51.43405088653576
48.1394400150979 -1355.271724348914 227.89619706927243 -91.3418301408251
56.79687132465526 -1353.48305529322 229.31802403844014 -87.90314173569782
64.97609907941523 -1353.5321394853734 229.42583082002233 -62.13485157589797
72.83652446431027 -1354.8063925094252 228.66321407370828 3.3979260002625593
80.351580615185 -1357.4079117680335 226.96082657561286 4.767655169027959
87.97290422268136 -1359.601041416009 225.5593696672549 -2.399380093403118
96.39123375484003 -1358.7312489842388 226.34724952871485 1.0170822742465877
105.15493252101903 -1356.5341903179121 228.08104750025697 -2.729371424288636
113.91863128719804 -1354.3371316515854 229.81458204865842 -24.831658180610397
121.99159158533631 -1354.7946054543718 229.66838242513612 -6.1445703086234795
130.09111874763005 -1355.1499818544999 229.6001790177134 -11.517162347643028
138.05781158914672 -1356.0158452679188 229.17711954321544 0.3524178130270951
146.34330680052835 -1355.6565398494397 229.62450865445402 14.632301605766145
155.34610734410606 -1352.5406045591892 232.01605819050744 3.789323242493331
164.32234102352834 -1349.526766671597 234.3332538922783 0.8610946050272396
173.19230724632897 -1346.9213183946376 236.36177931007444 -4.030618194982625
181.74347109926472 -1345.5410389495767 237.5316101368693 -4.4045929357901645
190.02896631064633 -1345.1817335310975 237.98979448910876 -0.01579619530380131
198.12849347294005 -1345.5371099312254 237.95341072522837 1.8106303852549248
205.85608453705805 -1347.321849968568 236.9267008621618 -0.5210053362742451
213.82277737857476 -1348.1877133819871 236.54778424015245 0.027686796362551398
221.89573767671308 -1348.6451871847735 236.4592505634918 -0.08062079704590293
230.1015322956285 -1348.5921739742687 236.73066831200546 -15.16895236527747
237.9619576805235 -1349.8664269983205 236.0874057539637 8.774508662653023
245.23791205399957 -1353.3868228808524 233.89744579855696 38.75811994348557
251.8496948235903 -1359.459653829839 229.95414919758963 28.619623261676292
257.7707391251404 -1368.1870172479387 224.19111247205313 -2.5875704864921856
263.1338792794269 -1379.05842612186 216.96360421362832 -23.265836164353136
268.3907519770917 -1390.3382246064143 209.47179008489505 -44.52880675907532
274.20552882202014 -1399.4739776351466 203.47889129027166 -79.40485717646057
280.23284058019186 -1407.7929514426135 198.06698450298973 19.542656788793998
285.5959807344783 -1418.664360316535 190.91038670834754 31.039998109764873
289.94958005085914 -1433.4154704914674 181.0938556657434 -39.6051114449333
293.9312432690643 -1449.5959443036147 170.30770570193818 59.658231422166864
-377.409390659502 -1849.121705116824 -168.2984937130945 1.0221985900936317
-370.79760788991115 -1855.1945360658106 -172.65499965479452 -4.226916221932901
-365.0890985016044 -1864.7386787051757 -179.76762786941683 -5.423658317397246
-427.81683117763475 -2137.2857305920347 -399.74842967065933 -13.15158482930583
-416.9012164148676 -2126.8187823103945 -390.35945849685515 -186.3147302779713
-146.96650207714987 -1939.468055386207 -220.36873110056533 1.0818609753517745
2.9469459467246586 -1394.8274963969236 188.4437099642221 -15.863650269559395
20.318308699256637 -1359.550879269344 214.11588109309335 -16.446062510893942
31.23392346202388 -1349.0839309877042 221.78207513987937 -121.48510543274253
39.54598553756088 -1348.6225281665666 222.2360670720102 -82.11285571410637
47.40641092245593 -1349.8967811906184 221.44852228137327 -9.532314705387815
55.13400198657392 -1351.6815212279612 220.30255371135166 13.287752219113154
62.542790680827025 -1354.691430097202 218.28795646938042 20.36535874583485
69.92501251092469 -1357.8034363691013 216.21083994442338 21.94905529238521
77.3338012051777 -1360.8133452383422 214.21730138540676 -6.492646564959754
85.40676150331605 -1361.2708190411286 214.0550426542172 -4.434775406766625
94.3032945902721 -1358.563273361511 216.1523335812015 0.36888922849652456
103.38579572631602 -1355.1410458632859 218.75591609587426 -0.9261825438101373
112.38859626989372 -1352.0251105730356 221.13879332382143 -13.714146930606592
120.46155656803207 -1352.4825843758217 220.9888293925569 -3.0459327665531397
128.42824940954876 -1353.348447789241 220.55585260949394 -1.4460812799501197
136.2886747944438 -1354.6227008132928 219.8410792741858 15.08497457770678
144.91953923984573 -1352.936129160257 221.22164601572197 15.979883947673715
154.0286072400451 -1349.4118042593739 223.89654812483462 6.6476118432713
163.00484091946737 -1346.3979663717816 226.20916661654775 -3.214054245219856
171.76853968564637 -1344.2009077054552 227.9467984702647 -11.051512846567938
180.0806017611834 -1343.7395048843177 228.46935713351496 -6.594947070338115
187.8081928253014 -1345.5242449216603 227.42575073531614 3.6701626431219365
195.7748856668181 -1346.3901083350795 227.0320120433542 -0.06703482027816417
203.63531105171313 -1347.6643613591311 226.36020973031222 0.3821953690905302
211.7082713498515 -1348.1218351619175 226.26441821669394 -0.3259176993802952
219.67496419136816 -1348.9876985753365 225.89056308199568 -2.861720737947518
227.77449135366192 -1349.3430749754646 225.87765952270883 17.188999228476032
235.05044572713794 -1352.8634708579964 223.6764596249227 20.987505244539406
242.00759773074904 -1357.6090355724266 220.6380064062145 10.536405975230393
248.59281363618433 -1363.7839639240715 216.6233941191242 -4.6752302624095
254.64669225851148 -1372.0008403288803 211.21117365316815 -13.368974629241807
260.4614691034399 -1381.1365933576124 205.18016911827914 -5.803795222030207
266.03714417096967 -1391.1912230102682 198.5311494284069 2.401510142998669
271.6393861026548 -1401.143755260266 191.9702706104972 46.78686145823396
277.7995321816036 -1408.952242054442 186.90796680335774 -38.07848873412249
283.8268439397753 -1417.2712158619088 181.50952523980294 -37.82553217320399
289.4025190073051 -1427.325845514565 174.93002771147738 130.64058914256023
-416.6512715337593 -2117.666235253746 -393.3458657875715 14.248541044174702
-405.2840200803501 -2105.463631126917 -382.58349420983666 -28.851232894332192
-394.36840531758287 -2094.996682845277 -373.26825544145413 -148.9110255306961
-384.80770062674156 -2089.736702099205 -368.21048776607057 93.11117393491296
-374.3437225546163 -2081.005409662754 -360.3461749643013 -261.61472690147116
-231.61379144471795 -1910.2749783081556 -215.7118062902295 -18.24873156020491
-217.77582162485558 -1888.577315734115 -198.10646706832893 -29.480209276022492
20.807355357763544 -1349.4794555887718 211.07914234323738 -42.56870591250807
30.15552513536158 -1345.0362540639649 214.39404954873783 -35.54573519488992
37.325212052215925 -1348.9650395571296 211.68730539222307 9.221829865577355
44.60116642569195 -1352.4854354396616 209.28573321990575 -3.238507106762409
52.11622257656666 -1355.0869546982697 207.5545599068769 -5.992302227941935
59.41874381419809 -1358.5052531781434 205.24801837991748 -14.314846554075228
66.69469818767412 -1362.0256490606755 202.8795373125999 -23.048936792082436
74.20975433854882 -1364.6271683192836 201.17926907947796 -20.076859238455498
82.6280838707075 -1363.7573758875135 201.96693854548718 -5.345913429312488
91.84341932752848 -1359.8246613759977 204.93974599662678 1.8792284510662425
101.4041240183698 -1354.5646806299253 208.85117425990143 2.0860237502483434
110.59289261103537 -1350.7340635210676 211.73991103180796 -3.6254448217644333
118.79868722995076 -1350.6810503105628 211.94884112274343 21.299811056022836
126.76538007146745 -1351.546913723982 211.51257488353673 37.33678934859123
134.8383403696058 -1352.0043875267684 211.37139644031205 65.83369262722479
143.70830659240642 -1349.398939249809 213.39586257045713 36.41861049777155
153.05647637000445 -1344.955737725002 216.71216547274418 -11.277940319558878
161.79360827202805 -1342.8607764613334 218.37313029952037 1.826832573695232
170.21193780418668 -1341.9909840295634 219.1750844579306 6.121349739294245
178.3114649664804 -1342.3463604296915 219.122227495536 3.837556032985366
186.14532348722005 -1343.7227108564014 218.3611446044557 1.8426222722523458
193.89948141549345 -1345.4053534910859 217.39380837704047 5.165248622981216
201.7599068003885 -1346.6796065151377 216.7194487471798 1.6422083133311172
209.7265996419052 -1347.545469928557 216.33689260346952 -1.076892302952729
217.45419070602318 -1349.3302099658995 215.32200317472729 0.6906235918350446
224.86297940027626 -1352.3401188351404 213.46455074178922 2.6060548266743244
231.92639886050898 -1356.677293938938 210.69665793918546 1.086432444572887
238.6444490867214 -1362.3417352772917 207.02108466784395 -3.7424599561642884
245.46876676955543 -1367.5977870050128 203.64258561954514 5.571216779748302
251.8414477617475 -1374.5894945779232 199.07638199947087 -0.6281474718003812
258.34696307471665 -1381.0707151375425 194.87886894737488 16.002792080102413
264.2680073762667 -1389.7980785556422 189.1435734772156 7.019543007902743
270.32188599859387 -1398.0149549604507 183.7779759652196 5.363274646797063
276.694566990786 -1405.0066625333611 179.27511624684593 -2.398499892142753
283.067247982978 -1411.9983701062715 174.78780826523953 131.6032586266391
289.4664958393255 -1418.8879802765236 170.38646631467483 49.66330676871473
-405.45914502572845 -2097.9446425128 -386.9215709305667 27.584665293175313
-394.7826320403599 -2088.3965708550836 -378.3673656172582 27.230027209634734
-383.8670172775927 -2077.9296225734433 -369.09044800953455 -15.418545838861364
-372.73886760158217 -2066.6458950705382 -359.17894092107304 -39.58154617978122
-362.72652622009883 -2059.6502584792765 -352.7626914650817 -13.622937435975969
-352.4750830612169 -2051.7357452640913 -345.619655652097 -62.75996139433979
-342.48930854388897 -2044.842206075488 -339.31574433610996 82.76348923938161
-308.8391908743033 -2009.9700495401898 -309.1455803404314 -297.54041786515523
-297.7110411982928 -1998.6863220372845 -299.4232207096352 -213.5900269765538
-286.79542643552554 -1988.2193737556445 -290.38008486878704 33.46066715730531
-274.5249016008324 -1972.545457938437 -277.23786603353324 -26.881683224762284
-260.4212631394159 -1949.8268213378144 -258.58395584425364 15.726361300413583
-244.29854300218818 -1919.3487821351696 -233.92098544632555 -23.20719186403132
-227.96328795171718 -1888.053963711259 -208.75992693270692 -34.31916078136136
-214.5503879583414 -1867.9898595797495 -192.48740350759786 -160.1693305676934
-205.89295664878404 -1866.2011905240556 -190.48539996280027 -42.64752092748586
19.83522448772288 -1345.0233890544 203.99260941610927 -38.78100505923055
27.908184785861213 -1345.4808628571864 203.77401726935167 8.87445172351336
34.759069332850636 -1350.6348171822492 200.18406185026848 -4.986761087179354
42.03502370632666 -1354.1552130647813 197.7815264449905 9.20366730726381
49.550079857201375 -1356.7567323233893 196.04977757707624 7.377370921253954
56.719766774055756 -1360.685517816554 193.37633238645643 3.996947098272732
63.78318623428852 -1365.0226929203513 190.42228123064945 -4.030378655385728
71.29824238516318 -1367.6242121789596 188.72255625505466 -3.9339838565117833
79.95567369472053 -1365.8355431232658 190.16892399685656 0.17175424516458584
89.83518075542678 -1359.3503935452952 194.9635491998596 8.895459527891129
99.74125468028843 -1352.7631465646664 199.81812697915464 26.463400112152204
109.51449428437303 -1346.6863865973287 204.29764252609627 8.459175125995083
118.14535872977498 -1344.999814944293 205.65786737098688 17.09570359976112
126.24488589206872 -1345.3551913444212 205.57543099752365 43.98996907478838
134.4241136468287 -1345.4042755365745 205.7148405937541 65.01734919446902
143.1878124130077 -1343.207216870248 207.44242714408588 27.970781559076915
152.1906129565854 -1340.0912815799975 209.81615395078512 10.707971793880537
160.927744858609 -1337.9963203163288 211.4703678156773 -16.05146808492368
169.239806934146 -1337.5349174951916 211.97944001273504 -19.886429519356213
177.10023231904108 -1338.8091705192435 211.2773173193251 -7.282251036649393
184.72155592653743 -1341.002300167219 209.94013949225715 4.87029395614311
192.47571385481083 -1342.6849428019034 208.96856649636857 -2.5463803295199385
200.0970374623072 -1344.8780724498788 207.64916258146118 2.465196302566344
207.8246285264252 -1346.6628124872216 206.62333126586455 -0.5457566373600815
215.23341722067826 -1349.6727213564625 204.75357084168652 0.11110999136115611
222.29683668091099 -1354.00989646026 201.97189010142483 1.39245126618522
228.90861945050176 -1360.0827274092467 197.9974366568264 -4.61869721928925
235.38756789931548 -1366.666045371524 193.68335110153654 -16.46318678045198
242.3447199029265 -1371.4116100859544 190.6587308381135 -15.24720414557965
249.16903758576055 -1376.6676618136755 187.2935333455981 -4.844080170413833
256.01992213275 -1381.8216161387384 184.01267781977262 6.128378096035896
262.39260312494207 -1388.8133237116488 179.4744866551189 3.231555141036389
268.7652841171341 -1395.8050312845592 174.9518472272324 0.45842241460632277
275.3770668867249 -1401.8778622335458 171.07938847195993 -1.5140246070316994
-383.3779706190857 -2067.8581988928713 -371.3836710294971 29.844908603869186
-372.2232540789198 -2056.472373987308 -361.4082213914149 14.127555135112248
-362.23747956159195 -2049.5788347987045 -355.090751109358 -11.467227663800552
-352.4376730933519 -2043.3999774287083 -349.3633032346837 12.929253765634048
-342.45189857602406 -2036.5064382401051 -343.0725959409625 8.018354894838378
-331.98792050389875 -2027.7751458036544 -335.32080066458394 8.299503179330525
-321.0723057411316 -2017.3081975220143 -326.19969609760653 10.945501433054536
-310.60832766900626 -2008.5769050855638 -318.4918171691207 5.110510427895681
-299.692712906239 -1998.1099568039238 -309.4212107716808 0.1085259213496464
-288.32546145282976 -1985.9073526770949 -298.9981396807259 2.483240191052415
-275.6032999274947 -1968.497781014698 -284.4834603267532 4.185985901820046
-260.1713182583076 -1940.674274281166 -261.80971601298074 -7.151957457309582
-243.80949634368125 -1909.2773584545973 -236.45215802339757 -13.54505326332045
-228.37751467449422 -1881.4538517210651 -214.0335721519169 -5.2948650162918325
-216.7711614436863 -1868.3323709703125 -203.1827940801799 100.45657334899
-209.2561052928116 -1870.9338902289207 -204.59741900192253 57.301812043865354
4.201551009002103 -1365.4300045764728 178.83228063162926 4.39349250678649
18.41145692704024 -1342.3029783652173 195.6559217643517 -25.52614438151555
26.032780534536595 -1344.496108013193 194.18342539814844 13.084422323912886
33.30873490801262 -1348.0165038957248 191.76536199114898 50.33233617376154
41.062892836286025 -1349.6991465304093 190.67900703583516 51.32776054515779
48.68421644378238 -1351.8922761783847 189.234561291211 14.179945317242726
55.508534126616425 -1357.148327906106 185.60374738960118 21.98129189219054
62.01404943958551 -1363.6295484657253 181.10894809281638 29.601055949816466
69.07746889981826 -1367.9667235695226 178.16394620256543 63.24230690904931
77.84116766599726 -1365.7696649031961 179.9017566490774 47.44128701698814
88.41141319474417 -1356.6299828561125 186.5887657195065 27.461968633349294
99.43329541413306 -1345.7546449638398 194.48738854791864 5.6823503707689005
109.65817170885964 -1337.9422291513129 200.18664404205438 -19.57473602776471
118.52813793166028 -1335.3367808743535 202.18567500046828 -20.923581573190166
126.62766509395404 -1335.6921572744816 202.09186059579628 14.561738186008792
134.806892848714 -1335.741241466635 202.21972176905845 8.987352292540118
143.01268746762938 -1335.6882282561303 202.42444905607897 43.15547639989546
151.77638623380838 -1333.4911695898038 204.14166958940706 -34.06987572031127
160.06188144519 -1333.1318641713244 204.56859326046353 -9.784485931986442
168.16140860748376 -1333.4872405714525 204.4986093085511 -17.05565763076091
175.7827322149801 -1335.6803702194281 203.14770302735212 0.7452275941212815
183.40405582247647 -1337.8734998674036 201.80590785599753 -1.7897104799703125
191.02537942997282 -1340.066629515379 200.47322379448744 -0.9096355579417394
198.54043558084751 -1342.668148773987 198.86479516843826 1.492821329258977
206.05549173172219 -1345.2696680325955 197.26618054822936 -1.1754560336218254
213.22517864857656 -1349.19845352576 194.75373719422083 0.3326733782056555
219.94322887478899 -1354.862894864114 191.04638768682605 1.9638412627609652
226.34247673113646 -1361.752505034366 186.501895573578 -4.772992788391507
232.4760559459298 -1369.6630892312 181.2638178206659 -25.099735138883798
239.6723097269396 -1373.4897773217067 178.87612769719598 5.119142775467737
246.70916232301695 -1377.9290498281623 176.07562247400517 10.406365511275338
253.77258178324965 -1382.2662249319599 173.35843120900995 8.1457031670311
260.2780970962188 -1388.7474454915791 169.17045952363793 -0.6929575640243744
-342.3879217440037 -2028.0685730020639 -346.7484060712494 10.801880694581529
-332.1630454492771 -2020.2561571895371 -339.747893901205 12.208061032744
-321.6990673771519 -2011.5248647530861 -332.0290047004145 4.453610410682622
-311.9258277730672 -2005.4481047857482 -326.45058008361207 24.94992585132114
-301.70095147834064 -1997.6356889732212 -319.49995653742275 23.279757578365093
-289.88206333428946 -1983.697429001203 -307.6961868562188 5.755826513873986
-276.2566284276704 -1962.816545648428 -290.43416362914763 -3.448284679282763
-261.2497165849699 -1936.6265973574268 -269.06172150258965 -2.044997103467092
-246.2693716064249 -1910.5387464690841 -247.87972828013045 218.1102543888031
-233.09557339044778 -1891.393518961498 -232.23807510757345 203.12230652953957
-223.53486869960645 -1886.133538215426 -227.50028733692074 95.06571728821494
-216.9230859300157 -1892.2063691644123 -231.6106130730447 24.373580256265406
17.54559351362122 -1337.438522220213 188.86614369579254 -10.649381315888578
25.273184577739215 -1339.2232622575555 187.68152288196833 59.72693757416287
33.13360996263427 -1340.4975152816073 186.87231637068604 78.01564658226098
41.55193949479293 -1339.6277228498373 187.60978210391826 -16.432554713823198
49.17326310228929 -1341.8208524978127 186.15462203261978 -22.208698698138633
55.67877841525841 -1348.302073057432 181.63721200297616 8.166711455787866
61.70609017343015 -1356.621046864899 175.8190077115984 46.44060253859517
68.55697472041959 -1361.7750011899618 172.28233325457543 143.15719584906225
77.3206734865986 -1359.5779425236353 174.01170966878533 92.15027036803347
88.44882316260913 -1348.2942150207298 182.21562192306442 26.294368008058168
99.92234207263999 -1335.6832212832678 191.33174843508152 2.707993415982844
110.62542192216395 -1326.0330522228933 198.31585093532198 -52.098137072667036
119.36255382418749 -1323.9380909592248 199.93812056727344 -51.90747728805437
127.32924666570419 -1324.803954372644 199.47080207575212 -23.262578269060384
135.29593950722088 -1325.6698177860628 199.01011143665198 -32.68710511316278
143.15636489211593 -1326.9440708101147 198.26858213231165 -24.53952326802023
151.12305773363263 -1327.8099342235337 197.82155263123823 -5.458844794309979
159.0897505751493 -1328.6757976369527 197.38115098258615 -13.952960296131343
166.95017596004436 -1329.9500506610048 196.661112572197 -11.459611908936369
174.4652321109191 -1332.5515699196128 195.01930993650353 -3.205392262230963
181.9802882617938 -1335.1530891782209 193.3873213066504 1.4031650447732462
189.60161186929017 -1337.3462188261965 192.05037854687646 -3.140033780566373
197.11666802016487 -1339.9477380848045 190.43767367873107 -4.664788719576286
204.39262239364086 -1343.4681339673366 188.1945400023226 0.3209824293349537
211.24350694063034 -1348.6220882923994 184.82555461416058 2.0294251744701364
217.61618793282238 -1355.6137958653098 180.19170821456046 -1.9396720627496324
223.98886892501446 -1362.6055034382202 175.5734135517275 -1.8773125693858677
230.38811678136196 -1369.4951136084724 171.04160662713548 3.4456283660107796
237.31870192081763 -1374.3427757255608 167.9428214174047 5.971961947873042
-321.9007591866856 -2004.107973541627 -336.5506796399477 45.06640666183566
-312.3400544958443 -1998.8479927955545 -331.63579613102206 167.3230937728642
-302.327713114361 -1991.852356204293 -325.3465549255875 178.32810583556963
-290.9604616609518 -1979.649752077464 -314.9324966045285 198.59438877755815
-277.5741285317314 -1959.6877453486127 -298.40517806756407 302.59924833702587
-168.1092777495133 -1948.2783463329417 -280.24322101692434 -18.065239332090993
-161.73659675732125 -1955.2700539058521 -284.93433492066566 91.01087029329784
7.809763877401583 -1335.1795143521676 180.10771817074337 7.17948014778924
18.27374194952685 -1326.448221915717 186.49060826349498 -36.38211370905642
26.00133301364485 -1328.2329619530597 185.29419219327087 52.609199162963996
34.41966254580349 -1327.3631695212894 186.01271044718695 5.0535471790416295
42.837992077962156 -1326.4933770895193 186.73415034280933 -29.732751642468354
50.59215000623556 -1328.1760197242038 185.6311299643134 -46.48904467552466
56.72572922102894 -1336.086603921038 180.0808734363118 10.774682160189812
62.88587529997775 -1343.8950907152137 174.61997600405655 33.61063537809178
69.84302730358878 -1348.6406554296439 171.3645327465902 92.02855297131514
78.81926098301108 -1345.6268175420516 173.65937091242978 54.7736676410021
89.73487574577833 -1335.1598692604118 181.25572002109539 20.323673047565183
100.99585974256591 -1323.3656547442154 189.76651818511178 -7.379605326366458
111.11446858067085 -1315.961628542321 195.13965829636825 -53.134388938893004
119.7453330260728 -1314.2750568892855 196.46023572633771 -89.31136282889766
127.36665663356915 -1316.4681865372609 195.0456074205098 -14.954461996152485
135.12081456184256 -1318.1508291719454 193.99974290027686 -39.70942420171525
142.63587071271726 -1320.7523484305536 192.31552681153823 -17.0837549727941
150.25719432021364 -1322.945478078529 190.9281421737381 -16.171003421334312
157.66598301446672 -1325.9553869477702 188.97653665158202 12.938483282532687
165.3935740785847 -1327.740126985113 187.89440607461884 -0.9999287613148684
172.90863022945942 -1330.341646243721 186.24875750929556 2.7507932106511164
180.52995383695577 -1332.5347758916967 184.89853460291906 -3.0825912780725413
188.04500998783047 -1335.1362951503047 183.27216979930336 -2.44249819749422
195.34753122546192 -1338.5545936301785 181.08575829915793 0.1173069742257259
202.41095068569464 -1342.891768733976 178.27002787948288 0.18225316489902324
209.2352683685287 -1348.147820461697 174.82688924092076 0.6397328171385469
215.60794936072077 -1355.1395280346073 170.18962021143932 -0.8722014029070635
-181.0065642202268 -1958.168929381221 -299.13764050665804 23.429466297802573
-1.2618941549328246 -1330.368071417668 173.2081075041804 22.68589445658888
11.247732457159048 -1313.7752789765366 185.25411886527104 -18.113576898129693
20.223966136581335 -1310.7614410889444 187.48923153755547 -34.753140350194045
27.84528974407769 -1312.95457073692 185.98342659175515 22.94643917821601
36.051084362993045 -1312.9015575264152 186.09775204594172 -12.62349230357165
44.01777720450974 -1313.7674209398344 185.55879241747417 -21.72037990362132
51.6391008120061 -1315.9605505878096 184.07718264850777 -32.596657844675164
58.46341849484014 -1321.216602315531 180.41615197168022 -0.580786682093148
65.0752012644309 -1327.2894332645176 176.18555836801568 29.038354683392612
72.5902574153056 -1329.8909525231256 174.44609398830522 39.6954876840977
81.3539561814846 -1327.693893856799 176.13408731805458 40.76950656001386
91.47256501958954 -1320.2898676549048 181.52152984383932 11.597535248156909
101.59117385769449 -1312.8858414530105 186.89327689794376 -9.336169007556947
111.04561109191417 -1308.034250317571 190.44474819777207 -70.68894818593884
119.33110630329578 -1307.6749448990918 190.81792322921498 -49.18639334759338
126.97899677494755 -1309.765977144409 189.46762127940863 -39.08344684445035
134.25495114842357 -1313.286373026941 187.11954551574442 -6.730541697097896
141.53090552189957 -1316.8067689094728 184.78276000279797 -1.314041251550928
148.93969421615265 -1319.816677778714 182.81604273105296 4.668863793085818
156.45475036702737 -1322.418197037322 181.14648991195273 -2.0673938953730855
163.96980651790204 -1325.0197162959303 179.48675109869276 0.6289615706167285
171.48486266877674 -1327.6212355545385 177.8368262912733 -2.6721761487794606
178.89365136302982 -1330.6311444237797 175.9110718967056 0.9442626172355368
186.38214064974912 -1333.3347610850458 174.2097922658033 -2.5144712149377764
193.44556010998187 -1337.6719361888433 171.37850474120904 1.512840210768567
200.64181389099164 -1341.4986242793498 168.91561607982595 -0.5293740156157699
-16.25459648881732 -1316.8292650650685 172.58617772049692 3.884126110060068
-4.887345035408097 -1304.6266609382392 181.4583626181264 -5.448053879193876
5.470365580095531 -1296.3037581124213 187.50275644067122 -3.2257670536850367
14.57943358029487 -1292.7794332115382 190.07961570054132 -36.127730708105084
22.54612642181156 -1293.6452966249572 189.50187388106832 -32.26246584433108
29.928348251909224 -1296.7573028968563 187.32028446269314 -5.442414319838367
37.54967185940555 -1298.950432544832 185.80749660972094 -26.83994730498558
44.958460553658625 -1301.960341414073 183.71951904346693 -22.17651780301075
52.3672492479117 -1304.970250283314 181.6420295869497 -30.689998476144744
59.64320362138771 -1308.4906461658456 179.21063561854785 -14.52329334313902
67.05199231564082 -1311.5005550350866 177.15453469890858 -2.1104113314239754
74.91241770053581 -1312.7748080591384 176.34496126935377 8.141336674274193
83.33074723269449 -1311.9050156273684 177.06727239181595 26.690732791197075
92.65235014613711 -1307.5639115052197 180.25587135200973 -15.510270664451228
101.73485128218103 -1304.1416840069949 182.78777827168042 -42.348268245073356
110.28601513511674 -1302.7614045619337 183.87286472607957 -27.21161042034613
118.35897543325508 -1303.21887836472 183.66254447265948 -27.22190328981202
125.76776412750816 -1306.228787233961 181.65858474312006 -3.5336081574752907
133.04371850098417 -1309.7491831164928 179.30556954601437 -1.9559181170908975
140.21340541783854 -1313.6779686096575 176.67650540108917 11.128184779579655
147.72846156871327 -1316.2794878682657 174.99217383410607 -2.1424697511846795
155.13725026296635 -1319.2893967375066 173.0309911783227 2.213911615518387
162.54603895721942 -1322.2993056067478 171.0802966322761 1.1611012992986696
169.92826078731707 -1325.4113118786468 169.0685865998852 3.724409222210695
-30.769095267904405 -1301.4527054646219 173.37147743878577 -48.031055698253155
-18.84393966723156 -1287.1060558819706 183.77976601977863 -55.825006416149456
-8.725330829126653 -1279.7020296800763 189.13931215179144 -35.6116968715135
0.38373717107268634 -1276.1777047791932 191.6909537617892 -45.07063169611436
8.669232382454302 -1275.818399360714 191.9643672077833 -59.80066091909947
16.529657767349352 -1277.0926523847656 191.06937965140875 -60.56202307752742
23.938446461602425 -1280.1025612540066 188.93748008541186 -34.84446948475031
31.214400835078447 -1283.6229571365386 186.4504501859108 -44.31275270640379
38.27782029531119 -1287.960132240336 183.3902979585027 -41.0529974167137
45.23497229892228 -1292.7056969547664 180.05068101643351 -32.25988245911671
52.29839175915502 -1297.0428720585637 177.01577205971483 -11.638165516010169
59.81344791002974 -1299.644391317172 175.23160318542273 -27.793755398848006
67.5410389741477 -1301.4291313545145 174.03918042075526 0.7184397832997603
75.95936850630636 -1300.5593389227445 174.7435939507917 -59.81588102788338
84.27143058184339 -1300.097936101607 175.16090350145808 -34.04359580018906
92.7960275706237 -1298.8197540592041 176.16118593598276 -49.31317018908249
101.10808964616074 -1298.3583512380667 176.58527200285286 -23.720559259665748
109.42015172169775 -1297.8969484169293 177.0131985481706 -38.407425112536636
116.93520787257248 -1300.4984676755373 175.28309709090473 7.118131560202636
124.45026402344719 -1303.0999869341458 173.56280963947916 -2.546246583452806
131.83248585354485 -1306.2119932060448 171.49280667692457 -1.103999454666531
139.1350070911763 -1309.6302916859186 169.2179720352799 1.0825562668214719
-29.270507771491896 -1287.5015804830382 173.20824796134718 -33.510241661738256
-17.557887084062337 -1273.971710121653 182.99733537169115 -50.051484628023985
-7.678380023356124 -1267.4865605436821 187.67328588214366 -93.61296713129373
0.9790512862012375 -1265.6978914879883 188.95967113301944 -108.49923121670763
8.733209214474646 -1267.380534122673 187.7538291690893 -51.45869048719614
16.567067735214284 -1268.7568845493827 186.7759070523008 -59.65304552317103
24.18839134271064 -1270.950014197358 185.22041983509726 -66.28624046022179
31.145543346321737 -1275.6955789117885 181.8472139860691 -33.126265680494114
37.86359357253414 -1281.3600202501423 177.82984811635473 -18.7621500056124
44.475376342124896 -1287.432851199129 173.53477783913425 -5.408225995317948
51.53879580235764 -1291.7700263029262 170.4937489117704 -4.51565855287068
59.053851953232346 -1294.3715455615345 168.7031522330503 7.1324558367525475
67.12681225137068 -1294.8290193643209 168.44943825104409 -21.688307442933745
75.43887432690771 -1294.3676165431834 168.85491878696908 -24.507551701534222
83.75093640244475 -1293.906213722046 169.26423980134163 -33.168926084407545
91.93016415720471 -1293.9552979141995 169.31554532704212 -18.027121287851624
99.8968569987214 -1294.8211613276187 168.79365150424186 1.0885263155056668
107.96981729685974 -1295.2786351304048 168.567061240696 -5.1172847167844555
-20.363131580826316 -1276.560364370696 170.85705814288607 2.7528177967321916
-10.350790199343024 -1269.5647277794346 175.9057918744412 5.303650496688677
-1.1354547425220445 -1265.6320132679184 178.73681258039662 6.230444763927145
7.070339876393341 -1265.579000057414 178.77627238289514 -7.855338951882014
15.249567631153315 -1265.6280842495676 178.74722110564994 -13.73997217800017
23.003725559426723 -1267.310726884252 177.55286725326738 -7.5545060362281715
29.93431069888241 -1272.1583890013403 174.1016073732836 -0.45483870813307925
36.439826011851494 -1278.6396095609598 169.49515189452015 0.03880673037284043
1564.4823957010371 83.39845150048802 170.93999596689721 -46.34473352419809
1534.007944374761 100.4046405251147 171.4226261999034 -30.1240590151742
1544.6844573601295 109.9527121828309 174.92550660938596 -57.34468867881075
1554.9093336548563 117.76512799535794 177.6340593214951 -131.61222234822048
1562.876026496373 116.89926458193895 176.48213687080366 -137.30102787659044
1566.8842565787336 100.82088817244978 168.59905529903656 -15.049957759123673
1553.7246678715724 121.40441530846422 169.18154429916228 -28.936258707889003
1561.9038956263323 121.35533111631074 168.38648444427196 2.3359551978877278
1149.4955370184919 -541.08452469456 -191.51269182898517 -65.51238409078441
1206.0788625110174 -858.8292938121873 -361.81189381506755 0
1069.1483488622976 -778.7053288811047 -330.6350146412142 -200.42070464886277
1077.9120476284768 -776.5082702147781 -329.3797307500064 -215.54513264964578
1084.8691996320877 -781.2538349292083 -331.9591717531455 -146.99403903814522
1056.8089665388477 -786.4518664735621 -345.25690554802026 -163.58903365972728
1067.140110290196 -778.2310610504023 -340.6517395244923 52.31119490103118
1075.7975415997532 -776.4423919947085 -339.6237535301808 -21.326558930167575
1082.0639551353238 -783.8424891782515 -343.67375590855835 249.43398039798944
1087.8764738402322 -658.8663323334147 -285.1984752533294 -30.28873984626869
1068.8777995640073 -763.3610594448953 -342.68726727501013 79.58842595188631
1086.036627403296 -728.901221538581 -323.67244385715 -2.49287736746797
1129.6826188055288 -592.6502731820526 -249.7317633344765 68.81612849189786
1157.1138321227284 -447.5569989952016 -182.61904279946862 35.74504083167183
1337.8092847524904 286.53619112674 171.15759118539398 -13.494061618936957
1347.8216261339737 293.5318277180015 173.28911778418407 -82.08294009417033
1376.4083158535855 317.1370507783105 170.81490330600332 -47.056168871066795
1386.420657235069 324.13268736957195 172.8854727366508 -89.60280267557705
1393.244974917903 318.87663564185084 169.37654882940473 -43.00936218366707
1731.7202142488557 67.06906590893706 -168.42316943460307 65.06150918738238
1653.0257962154235 -266.83852497549344 -315.0092240431501 -166.9571445312383
1643.7416032698457 -262.84386126225905 -323.16099370921006 12.169701789631
1654.4181162552145 -253.29578960454285 -319.104331604296 -10.635646724276077
1634.3511428676466 -259.2575871596575 -331.48095759229693 77.8760768943626
1644.9213883963935 -250.11790511257396 -327.6088384688422 -3.3458733306350568
1655.597901381762 -240.56983345485773 -323.5748577220855 -3.7117998994901154
1666.2744143671305 -231.0217617971415 -319.56428724663505 -67.20194964689956
1635.2918262167955 -247.45050763389608 -336.3291651233969 134.19460321489316
1645.8620717455424 -238.3108255868126 -332.47768639180873 68.92607144061199
1656.671419051688 -228.25226691580542 -328.235370977787 -8.853133346381028
1667.3479320370564 -218.70419525808921 -324.246709328042 -12.080738889774612
1677.6790757884048 -210.4833898349294 -320.87260562708093 -46.824929266970294
1646.590220181448 -227.3205252823167 -337.7195108884526 99.85577655801895
1657.373000623438 -217.36406401396772 -333.5427213118163 5.33192845381062
1668.1823479295836 -207.30550534296057 -329.3453129276342 -3.2987986559150726
1678.6463260017092 -198.57421290650984 -325.7634206235138 -1.8285786201292622
1689.1103040738342 -189.84292047005914 -322.20190604509054 -233.36267394346052
1647.5309035305968 -215.51344575655534 -342.5980447434925 139.39095756173668
1658.446518293364 -205.0464974749154 -338.21396219348696 74.9043297805117
1669.0167638221112 -195.90681542783196 -334.448471121039 4.564959985752815
1679.5870093508577 -186.76713338074848 -330.70485965104314 -1.9064295112604095
1689.9447199663616 -178.44423055493053 -327.3442520049761 -17.746127569807204
528.044579118282 496.1142155388164 176.83798563696672 -97.9405115792593
536.7817110203056 498.2091768024848 176.16756065045163 -59.84431642486553
1659.4934690991347 -192.8310283385213 -342.93675401399634 131.11422999568146
1670.1965489486583 -183.18085927814687 -338.9654891877689 59.63693751245336
1680.3151577867636 -175.77683307625261 -336.0134793706168 5.338197500084388
1690.5400340814901 -167.9644172637256 -332.89683730144435 6.964404200564604
1700.6586429195952 -160.5603910618313 -329.97691538084416 -23.365051897021935
294.5064838084747 -141.33180451224877 -197.06330890677665 0
500.64851762892727 493.46861906091726 171.1054184527993 -44.43503702304329
508.96057970446424 493.9300218820547 169.51377259345225 -62.56740447697234
528.4007914560118 505.67515220609755 172.3823898044666 -48.875448502300415
539.6617754527994 517.469366722294 177.09220768293127 -48.21059389292655
547.1768316036741 514.8678474636857 173.79265235470473 -37.3718783207275
1670.8981305204088 -172.2926563763092 -344.3055055952955 136.5093327907836
1681.2558411359123 -163.96975355049125 -340.9646043302194 64.50820605803666
1691.480717430639 -156.15733773796424 -337.867618656024 -4.806500919036323
1701.3867913555005 -149.57009075733546 -335.3257207626491 3.695929840007408
1711.2662984162068 -143.0849411793649 -332.8414589210707 -195.98144042687565
280.3107873992525 -124.7300760799037 -194.25489776572851 0
521.507616284421 518.8585821585689 171.81126183562134 -44.37666616731881
531.5199576659045 525.8542187498304 173.8353224832275 -84.14158029253196
539.4866505074211 524.9883553364114 171.48289164761857 49.28170107595684
1781.8521983371122 262.2997675570115 -169.41475055128566 112.31376158700233
1682.0902570284397 -152.57106363536263 -346.10130856052643 90.33971897667386
1692.421400779788 -144.35025821220282 -342.84354574491397 16.490547901910023
1702.221207248028 -138.17140084220682 -340.4994499677568 73.58139153024986
1711.9944468521126 -132.09464087486901 -338.2115998222191 -5.580057981670252
265.450919386145 -110.68078271401335 -192.95847389307747 0
273.97551637492535 -109.40260067161039 -193.41362240730854 0
1769.5958830112352 286.3546063834043 -168.00975024849967 -41.49566122623343
1777.0046717054881 283.34469751416333 -170.08037845921652 -77.58332001171915
1783.5898876109234 277.1697691625185 -173.42535733893374 245.75182855487802
1682.924672920967 -141.172373720234 -351.242567384646 119.27836666715561
241.03034668219632 -101.8914700941953 -193.60076869904034 0
249.55494367097663 -100.61328805179235 -194.07761337935537 0
258.31864243715563 -98.41622938546571 -193.9785832283633 0
266.9495068825576 -96.72965773243 -194.19799953655755 0
278.66212756998715 -83.19978737104441 -187.05473127342526 18.71356943769989
292.87203348802524 -60.072761159789096 -174.01613479350002 -42.335807442814186
1737.872789069655 298.56221748309605 -169.5940673224889 8.710833092249507
1745.626946997928 296.87957484841155 -171.16462457815396 6.8968720048383
1753.460805518668 295.50322442170165 -172.60169646323052 43.498546378360174
1761.6666001375831 295.5562376322063 -173.44791011919983 20.840494661300017
1769.7395604357216 295.09876382942 -174.49712547281874 -58.69974311795175
225.69227511429148 -89.67992997615235 -193.28825875208912 0
234.00433718982848 -89.21852715501491 -194.2996179404135 0
242.52893417860878 -87.94034511261196 -194.79577405152952 0
250.94726371076743 -87.07055268084177 -195.54514923869053 0
259.6046950203248 -85.28188362514788 -195.71848846543278 0
267.2260186278212 -87.47501327312335 -198.37023511770838 0
277.6899966999464 -78.74372083667262 -194.22394963433592 0
1724.5803660417164 318.63525760581956 -169.57627901246912 -11.743457090469851
1731.7766198227264 314.8085695153131 -172.06107293338908 -17.18752030238558
1738.840039282959 310.47139441151563 -174.74349334063095 42.094670437116356
1746.3285285696784 307.7677777502492 -176.74464052305837 146.6412323518268
211.39031124844763 -73.48659115444003 -190.398370352811 -0.039102350359494255
219.25073663334268 -74.7608441784918 -192.5280163109805 12.848050170302345
227.4299643881027 -74.80992837064531 -193.8816049717601 38.512350110951395
235.502924686241 -75.26740217343156 -195.48600746727126 -73.33084555712696
244.16035599579837 -73.47873311773768 -195.68040154849214 44.43265483030148
252.68495298457867 -72.20055107533473 -196.1925223302356 15.272698566017331
258.9513665201491 -79.60064825887781 -202.10997584387755 0
1710.9691406439135 337.4831288966448 -169.97684187071883 4.253364537343458
1718.1388275607678 333.55434340348006 -172.53774056936496 30.69933533306873
1725.547616255021 330.54443453423914 -174.70918047865433 63.06757780245899
196.29134145794154 -60.35617441247337 -189.35935272577095 -55.973265407674184
204.81593844672184 -59.07799237007043 -189.90871196110083 -50.417399290119775
212.88889874486017 -59.53546617285669 -191.54667149676766 8.304871838433048
220.85559158637685 -60.4013295862757 -193.4350521235816 3.3119210108479376
229.06138620529222 -60.34831637577102 -194.74123408449697 2.6712980559825783
237.58598319407253 -59.070134333368074 -195.27668461279933 32.7559525000443
243.852396729643 -66.47023151691117 -201.22857087357582 0
1697.7829850725968 357.964558630001 -169.61754165905015 29.394240952577505
1704.740137076208 353.2189939155709 -172.55057726740137 215.36880193674102
189.7169686562157 -45.94757562810378 -188.81979872084185 22.222620886911226
198.02903073175273 -45.48617280696634 -189.90473772855003 53.29853186906052
204.4017117239448 -52.47788037987667 -195.67253770955395 61.44736759644285
212.02303533144115 -54.67101002785214 -198.40899742255127 37.95469001066897
219.98972817295785 -55.536873441271155 -200.3037082543918 0
228.30179024849485 -55.07547062013373 -201.36062317862303 0
174.1663621750676 -34.552814731326336 -188.75471993713023 20.96231393723566
201.4669993115102 -24.081937431335234 -186.3550116339778 19.04960284517187
205.34239507309368 -40.670800854115306 -198.16287325808918 18.46517990463863
211.74164292944116 -47.560411024367454 -203.85969183169746 0
420.5702964346967 629.0469344281512 192.9443444443234 -30.169752794137978
422.5328779770906 605.1070580139816 177.34954996236286 -24.177331597214604
405.42155932098615 673.4682405756771 214.6136501711996 -20.605658209435354
410.43933024125226 661.2695654671992 205.60257241082167 1.6262630664438917
416.1478396295591 651.7254228278341 198.10871806072905 7.092183628664248
422.7596223991498 645.6525918788475 192.59092410272783 -29.421120244321525
426.52875070411164 628.6553388454346 180.92602618556023 5.818081169635277
1639.6078793959173 410.82873698843065 -169.431874236646 100.6734929330022
1647.9199414714542 411.29013980956813 -170.31559952268205 50.03505106241365
149.09246097094314 -20.082266745238233 -195.14047978722985 0
386.3143594481195 702.6770337271329 227.87507266914972 -62.1157868141905
394.06851737639283 700.9943910924484 224.75105226899888 -36.86251347872462
402.14147767453125 700.536917289662 222.32617945551084 -94.75951217480171
407.5046178288177 689.6655084157405 214.04056253225752 8.18920827083255
407.6606526086437 658.783008620814 194.4761337474896 122.81979075124866
416.185249597424 660.0611906632171 193.09004908308228 30.74130791466994
424.0456749823191 658.7869376391653 190.26856440803547 -19.625750364982856
429.8604518272475 649.651184610433 183.0313861977256 7.1159478216852055
434.08121682285133 634.3895874222094 172.36277797216638 14.206431556766002
1626.7936599227764 432.7395303590016 -168.06491514485322 88.29719465453832
373.1547707409583 723.2605608631472 234.21411872110292 -73.89256135034105
380.3244576578127 719.3317753699826 229.78551813698581 -45.179826877160686
382.73867589084864 697.1275548010021 215.0279711477693 81.53241462649576
394.10592734425785 709.3301589278313 219.7538981816337 46.577677585563976
402.9758935670585 711.9356072047907 219.04453768511752 -113.231666093675
409.6939437932709 706.2711658664368 213.68393547831943 -56.51427918780969
415.5087206381993 697.1354128377045 206.38592516578274 -44.30522213005784
421.4563318039048 688.5101468222631 199.3919787929774 -24.21572785879027
427.5899110186982 680.5995626254291 192.81628818347227 -57.46366768463475
433.5375221844037 671.9742966099878 185.85578565020984 -35.51504442219392
439.32573216517676 662.7364461785972 178.5684459457057 32.429274337523
447.1861575500717 661.4621931545455 175.7613979207429 -54.0923007651182
453.2400361723989 653.245316749737 169.07782791408687 18.375104399066842
462.4553716292199 657.1780312612528 169.2006402137238 -89.15070761844375
364.4284819426442 729.3992700322036 230.21549934937482 -78.47443077390847
371.7310031802757 725.98097155233 226.0602624023467 149.688830513923
382.16841438824554 734.6101665861225 228.72602487746803 -85.15641780140956
390.26794155053926 734.2547901859944 226.31070724484778 -101.4758718176036
397.198526689995 729.407128068906 221.37248953931518 -66.02708373485075
403.2524053123221 721.1902516640974 214.55211192761453 5.201961251080905
408.72181292323023 710.7272324008086 206.48500364502286 31.42381953411491
414.43032231153705 701.1830897614435 198.95233032992977 31.55805547460305
420.1122648356884 691.5368497194203 191.3796322092606 12.428226877166141
426.37867837125884 684.1367525358773 185.08602834832902 -1.2721012933905256
433.44209783149154 679.7995774320798 180.5268085386072 -24.834407333573264
440.8508865257446 676.7896685628389 176.72356673064635 -26.941091639150287
448.60504445401807 675.1070259281544 173.67308684869354 -46.57210002302199
455.98726628411566 671.9950196562552 169.83273911108793 3.7493773548920575
349.93718362260614 713.382842824433 213.62961211663637 -3.40623286943707
365.95363630321214 743.4524924164451 228.4913900761922 -90.46789630501499
375.6206084506751 749.1208627731502 229.45902446668018 -128.57262822568393
382.7902953675295 745.1920772799856 225.00688422288368 -27.5765871047893
388.8176071257012 736.8731034725188 218.09252127571835 31.996275080520853
394.52611651400804 727.3289608331537 210.50446817708377 49.38661940391972
400.1283584456932 717.3764285831559 202.70373667309929 15.218279124905003
405.5977660566013 706.9134093198671 194.63308844589676 2.9709938221965757
411.51881035815137 698.1860459017676 187.55715813908523 -17.649595060222627
417.54612211632315 689.8670720943007 180.72784293355988 -13.019100704437752
424.50327411993425 685.1215073798706 175.9232825447903 2.0295284213645073
431.9120628141873 682.1115985106296 172.10558869508736 14.890274867627953
440.2241248897243 682.573001331767 170.24246851008695 -15.903954328201491
448.7487218785046 683.8511833741701 168.8395650996064 -67.97364815194253
129.6724211751847 32.50027146983542 -196.9105152414145 0
342.4595374395964 724.3201299184242 212.39316145808877 -43.70111830907616
353.93305634962724 736.931123655886 217.3408085644032 -24.696694632250953
365.4331421238135 749.6442147960063 222.31044793561625 -17.87987129060235
373.16073318793156 747.8594747586635 219.05857359572687 66.96376186215953
379.66624850090056 741.3782541990441 213.16391356485587 60.2161865710975
385.48102534582904 732.2425011703117 205.78633091674013 47.64153760006293
391.05670041335884 722.1878715176558 197.90747658757516 -13.798572710295504
396.87147725828726 713.0521184889234 190.5644394766158 -22.8489291788434
402.7925215598373 704.3247550708239 183.46873539633094 -13.25993856383422
408.9526676387861 696.5162682766481 176.90751631102341 -0.3561558615628725
415.3253486309782 689.5245607037378 170.82224018737512 6.6766998221608205
323.876942039625 692.5807027012925 186.74304015060105 -97.81017187447375
336.6256704291156 710.0923717663475 194.5739638332765 5.3991897878312205
351.81855032090397 736.9970018759558 207.69015847931985 6.532440288849669
361.61835678914395 743.1758592459518 208.95911512134757 66.97464720492161
369.0005786192416 740.0638529740526 204.96002164090632 31.80438447580243
375.85146316623104 734.9098986489896 199.81695860305243 -10.96479206962846
381.77250746778117 726.1825352308902 192.66822127581443 -23.187852930326358
387.79981922595283 717.8635614234233 185.7670828549408 -18.392343656055925
394.0927996256787 710.5655616425385 179.45889734879106 2.087032706034872
400.3592131612491 703.1654644589954 173.10895628948975 6.879777735992456
124.17156604338483 59.22643679325732 -198.18254924927106 0
335.0690685476559 712.3022954422391 186.144362947998 -4.735425501402958
347.68496261636943 729.3034774940031 193.62346502028578 20.06069396857226
357.2191004430553 734.4613608374173 194.32533487935277 12.852675804437576
364.73415659393004 731.859841578809 190.62061116372107 -20.391923974408297
371.7975760541628 727.5226664750116 185.94266122425444 -39.983220461055716
378.40935882375356 721.4498355260249 180.29509416216624 -24.739615383560736
385.0211415933443 715.3770045770384 174.66215324086934 10.578597130457196
391.52665690631346 708.8957840174189 168.813162737932 2.7270522166279108
331.7059199036283 707.5695957373739 173.74176486823382 0.6306048800433623
343.0731713570375 719.772199864203 178.49923294983208 5.239377015400231
352.7401435045005 725.4405702209082 179.50619554662885 -0.605657207459666
360.9459381234159 725.4935834314128 177.31510502761043 -27.155684360346296
368.32815995351353 722.3815771595137 173.33405383097815 24.672415690818593
375.28531195712463 717.6360124450835 168.43832925114566 22.811675352685324
-1241.491298877656 277.5885251842993 176.15797240789894 -19.576935203485196
-1219.7929036728988 298.0119347342882 187.21153225476002 -77.58744697820298
-1308.141192610064 -167.4422659476916 -201.3093235580853 0
-1292.420341840274 -169.99077199579514 -207.6458672480857 0
-1237.2828912373918 301.9535852370178 186.0489509026167 -35.133948530305446
-1213.751382405911 329.4217155704218 202.60585689352092 29.06748236604702
-1202.121828716054 311.15020951295713 182.8014056088921 -89.62554039742419
-1307.4130441741586 -156.45196564319573 -201.8843691583943 0
-1291.5859259477468 -158.59208208066653 -207.9063606946819 0
-1371.2154443950485 -141.5976801110934 -181.9360886363497 0
-1219.1336127257496 316.9296132635343 183.10137316357046 -19.822249736376115
-1204.9005063486625 308.6636526665722 171.243675499819 29.055956543257814
-1306.6848957382526 -145.46166533869985 -202.46340700411764 0
-1290.857777511841 -147.60178177617067 -208.50994796981504 0
-1305.744212389104 -133.65458581293848 -202.36832803356685 15.122792019420432
-1880.6569588317 210.8467732649812 175.8590106674822 -231.177029106203
-1881.4165547884975 216.1196190206185 171.0250728951108 144.35605747091688
-1895.7185186543413 232.31295784233083 181.7620158947138 -119.07558395494556
-1894.9903702184358 243.30325814682675 182.01566722642053 -93.27346941608421
-1894.1559543259086 254.70194806195536 182.62737526705675 16.299451116671573
