# x(um) y(um) residual(um) curvature(1/mm)
-1199.557596800863 -840.0085051777371 -196.47297569940642 117.90525467887
-1200.544458813376 -829.9960454773967 -201.55089061328857 30.51214199187108
-1201.5313208258892 -819.9835857770561 -206.6188843457121 76.27506768050418
-1182.9872953682277 -823.9681745519027 -195.987274715105 0.6397188180413451
-1201.8800572887985 -811.1482732686045 -208.4709263261976 8.297056986173365
-1183.8720572928041 -814.1440584022645 -200.52555246325437 13.363293351726385
-1219.6752432640506 -800.3530651553554 -215.47549070991047 183.96731047422992
-1202.2032687297235 -802.3600466478285 -210.1864942200467 49.28320017114378
-1184.4249939315866 -804.9320587924084 -203.38839196024452 10.181080792804389
-1166.2127937597188 -808.3045310274729 -194.44343465003806 -6.7075181408844475
-1219.2582290674347 -792.9303292771707 -213.47023061817907 -26.683485901727167
-1201.786254533108 -794.9373107696439 -208.17668920902528 -35.46526299249371
-1184.7737303944957 -796.0967462839569 -205.21760300806278 3.790146167670187
-1167.1996557722323 -798.2920713271325 -199.46771176759464 -6.78056089698359
-1219.0454150466921 -785.1309062975815 -212.484359059784 -47.80852795728805
-1201.8031657102229 -786.7141148009746 -208.33902471369655 -36.164161354458955
-1185.0969418354207 -787.308519663181 -206.910476414866 -27.0445329485425
-1168.3141428946665 -788.044182188414 -205.1220634375048 2.5469639500240704
-1150.944268448276 -789.8628201301848 -200.41594438377402 -3.8780201711641444
-1133.3957188479965 -792.0110592856847 -194.84281355055052 3.109757794790015
-1236.7385009340076 -774.5240417350346 -219.00440768755817 -217.59188557318384
-1219.3686264876171 -776.3426796768056 -214.18359157986012 -28.528346754226153
-1202.2540022610688 -777.6904587418209 -210.67189348806855 -39.281295015476324
-1185.9817037599973 -777.4844035135426 -211.41203704199887 3.136624493295572
-1169.4031049951163 -777.8433789373712 -210.63818825672945 -2.8038153408986224
-1152.6968811203142 -778.4377837995776 -209.2482741758817 10.383630953184904
-1135.454631783845 -780.0209923029706 -205.19834610656912 1.2457672369692696
-1117.9060821835653 -782.1692314584704 -199.64271852962457 1.139530736790912
-1237.4956377486633 -764.9353550237744 -222.88210751517042 -29.013363164917727
-1220.1512883242574 -766.7069070778696 -218.18142921072547 -22.005479224679704
-1203.3429643615186 -767.4896554907782 -216.19828327920698 -11.589015366341151
-1186.8664656845742 -767.6602873639044 -215.90394691734633 -18.014986667745735
-1170.6196922054871 -767.4071462479507 -216.78377172202664 0.8128175034632721
-1154.0155684186216 -767.8132075594548 -215.89505458285421 -7.500317532356609
-1137.4369696537406 -768.1721829832832 -215.15765321076955 7.194145194711613
-1120.2968204052077 -769.5670479359742 -211.63409170710597 8.631312458742071
-1102.7482708049283 -771.7152870914739 -206.09502619948128 3.2668256198708865
-1085.072096094728 -774.0989556853516 -199.9471268835344 0.4601006975874341
-1067.4980214724644 -776.294280728527 -194.33889205651764 0.6556163681773352
-1238.6101248710975 -754.6874658850559 -228.54521277638517 6.534050021410807
-1221.3678755346282 -756.2706743884489 -224.34794643490625 -11.92828416849882
-1204.661651659826 -756.8650792506553 -222.86689828017163 -8.702870449700674
-1188.2872530708182 -756.8473675730792 -223.07360958002516 1.6794200687375775
-1171.9383795037945 -756.7825700078278 -223.43040077599508 -7.006213688047579
-1155.6660810027236 -756.5765147795495 -224.19268575999993 3.526937180496788
-1139.189582325779 -756.7471466526758 -223.95459433979303 7.1756567096451525
-1122.049433077246 -758.1420116053667 -220.41985188794433 -3.836401200125618
-1104.9348088506972 -759.489790670382 -217.03935399706532 1.524238871336
-1087.590459426291 -761.2613427244775 -212.5376325059658 2.270920837959177
-1070.1184848919643 -763.2683242169504 -207.42646643196812 -0.7956552122625413
-1052.774135467558 -765.039876271046 -202.98074372691767 -2.790399093022725
-1035.8637114168828 -766.0109682346566 -200.72704260161967 4.616021903122223
-1018.6214620804133 -767.5941767380498 -196.8446449901643 1.3787400311911195
-1256.7371361321436 -743.2801412320244 -237.277665679206 328.3638443455848
-1239.5969868836107 -744.6750061847154 -233.55725684325526 -5.204548643940856
-1222.7886629208722 -745.4577545976239 -231.52861451707022 0.591264797388353
-1206.210064155991 -745.8167300214525 -230.676800038644 2.149040899564394
-1189.6059403691256 -746.2227913329564 -229.72043485592212 -14.10041860618526
-1173.563367065912 -745.5929631155982 -231.60054053474227 4.483582709403419
-1157.2144934988883 -745.5281655503467 -231.96745033915943 -0.9393489557168692
-1140.8400949098802 -745.5104538727708 -232.2286844763505 6.54673585240792
-1124.031770947142 -746.2932022856793 -230.34231598545793 5.369345457344779
-1107.01924680853 -747.4526377999923 -227.46018582778677 2.671169127919316
-1089.7769974720602 -749.0358463033855 -223.45657548754326 -1.1020706904768829
-1072.6368482235275 -750.4307112560763 -219.9898575181449 2.5261186397907363
-1055.4966989749948 -751.8255762087673 -216.5497860801802 4.347988402902389
-1038.382074748446 -753.1733552737824 -213.2636290634143 0.6434655150768472
-1021.34402558785 -754.3798766757711 -210.38555452968785 2.6906095497830114
-1003.9996761634436 -756.1514287298666 -206.00808740228 2.1233612236104666
-986.3235014532434 -758.5350973237441 -200.00680319101312 0.404589731318615
-968.7749518529639 -760.683336479244 -194.670105749722 2.6859306893917116
-1257.4942729467994 -733.6914545207638 -241.13496924054053 16.38125805131213
-1240.5838488961242 -734.6625464843748 -238.5593797286667 -5.055693052990794
-1224.005250131243 -735.0215219082031 -237.67378154056487 7.231103754834575
-1207.6308515422354 -735.0038102306273 -237.83537811737085 10.222866344692905
-1191.3585530411638 -734.797755002349 -238.53076085929396 16.014579550595876
-1175.111779562077 -734.5446138863953 -239.375549038201 7.871557224415533
-1158.8394810610057 -734.338558658117 -240.11401762893476 10.779632586749557
-1142.3629823840613 -734.5091905312433 -239.8526766177312 1.4649767316538618
-1125.6822835312435 -735.0565095057741 -238.5933276748074 -1.4923205724848843
-1108.9760596564413 -735.6509143679805 -237.23043671862823 6.400439954699733
-1091.9635355178295 -736.8103498822935 -234.3622673242997 4.685345319527762
-1074.8233862692966 -738.2052148349843 -230.88312032848427 4.117745213115592
-1057.5811369328271 -739.7884233383775 -226.92140168133616 -4.050566155952179
-1040.7728129700886 -740.571171751286 -225.14984237532167 3.9170979195563786
-1023.8623889194131 -741.5422637148969 -222.89438477294183 3.102504269847846
-1006.7477646928644 -742.8900427799123 -219.64758540134986 8.07146561486554
-988.8418647848066 -745.6974843628699 -212.48996119038966 2.159963533347302
-970.961489898733 -748.457840058152 -205.49027117771607 2.364547098762365
-953.2853151885328 -750.8415086520296 -199.5363767973251 2.3253489437118344
-935.9154407421424 -752.6601465938005 -195.13372843203703 3.1230881629376603
-1258.1748346955026 -724.2440254725302 -244.59845689669612 19.91032099838844
-1241.5707109086377 -724.6500867840343 -243.55158143261943 23.17431153672101
-1224.8900120558196 -725.197405758565 -242.14418857990995 -0.3399739355362214
-1208.6177135547487 -724.9913505302868 -242.80785850116857 17.532876737153334
-1192.3709400756613 -724.738209414333 -243.620975506808 10.977065164076343
-1176.3283667724477 -724.1083811969748 -245.4778455485616 27.549573444604512
-1160.0560682713765 -723.9023259686966 -246.2055018276797 5.29038711233879
-1143.9113948802262 -723.4608413020405 -247.59293318523112 21.416013414599362
-1127.4348962032816 -723.6314731751668 -247.34286587941872 14.629067889727557
-1110.6265722405428 -724.4142215880753 -245.45822762434503 4.777092914865973
-1093.8182482778043 -725.1969700009839 -243.59831632920637 9.661808510707603
-1076.6780990292714 -726.5918349536747 -240.1076947197394 -0.598097289001218
-1059.7676749785962 -727.5629269172857 -237.7891319980532 5.268304475182763
-1042.755150839984 -728.7223624315986 -234.98711359479597 -2.92553490567846
-1026.176552075103 -729.0813378554271 -234.37204162433 9.293968148686755
-1009.0364028265701 -730.476202808118 -230.98536315140115 7.882701876897758
-991.3602281163699 -732.8598714019956 -224.9588973944755 9.987560860736622
-973.0204028345813 -736.467773075438 -215.66266986252984 1.4614642136355462
-955.0379278605711 -739.4164723214224 -208.17550321958018 -0.6875196319064234
-937.4638532383075 -741.6117973645977 -202.74792148541914 1.0961874863764411
-920.2216039018379 -743.1950058679907 -198.996393456965 9.547095131650652
-902.8772544774316 -744.9665579220863 -194.76564456028365 15.59275812747322
-1275.20427001123 -714.8613939895478 -247.8499452738067 -203.76693041446273
-1258.6001462243644 -715.2674553010519 -246.77148833788533 25.509331944277317
-1242.0215474594834 -715.6264307248805 -245.84462596105027 16.610208360677547
-1225.6471488704753 -715.6087190473044 -245.96502465941862 35.42721342329505
-1209.1706501935312 -715.7793509204307 -245.59597166493649 0.2842102515843167
-1193.0259768023805 -715.3378662537747 -246.91154199203453 10.221648143787391
-1176.8813034112302 -714.8963815871186 -248.24793566026398 0.2614888931559713
-1161.04293028389 -713.8898662683558 -251.1373253998535 41.26575022689762
-1144.7961568048029 -713.636725152402 -252.00403535466376 18.609831058653256
-1128.6259583916683 -713.2423263734217 -253.27476270358184 28.24660328314596
-1112.047359626787 -713.6013017972501 -252.52720302771343 20.68468365651573
-1095.2390356640485 -714.3840502101589 -250.65661004329104 2.3933478017248584
-1078.4307117013097 -715.1667986230674 -248.81074401880355 8.491537053432541
-1061.5202876506346 -716.1378905866782 -246.48067780289483 4.641260882509671
-1044.7119636878956 -716.9206389995867 -244.68456267019522 6.631158033058841
-1028.0312648350778 -717.4679579741176 -243.54859084786708 9.136303674530055
-1011.0187406964659 -718.6273934884306 -240.7854854402501 11.984301306051261
-993.3425659862655 -721.0110620823082 -234.74794261294048 7.624256454132251
-975.002740704477 -724.6189637557504 -225.4415846893066 4.368145035541802
-956.7905405326093 -727.9914359908148 -216.8026153805072 6.812297591433428
-938.8846406245515 -730.7988775737725 -209.7170473512552 7.329944923168822
-921.4381911122086 -732.7587731785701 -204.9422191893991 21.988670369022163
-903.8641164899451 -734.9540982217455 -199.56289306728314 6.099532973853886
-886.5197670655389 -736.7256502758411 -195.35125428427736 9.078958982974443
-1275.3232812762815 -706.4498544701763 -248.48444089462052 29.360338166434666
-1258.6170574014798 -707.0442593323827 -246.88642371776928 3.327882994708253
-1242.140558724535 -707.2148912055089 -246.46479091471824 27.82982137063989
-1225.766160135527 -707.197179527933 -246.5777542432709 9.857386109965343
-1209.6214867443769 -706.755694861277 -247.86379328802593 41.952662620864366
-1193.4768133532264 -706.314210194621 -249.17065567391228 35.4552656198216
-1177.332139962076 -705.872725527965 -250.49834140093003 26.632805332517005
-1161.2895666588622 -705.2428973106067 -252.35744534752803 16.521938741285332
-1145.2469933556486 -704.6130690932484 -254.2367644482455 28.303541918623026
-1129.204420052435 -703.9832408758903 -256.1362987030825 25.48830680440477
-1112.8300214634273 -703.9655291983142 -256.39958090868294 8.628943024807986
-1096.557722962356 -703.7594739700361 -257.1944295018944 32.9591782816435
-1079.7493989996171 -704.5422223829446 -255.33817876004105 8.303475173963532
-1062.9666000588627 -705.2778849081776 -253.6338518495045 9.563717960823205
-1046.1582760961242 -706.0606333210861 -251.8269807845417 10.264087047987967
-1029.5541523092588 -706.4666946325901 -251.06122147381447 21.51001711766565
-1012.5416281706467 -707.6261301469034 -248.28741953442088 11.502884433535105
-995.1972787462406 -709.3976822009987 -243.8898181075445 24.45699829776344
-976.7553533765152 -713.1939274251431 -234.06635832224958 10.020448576280936
-958.2113279188534 -717.1785161999899 -223.76982421905967 2.2864440477070382
-939.9991277469856 -720.5509884350544 -215.15480021315534 7.6435383053629495
-922.0932278389278 -723.358430018012 -208.09190839551718 -2.8869253604049776
-904.6467783265851 -725.3183256228097 -203.337852808353 12.631954918287532
-887.3024289021789 -727.089877676905 -199.1180902766563 1.791306376889436
-870.2643797415828 -728.2963990788935 -196.4429449350704 16.784649994532007
-1275.442292541333 -698.0383149508049 -249.11124912887914 124.11995808099005
-1258.531868490658 -699.0094069144156 -246.48163909478362 33.91709348310194
-1241.8256446158557 -699.603811776622 -244.9013275220278 -16.114471958708403
-1225.6809712247054 -699.162327109966 -246.1594291047504 25.028735924397935
-1209.4086727236343 -698.9562718816878 -246.7991268582125 3.076414176758921
-1193.3660994204206 -698.3264436643295 -248.61033288288795 20.788386021317404
-1177.3235261172067 -697.6966154469712 -250.4417540616829 21.034350504238272
-1161.280952813993 -697.0667872296129 -252.29339039459737 21.018071410086264
-1145.2383795107794 -696.4369590122548 -254.16524188163137 -5.429339838643393
-1129.425531405423 -695.3833578058164 -257.2044895103027 25.892921095213264
-1113.3829581022096 -694.7535295884582 -259.11608595064644 35.63847583626993
-1097.1106596011382 -694.54747436018 -259.9020872674503 12.375238201413245
-1080.7617860341147 -694.4826767949284 -260.32795812886934 29.771646838034492
-1064.0555621593128 -695.0770816571347 -258.99559167148846 18.242123977440624
-1047.1451381086374 -696.0481736207454 -256.6706499217436 -2.3827339573779143
-1030.4389142338352 -696.6425784829519 -255.3871434403967 -3.1268058931477807
-1013.7582153810175 -697.1898974574826 -254.2547085970718 23.909669098977446
-996.2862408466905 -699.1968789499557 -249.21340969700532 10.2852757401145
-978.0740406748228 -702.5693511850202 -240.52359025841102 4.681149138889685
-959.6321153050976 -706.3655964091646 -230.72593984998005 12.581218560712516
-940.8838896715623 -710.7268722854159 -219.4423833783609 -9.21739050324246
-922.7737895876311 -713.9110009697781 -211.35913359677915 -5.6968519998783345
-905.0976148774308 -716.2946695636557 -205.45875867691217 -9.953088306374827
-887.957465628898 -717.6895345163466 -202.24334375474325 21.351764981174625
-870.8173163803652 -719.0843994690374 -199.05457536400812 -6.5192839854128035
-854.1366175275474 -719.6317184435683 -198.1657236427792 20.073530195660947
-837.0985683669512 -720.8382398455568 -195.5338014988739 -1.6155536327682964
-1274.4892528830499 -691.6043827138069 -244.34953494448274 -32.60292274733159
-1257.8851290961848 -692.010444025311 -243.25276923119935 -19.597265670885946
-1241.6128305951133 -691.8043887970329 -243.84310352086928 21.750165019772375
-1225.2639570280899 -691.7395912317813 -244.07134659727544 -9.790890342081509
-1209.093758614955 -691.3451924528009 -245.21632917766183 -0.4596674883119903
-1192.949085223805 -690.9037077861448 -246.51002586862018 -25.998176414027924
-1177.0086120085277 -690.0855360180844 -248.84584876691005 -6.955775886001497
-1160.966038705314 -689.455707800726 -250.6909312927135 -28.14259412846964
-1145.2552906878946 -688.2137630435855 -254.21385753653607 19.40537815027784
-1129.3148174726175 -687.395591275525 -256.6081132074798 -15.455151285696953
-1113.3998692793245 -686.5303336197888 -259.14933044544307 -12.750038079120662
-1097.4593960640475 -685.7121618517284 -261.58271957623305 19.738164496890057
-1081.1870975629765 -685.5061066234501 -262.38205895639135 0.5524671318167648
-1064.7105988860317 -685.6767384965766 -262.18594468404353 11.328329829646911
-1048.1320001211507 -686.035713920405 -261.50439787748655 19.210957536089353
-1031.4257762463487 -686.6301187826114 -260.21133611398574 19.294318685113407
-1014.5153521956732 -687.6012107462221 -257.92715839283545 4.698993883781138
-997.2731028592038 -689.1844192496153 -254.01947580181704 17.84998615748695
-979.2906278851935 -692.1331184955998 -246.46296149764473 10.302078887197698
-960.6189773176108 -696.3531367088242 -235.51720461229147 -5.815759112844517
-942.0749518599489 -700.337725483671 -225.239787351174 0.9263933930001687
-923.530926402287 -704.3223142585176 -214.99690007535193 -13.929644362160838
-905.6505515162133 -707.0826699537998 -208.077063955995 -13.069810593521508
-888.1785769818863 -709.089651446273 -203.21061785503474 -36.88729176780677
-871.3702530191476 -709.8723998591815 -201.65741988517934 -9.579188228783886
-854.6895541663298 -710.4197188337123 -200.7602464863437 -16.97776975080884
-838.2130554893854 -710.5903507068385 -200.8965324120322 30.76548285769201
-820.9708061529159 -712.1735592102317 -197.27229889865208 15.094336287521916
-1290.8550376271885 -683.4459843103892 -244.29551450686583 -111.84046607891182
-1273.9446135765136 -684.417076274 -241.6320793707858 -13.254159211061442
-1257.4681148995687 -684.5877081471262 -241.17016489537394 6.500196174570063
-1241.0937163105607 -684.5699964695505 -241.24278060850196 -10.328085351985647
-1224.9490429194107 -684.1285118028943 -242.48832366593876 8.97008198930642
-1208.7788445062758 -683.7341130239139 -243.62690587928603 -26.66755679741296
-1192.8638963129833 -682.8688553681777 -246.06354382724876 3.9715132960938995
-1176.8213230097695 -682.2390271508195 -247.88147663908308 -30.332107746819688
-1160.982949882429 -681.2325118320567 -250.7400661498371 1.6015404589073057
-1145.042476667152 -680.4143400639963 -253.1077347096835 -35.37543744487603
-1129.4338287376693 -678.9840517561535 -257.15123050561965 8.30654166509927
-1113.620980632313 -677.9304505497153 -260.1937393591822 -8.696016545606762
-1097.578407329099 -677.300622332357 -262.10985422080125 -40.483195786352624
-1081.6634591358065 -676.4353646766208 -264.6820448339742 6.002444139740669
-1065.1614354368776 -676.6530824374228 -264.3504743706732 5.802230946552114
-1048.6849367599332 -676.8237143105489 -264.1688617961887 28.571665671071514
-1032.0042379071153 -677.3710332850798 -262.9944585608151 20.720127297020557
-1015.2980140323133 -677.9654381472861 -261.71716547104006 42.48123046234895
-997.9536646079071 -679.7369902013814 -257.2940262751834 5.275490447745006
-980.2774898977068 -682.1206587952591 -251.25124768286256 13.109154049466188
-961.8355645279815 -685.9169040194035 -241.4384697483493 5.051799905187669
-943.189438982383 -690.0898363449525 -230.64695946621674 -6.435876464525063
-924.6454135247211 -694.0744251197992 -220.39661033583684 -11.444287407526499
-906.4076883308692 -697.4939832425392 -211.6981645483207 -29.222954522405374
-888.9612388185265 -699.4538788473369 -206.9502091761381 -28.29482168396414
-872.0508147678511 -700.4249708109476 -204.88298307494125 -30.35695160835062
-855.5743160909066 -700.5956026840739 -204.98692272242084 -2.9064642192475985
-838.7659921281678 -701.3783510969826 -203.4736848708233 -17.078584221595236
-821.7279429675717 -702.5848724989711 -200.85047659713908 -5.302907030761769
-804.3835935431655 -704.3564245530664 -196.74127270061257 9.575802924486277
-1290.5401235185093 -675.8349048815024 -242.72999440116922 -37.71044391392058
-1273.5020743579134 -677.0414262834909 -239.4207697988909 -24.58663302867685
-1256.9234755930322 -677.4004017073195 -238.44127445314183 -36.773011067795736
-1240.6767021139453 -677.1472605913658 -239.1479415744122 -37.770010357632444
-1224.5065037008105 -676.7528618123853 -240.2595275138624 -53.70467568353191
-1208.7957556833912 -675.5109170552447 -243.69164746709097 5.646911745360144
-1192.7531823801773 -674.8810888378864 -245.48220211331306 -27.405759540649846
-1177.0424343627578 -673.6391440807458 -248.95177175745255 11.97838415262669
-1160.9998610595442 -673.0093158633875 -250.78176675479355 -31.62471127453968
-1145.2891130421247 -671.7673711062471 -254.28878608984405 -4.629747651091419
-1129.4762649367685 -670.7137698998088 -257.3045515308848 -35.02594804625919
-1114.0718171831586 -668.9067944905615 -262.37583614812837 21.960410308362817
-1098.463169253676 -667.4765061827187 -266.44577266615624 89.71708617706079
-1082.2163957745888 -667.2233650667649 -267.354858948999 62.56365693831549
-1065.5101718997869 -667.8177699289712 -265.99822198714844 56.57925883237613
-1048.803948024985 -668.4121747911776 -264.6657170240274 27.842839615772856
-1032.2253492601037 -668.7711502150061 -263.9919213579757 46.550617400821004
-1015.4170252973651 -669.5538986279147 -262.1999441834906 22.684725359958623
-998.6087013346263 -670.3366470408231 -260.43269396894044 58.94420811387052
-981.0346267123626 -672.5319720839987 -254.8893649478346 22.38701041075349
-962.8224265404949 -675.904444319063 -246.20958676981994 -3.130716583134635
-944.5081262806905 -679.4652601048297 -237.05629747316897 -7.124705686490987
-926.0662009109652 -683.2615053289741 -227.30385991818466 -15.239935600657478
-907.9561008270341 -686.4456340133364 -219.22875424160418 -15.744474451199089
-890.4841262927072 -688.4526155058096 -214.3442897623605 -14.222433131657489
-873.5737022420318 -689.4237074694203 -212.2662260646745 -5.703922578868828
-856.6632781913564 -690.3947994330313 -210.21348225338957 -13.638270364646907
-839.8549542286179 -691.1775478459397 -208.69052787124153 -1.7928398668602228
-822.7403300020693 -692.5253269109551 -205.67977968446573 3.270750582050693
-805.1662553798054 -694.7206519541304 -200.42805545698644 -6.8713789240900205
-787.3879805816686 -697.2926640987102 -194.1982606445206 1.6641527970322496
-1290.4549346076876 -667.8000524635354 -242.31073667019615 -27.485436124202405
-1273.3147853591552 -669.1949174162261 -238.4833927123243 -31.662130975270507
-1256.8382866822103 -669.3655492893524 -238.00941401517983 -21.673187583882257
-1240.7957133789969 -668.7357210719941 -239.73208403700298 8.56653054985063
-1224.753140075783 -668.1058928546358 -241.47496921294564 14.552166102270682
-1208.8126668605062 -667.2877210865754 -243.74895480272872 -8.427429611520967
-1192.9742937331657 -666.2812057678126 -246.55312394767066 19.405257243945545
-1177.1614456278096 -665.2276045613744 -249.50385360599103 5.014034283076396
-1161.4506976103899 -663.9856598042337 -252.98338638101373 34.362609843977154
-1145.6378495050335 -662.9320585977954 -255.97148773571476 38.62208050199665
-1130.0292015755508 -661.5017702899528 -259.9971254127938 93.53714674832692
-1114.1908284482104 -660.4952549711899 -262.89503138940177 81.91946781457786
-1097.9440549691233 -660.2421138552362 -263.7769850107475 36.60297387291502
-1081.9014816659096 -659.6122856378779 -265.69723754090364 66.29691893623989
-1064.9910576152342 -660.5833776014888 -263.31857122348515 28.367040195459456
-1048.4890339163057 -660.8010953622905 -262.9965837784585 49.92706366613087
-1031.808335063488 -661.3484143368213 -261.8093397941548 30.197055096450523
-1015.2042112766225 -661.7544756483254 -261.02650938258955 41.93559541801607
-998.3958873138839 -662.5372240612339 -259.2533290294423 29.605730417158835
-981.3833631752719 -663.6966595755471 -256.4915805662206 53.27603549154049
-963.8092885530083 -665.8919846187224 -250.97078260983193 29.101248109835225
-945.9289136669346 -668.6523403140046 -243.96089477968343 3.2333501995917393
-928.1506388687976 -671.2243524585843 -237.48764427770743 5.140485146658433
-910.1426388728032 -674.2201375922444 -229.9072976176622 -4.139196649610099
-892.6706643384762 -676.2271190847176 -225.01088406425245 0.11108672891580323
-875.453940023991 -677.7632417004351 -221.40531163864648 2.5309375986106617
-858.4158908633947 -678.9697631024237 -218.7099168695558 11.630549850671008
-841.1736415269253 -680.5529716058168 -215.03192231018048 6.4421579313755215
-823.8292921025192 -682.3245236599122 -210.87712273113576 6.917369208156291
-806.2552174802555 -684.5198487030875 -205.61670752979015 5.937278010419941
-788.3748425941819 -687.2802043983697 -198.87503299175526 1.904874041558302
-1308.3522206708765 -656.816500799584 -249.97278430435082 263.76334467238667
-1290.5739458727396 -659.3885129441638 -242.90883070731434 -34.928643979817174
-1273.4337966242067 -660.7833778968546 -239.07500444871854 -44.23546689343641
-1256.9572979472623 -660.9540097699811 -238.59371745763738 -5.3975039897544255
-1240.7870995341277 -660.5596109910006 -239.6693284470828 10.322751190584874
-1224.7445262309138 -659.9297827736423 -241.4047460093419 8.202572164158058
-1208.9316781255577 -658.8761815672041 -244.30958607004126 47.6997113495088
-1192.889104822344 -658.2463533498458 -246.0847485856101 16.631210689581028
-1177.1783568049245 -657.0044085927052 -249.5381034123352 59.42531795824071
-1161.3655086995682 -655.9508073862668 -252.4998449686054 67.94641137766922
-1145.3229353963548 -655.3209791689086 -254.33397763448332 58.08734702244979
-1128.8464367194101 -655.491611042035 -254.02409272451436 9.938165648542109
-1112.6762383062753 -655.0972122630544 -255.26378847524697 5.9349965619226825
-1096.4039398052043 -654.8911570347761 -256.01583205571745 4.77723409220098
-1080.0550662381806 -654.8263594695246 -256.4082119867508 -1.6710859467887853
-1063.7827677371095 -654.6203042412465 -257.2036437291408 17.174650860300925
-1047.2041689722282 -654.979279665075 -256.49748688909966 6.610978175073852
-1030.8297703832204 -654.961567987499 -256.8295641776155 19.30475486270889
-1014.3532717062759 -655.1321998606253 -256.6767032466041 21.42791996170087
-997.7746729413948 -655.4911752844538 -256.03980493117393 26.081280153920712
-980.966348978656 -656.2739236973624 -254.28660928703624 16.785140085695822
-964.0559249279808 -657.2450156609732 -252.0519102483801 29.945072224084846
-947.0178757673846 -658.4515370629618 -249.2101116655671 42.93107473171117
-929.6735263429784 -660.2230891170572 -244.87744219532306 18.929881245299466
-912.3291769185723 -661.9946411711525 -240.5725898488992 23.028735467364143
-894.7551022963088 -664.189966214328 -235.15916415280483 19.672714360017853
-877.2065526960291 -666.3382053698278 -229.9010562954642 20.318084923814318
-859.7345781617022 -668.345186862301 -225.05029101815873 23.303077693279818
-842.3902287372961 -670.1167389163963 -220.8583111360137 38.38879584703611
-824.8161541150324 -672.3120639595717 -215.56036999078975 28.777146694358102
-807.267604514753 -674.4603031150715 -210.4174564524762 28.15305665372037
-789.3617046066952 -677.2677446980292 -203.54188415753126 17.378405732403667
-771.3537046107008 -680.2635298316892 -196.1942646568285 6.771345578006502
-1308.4712319359282 -648.4049612802125 -250.56887903139446 74.62613629361044
-1291.1268825115221 -650.176513334308 -245.67582047974602 30.547387781318406
-1274.2164584608468 -651.1476052979186 -242.98590436695673 65.45038388999204
-1257.076309212314 -652.5424702506095 -239.1703335135397 19.880666710087663
-1240.5998105353694 -652.713102123736 -238.70452412502266 9.951367848533529
-1224.5572372321556 -652.0832739063776 -240.43300712743218 47.2127806634854
-1208.3870388190212 -651.6888751273972 -241.54340956355455 26.162547723527535
-1192.4720906257282 -650.8236174716611 -243.9506185946098 51.16013264193365
-1176.1997921246573 -650.617562243383 -244.5921843279635 20.791715411859464
-1159.8253935356493 -650.5998505658068 -244.74560355411572 7.013407424114686
-1143.3488948587046 -650.7704824389332 -244.41178016028408 0.49064853337904096
-1127.1021213796175 -650.5173413229794 -245.24627622629168 5.643969199890543
-1110.8298228785466 -650.3112860947011 -245.9749961748708 4.190706816490397
-1094.5830493994595 -650.0581449787475 -246.85242686954896 4.243705964532116
-1078.3107508983883 -649.8520897504692 -247.62423266693872 6.373138658065923
-1061.732152133507 -650.2110651742978 -246.89386846921496 -5.281203443142679
-1045.5874787423568 -649.7695805076416 -248.34426198298877 4.836657245190684
-1029.213080153349 -649.7518688300657 -248.67402592925583 -2.337728716164792
-1012.9407816522777 -649.5458136017876 -249.532985941871 -6.300410610365147
-996.6940081731906 -649.2926724858338 -250.5402038667779 -2.226507454453941
-980.3196095841828 -649.2749608082578 -250.9358428648081 12.618409243360688
-963.8431109072383 -649.445592681384 -250.8475596002042 37.3147409828452
-947.1368870324362 -650.0399975435904 -249.64399432236553 41.812848971043486
-930.4561881796185 -650.5873165181212 -248.5909387902475 73.96397957281084
-913.3160389310856 -651.9821814708121 -245.2883991205262 51.52631092803664
-895.8695894187429 -653.9420770756097 -240.49773081449288 60.12465077370407
-878.1934147085425 -656.3257456694873 -234.60002837176827 55.34045894160439
-860.4151399104056 -658.8977578140672 -228.22767746451692 48.693951352718635
-842.7389652002053 -661.2814264079448 -222.38966730122232 33.55015340153867
-825.1648905779416 -663.4767514511202 -217.0851329090585 32.23791922174417
-807.6929160436147 -665.4837329435933 -212.3132062630905 32.44378270992144
-789.9146412454776 -668.0557450881734 -206.0602419494386 15.198186631418631
-772.1363664473407 -670.6277572327532 -199.83755524454494 26.109400625097354
-1308.156317827249 -640.7938818513255 -248.98000389191014 41.37122943435397
-1291.0161685787164 -642.1887468040164 -245.10597916950016 47.067664568450155
-1273.9015443521675 -643.5365258690317 -241.38653009447404 36.625460402072
-1256.7613951036349 -644.9313908217226 -237.565725018565 29.025410281570622
-1240.1572713167693 -645.3374521332266 -236.4549797333699 30.612449008022782
-1223.5786725518883 -645.6964275570551 -235.49547558362846 8.10642273062675
-1207.2042739628803 -645.6787158794793 -235.5804051200295 14.655628654793619
-1190.7277752859359 -645.8493477526055 -235.17729665811063 1.7543369577951358
-1174.3789017189122 -645.784550187354 -235.43437648665676 5.072266356487137
-1157.7747779320466 -646.190611498858 -234.43943742377527 0.7565054991703887
-1141.1961791671656 -646.5495869226866 -233.59536414838558 -2.2857906423980316
-1124.7196804902212 -646.7202187958129 -233.28369955083951 -5.1923374447283575
-1108.44738198915 -646.5141635675346 -234.01226372489324 -5.133003964082926
-1092.3027085979995 -646.0726789008787 -235.39793045150927 -3.1514960931627436
-1076.0304100969283 -645.8666236726004 -236.16927816126469 -10.418357617946167
-1059.9878367937147 -645.2367954552421 -238.10478147991367 -3.0323362330746955
-1043.7410633146276 -644.9836543392884 -239.04548728220655 -21.98195838987469
-1027.698490011414 -644.3538261219302 -241.02203011347615 -22.52792443897103
-1011.7580167961369 -643.5356543538696 -243.52568573840628 -11.990171641079904
-995.7154434929232 -642.9058261365113 -245.5423542757241 -3.093241981843472
-979.4686700138362 -642.6526850205577 -246.56666007947288 2.9765737001505483
-963.0942714248283 -642.6349733429815 -246.9799103396022 1.6813930582092054
-946.6177727478837 -642.8056052161079 -246.9096570437032 9.460332290564159
-930.0391739830026 -643.1645806399364 -246.35680102688448 10.338549316027335
-913.3329501082005 -643.7589855021427 -245.19596731973363 66.88692233620922
-895.758875485937 -645.9543105453182 -239.7684871048244 37.49476063916939
-878.0827007757367 -648.3379791391958 -233.86561823935955 43.10350007449107
-860.2023258896631 -651.098334834478 -226.98399902348814 22.78927832936658
-842.5261511794628 -653.4820034283556 -221.1411107617286 11.13213780384561
-824.9520765571991 -655.677328471531 -215.83157450167258 -10.967142386836514
-807.6077271327931 -657.4488805256262 -211.68372036909815 15.946657230068128
-790.1612776204502 -659.4087761304239 -207.06061659767153 37.110764151473184
-772.357477800329 -662.0278741626794 -200.70618765975937 10.451424167403463
-754.6813030901287 -664.411542756557 -195.0102955834412 24.51552023368851
-1324.3179023955142 -633.0121705493125 -247.95930068946657 30.228198709890812
-1307.4074783448393 -633.9832625129233 -245.20772397463205 35.18823974391459
-1290.063128920433 -635.7548145670187 -240.3059274168192 14.505678447801463
-1272.9229796719 -637.1496795197095 -236.4551504125156 14.21034126764455
-1255.7828304233674 -638.5445444724004 -232.63101993964577 -5.159618812869366
-1239.1021315705495 -639.0918634469311 -231.1330835967806 13.439010620822996
-1222.293807607811 -639.8746118598397 -229.02074184366003 9.588675498023463
-1205.2557584472145 -641.0811332618283 -225.7846922000366 -7.891036841608436
-1188.7792597702703 -641.2517651349544 -225.38035608116348 -0.8772469263710908
-1172.0985609174522 -641.7990841094853 -223.97917167028092 -9.816685778542432
-1155.6220622405078 -641.9697159826115 -223.6210079011485 -8.775732613993673
-1139.2476636515 -641.9520043050356 -223.79484707471778 -8.564197378720465
-1122.873265062492 -641.9342926274597 -223.99087057067916 -11.668019562530366
-1106.6264915834051 -641.6811515115058 -224.8448450267597 -13.223187790622328
-1090.4562931702706 -641.2867527325254 -226.10148127026443 -28.1323121930016
-1074.5413449769776 -640.4214950767893 -228.64910443786556 -18.382945443943992
-1058.498771673764 -639.7916668594311 -230.58155687459774 -40.26304464847633
-1042.76249863436 -638.596807989966 -234.05640268397244 -8.274382901031586
-1026.8475504410674 -637.7315503342301 -236.66222909162897 -16.184548954377885
-1010.9070772257903 -636.9133785661695 -239.16081266008325 -15.261995998496875
-994.8645039225765 -636.2835503488112 -241.17252655179175 -21.39563087012364
-978.5922054215054 -636.0774951205331 -242.06556936228466 -20.12672128109706
-962.3454319424184 -635.8243540045793 -243.10666047742396 -3.7942714127989525
-945.9710333534106 -635.8066423270033 -243.5372207039132 1.5862024346119035
-929.4945346764661 -635.9772742001296 -243.48469709834964 30.21529950339911
-912.354385427933 -637.3721391528205 -240.17264339640994 -3.372565904897305
-895.010036003527 -639.143691206916 -235.87787152677046 14.979082383478577
-877.23176120539 -641.7157033514957 -229.46724271393992 -5.655660097161614
-859.5555864951897 -644.0993719453734 -223.59099975430811 -7.602989018003134
-842.1091369828471 -646.059267550171 -218.87804987286736 -0.8944905379477442
-824.8668876463774 -647.6424760535641 -215.20055034267398 26.766929525522524
-807.2928130241139 -649.8378010967393 -209.91477484932648 -1.61638448727258
-789.8463635117711 -651.797696701537 -205.28680511158063 -12.458091459725914
-772.3743889774441 -653.8046781940103 -200.56157123346063 16.05854961900843
-754.6982142672438 -656.1883467878879 -194.86015232905814 -1.3169596849051692
-1322.4714869677853 -628.2262443809591 -238.67771152872623 23.47332017067725
-1305.5610629171101 -629.1973363445699 -235.92506371749312 4.619062826398647
-1288.6506388664345 -630.1684283081808 -233.197735792661 9.983428269630528
-1271.510489617902 -631.5632932608715 -229.3448814696285 -5.282027258093125
-1254.8297907650842 -632.1106122354023 -227.81903960220012 20.870458837939882
-1237.5875414286145 -633.6938207387955 -223.5072598657065 -4.1680836298637285
-1220.5494922680184 -634.900342140784 -220.24392062410686 -7.784407428741732
-1203.639068217343 -635.8714341043949 -217.64452392674707 -9.693474100597987
-1186.9583693645252 -636.4187530789256 -216.2179690621569 -19.33359621414318
-1170.5839707755174 -636.4010414013497 -216.34452365721472 -11.362847197359839
-1154.107472098573 -636.571673274476 -215.9838560480576 -28.67987155399873
-1137.8351735975016 -636.3656180461977 -216.6641858145067 -19.94674797242482
-1121.5884001184147 -636.112476930244 -217.49329686497546 -27.793817033954266
-1105.4182017052801 -635.7180781512635 -218.725211813173 -36.93994367300381
-1089.605353599924 -634.6644769448253 -221.75677982814736 -14.720291796317392
-1073.664880384647 -633.8463051767646 -224.17233003999382 -35.79196269667204
-1057.9541323672272 -632.6043604196242 -227.74953917017456 -10.969323216452592
-1042.0136591519504 -631.7861886515636 -230.20361160274618 -38.210275275588366
-1026.3029111345309 -630.5442438944232 -233.81796251519546 -4.229858109825925
-1010.3624379192536 -629.7260721263626 -236.31055716849224 -23.729719741457316
-994.4474897259607 -628.8608144706266 -238.9493451317277 9.293225384214265
-978.0730911369528 -628.8431027930505 -239.33036106166122 -20.534712053923812
-961.6986925479451 -628.8253911154745 -239.7335613139869 -21.189385021821145
-945.3242939589372 -628.8076794378986 -240.15894588870466 11.215799436304039
-928.5159699961986 -629.5904278508071 -238.4596257470397 -8.120551904592654
-911.5034458575866 -630.7498633651203 -235.7753194264553 10.976101195973738
-894.0569963452438 -632.7097589699179 -230.9725234350004 -13.426253262205329
-876.4829217229802 -634.9050840130933 -225.5677805665265 -11.238502958067144
-859.0109471886531 -636.9120655055665 -220.69614979117438 -15.129737421151898
-841.666597764247 -638.6836175596618 -216.48268397420594 -2.816191147410774
-824.4243484277775 -640.2668260630549 -212.80043878369892 -5.236173919481536
-806.9778989154347 -642.2267216678524 -208.1392037117296 -9.350856705275907
-789.7356495789653 -643.8099301712456 -204.51200950740923 10.63857957281755
-772.1615749567017 -646.005255214421 -199.27882975078225 -15.802544755764718
-754.7151254443588 -647.9651508192186 -194.70257482250787 9.059642642122217
-1319.655120704658 -625.2295819442772 -224.52637307556384 -19.900553759940273
-1303.3828222035868 -625.0235267159989 -224.97532196349198 -0.7130273035160379
-1286.8042234387055 -625.3825021398275 -223.9108324748393 -1.092515750659402
-1270.2256246738245 -625.741477563656 -222.86972842205674 11.863413455275184
-1253.3152006231492 -626.7125695272667 -220.19100732134658 2.4244320143555647
-1236.1750513746163 -628.1074344799578 -216.38834091332043 -6.78057739588185
-1219.1625272360043 -629.2668699942708 -213.25043525392744 -11.144674035447828
-1202.354203273266 -630.0496184071794 -211.15882993937245 -14.088897809957507
-1185.877704596321 -630.2202502803057 -210.7491107924881 -5.309652436481923
-1169.5033060073133 -630.2025386027296 -210.87177024266614 -23.27666009845919
-1153.358632616163 -629.7610539360736 -212.16251595632863 -8.406524902989231
-1136.984234027155 -629.7433422584976 -212.32886613587766 -36.93143480175647
-1120.9416607239414 -629.1135140411394 -214.17062481546088 -27.844476847486153
-1104.8990874207277 -628.4836858237811 -216.03259864916353 -16.513558425553356
-1089.0607142933873 -627.4771705050184 -218.93093261173425 -25.24774537022712
-1073.3499662759677 -626.2352257478777 -222.4829644967052 0.026727064100823244
-1057.639218258548 -624.9932809907373 -226.05322087558767 1.6442093979093522
-1041.8263701531919 -623.9396797842988 -229.1345534956195 10.650752249849077
-1025.8858969379148 -623.1215080162385 -231.60117227693993 -32.54233618513325
-1010.1751489204954 -621.879563259098 -235.22710284064502 24.89735033455903
-994.0049505073608 -621.4851644801174 -236.5932246366854 -9.007091504492482
-977.8602771162105 -621.0436798134615 -238.106803613961 26.152691299759546
-961.3837784392659 -621.2143116865876 -237.99792017673352 18.07558490400893
-944.5754544765273 -621.9970600994963 -236.26950203910556 -19.90006801833222
-927.7671305137885 -622.7798085124048 -234.56581086141256 -1.7166150614129667
-910.5248811773191 -624.3630170157979 -230.7417046792944 -26.301794860342678
-893.4102569507705 -625.7107960808133 -227.57539154678514 10.913705990300679
-875.9382824164436 -627.7177775732864 -222.67103418991417 -4.164552308281968
-858.696033079974 -629.3009860766796 -218.92891919088274 9.237211998539587
-841.2495835676314 -631.260881681477 -214.2068912568572 -25.676491615953932
-824.1094343190985 -632.6557466341679 -211.0231079945961 -5.333244547943379
-806.7650848946922 -634.4272986882632 -206.8599960761644 -1.5268823057593426
-789.5228355582227 -636.0105071916564 -203.22739775331306 -0.1845270391114897
-772.1784861338167 -637.7820592457518 -199.11962845179482 16.989912912019626
-754.604411511553 -639.9773842889272 -193.90992012023125 -9.296183839034205
-1318.0384304747865 -620.0198827868438 -216.39183801745952 7.729715388771085
-1301.4598317099053 -620.3788582106723 -215.30276709487458 -4.684848654750573
-1285.0854331208973 -620.3611465330963 -215.26021522864363 1.7696673392505586
-1268.481309334032 -620.7672078446004 -214.08949999103848 -1.1466677759761497
-1251.8006104812143 -621.3145268191313 -212.55909363541437 -0.4181987050458134
-1234.9922865184758 -622.0972752320399 -210.4143315517768 7.781332420447921
-1218.0818624678002 -623.0683671956506 -207.7839213206404 -1.2531032954873393
-1201.3756385929983 -623.662772057857 -206.19898826430654 -8.31027579126818
-1184.8991399160539 -623.8334039309832 -205.78518881595764 -22.45508297425282
-1168.8565666128402 -623.203575713625 -207.5594436238804 -0.016923808794369027
-1152.8139933096263 -622.5737474962666 -209.3539135859227 -6.438407853465186
-1136.6693199184758 -622.1322628296107 -210.6597346515105 -3.4558393897843853
-1120.728846703199 -621.3140910615502 -213.00349897236575 10.478187162484605
-1104.5841733120485 -620.8726063948941 -214.3503595505742 -14.272182780867874
-1088.873425294629 -619.6306616377536 -217.8768293045323 18.97137342200918
-1073.0350521672885 -618.6241463189907 -220.78697333559134 -2.065343484134123
-1057.324304149869 -617.3822015618503 -224.35027696317556 8.331897871812592
-1041.511456044513 -616.3286003554119 -227.42477958396677 -3.444684355447831
-1025.90280811503 -614.8983120475692 -231.5315577000788 51.81747665165926
-1009.7326097018954 -614.5039132685887 -232.87068322222208 -3.663576395443025
-993.6900363986817 -613.8740850512304 -234.86342104752663 31.61192130927343
-977.341162831658 -613.809287485979 -235.35895580323574 3.78371225126235
-960.8646641547135 -613.9799193591052 -235.24464081188094 5.20131013834804
-944.1584402799115 -614.5743242213115 -234.0163932930636 18.532491285483918
-927.1459161412994 -615.7337597356245 -231.29753916376754 -3.144989734600693
-910.0057668927666 -617.1286246883154 -227.97382069451396 10.356084592395971
-892.6614174683606 -618.9001767424108 -223.66809259223885 -13.063068581193443
-875.4191681318911 -620.4833852458039 -219.89421857396962 0.6349461519275178
-858.2790188833583 -621.8782501984948 -216.65132069541633 -0.24615251584936618
-841.1643946568097 -623.22602926351 -213.5609315966461 16.610964422259745
-823.9221453203401 -624.8092377669033 -209.86809765514954 -3.1009077986825684
-806.5522708739499 -626.6278757086741 -205.57391630128905 -10.258059341133517
-789.3355465594645 -628.1639983243916 -202.06155687652586 10.432736041459476
-771.9656721130741 -629.9826362661627 -197.82286420928477 6.186448509846783
-754.621322688668 -631.754188320258 -193.73763168248308 29.696617930630016
-1332.5664136360651 -615.2516682960666 -207.19067080665621 -29.58748037739059
-1316.0899149591207 -615.4223001691928 -206.58945291054278 -3.4400952711783015
-1299.8176164580495 -615.2162449409145 -207.03453807038994 2.522077095049355
-1283.3411177811051 -615.386876814041 -206.47829141053916 -6.423828698992683
-1266.8646191041605 -615.5575086871671 -205.9448306471892 -7.322206045546083
-1250.3881204272159 -615.7281405602935 -205.4341557803401 2.1344454719583856
-1233.5797964644776 -616.5108889732021 -203.28695297814096 -4.904903736797818
-1217.001197699596 -616.8698643970306 -202.31256582334535 5.9351842056292945
-1200.5246990226517 -617.0404962701568 -201.8715248290692 7.6779509159683625
-1184.2524005215803 -616.8344410418786 -202.47258757174436 2.6226457513410186
-1168.2098272183669 -616.2046128245204 -204.24127852967615 -11.13396602015401
-1152.3969791130105 -615.151011618082 -207.17554163807665 17.681407699360648
-1136.3544058097968 -614.5211834007238 -208.9839775493182 5.187361221634472
-1120.4139325945198 -613.7030116326633 -211.32106531100476 14.983023827665976
-1104.3713592913061 -613.073183415305 -213.1696269282945 11.886741093614535
-1088.4308860760289 -612.2550116472446 -215.54623017427795 -12.083787378499732
-1072.7201380586096 -611.0130668901039 -219.08435655665238 14.747822386324545
-1056.9072899532532 -609.9594656836657 -222.1334967756489 6.2985071892052105
-1041.1965419358337 -608.717520926525 -225.70838005448886 29.406875227344624
-1025.2560687205566 -607.8993491584646 -228.16164571747197 5.464507352106331
-1009.3155955052796 -607.0811773904042 -230.63451631282322 35.74749007438378
-992.9411969162717 -607.0634657128281 -230.9765404581587 -3.0721609994016497
-976.7965235251214 -606.6219810461721 -232.47854756081696 21.91385383608474
-960.3200248481769 -606.7926129192983 -232.35887608492723 27.16966194673827
-943.5117008854382 -607.575361332207 -230.62045374459206 7.626987313824106
-926.6012768347629 -608.5464532958177 -228.4019649400619 20.867045885063966
-909.3590274982935 -610.1296617992108 -224.56917221958219 0.03747246194263866
-892.116778161824 -611.7128703026041 -220.76361234409916 -1.1936027709442205
-874.8745288253544 -613.296078805997 -216.9852853136129 -17.745919885477953
-857.8620046867425 -614.4555143203103 -214.3673410688702 8.181729178949265
-840.8494805481305 -615.6149498346232 -211.77530760225528 8.454243369298185
-823.8114313875343 -616.8214712366118 -209.0834270877279 37.87573165415343
-806.4670819631282 -618.5930232907072 -204.90938993268017 30.26690188129897
-789.0206324507853 -620.5529188955048 -200.2607212228895 -0.9520871940393214
-771.6507580043951 -622.3715568372758 -196.01707052528602 -7.067013837108847
-1330.6178981203996 -610.6540856784155 -197.38655535806345 -12.719170431739034
-1314.3455996193284 -610.4480304501374 -197.80801457291034 -2.190673820447323
-1298.0988261402413 -610.1948893341835 -198.37896673287807 -4.228286354873385
-1281.954152749091 -609.7534046675275 -199.48269410924962 7.119020963329716
-1265.5797541600832 -609.7356929899515 -199.45739858517396 7.420026572865282
-1249.0011553952022 -610.09466841378 -198.43280010307757 4.1716568418547935
-1232.2949315203998 -610.6890732759864 -196.79352951631074 2.4257887297187035
-1215.7163327555186 -611.0480486998148 -195.81607598220435 -1.9559954944506677
-1199.4440342544476 -610.8419934715366 -196.39154774467113 -0.15665392762948638
-1183.5035610391706 -610.0238217034762 -198.64460888617822 11.863269775594727
-1167.6907129338144 -608.9702204970379 -201.55381648405674 29.091959433201684
-1151.7502397185372 -608.1520487289773 -203.8457054658495 8.643402253660332
-1135.937391613181 -607.0984475225391 -206.7929752654722 29.059896599432804
-1119.8948183099671 -606.4686193051808 -208.61537712591291 11.66112466845866
-1103.9543450946903 -605.6504475371202 -210.9660044999201 17.945143451941654
-1088.1159719673499 -604.6439322183576 -213.84394052881203 36.72072198301253
-1072.201023774057 -603.7786745626214 -216.36032151477002 18.131372757721085
-1056.3626506467167 -602.7721592438587 -219.27647287311444 22.088092329413275
-1040.4477024534237 -601.9069015881227 -221.8315285716498 11.091475196247028
-1024.507229238147 -601.0887298200622 -224.27941655859647 24.40022633580314
-1008.3625558469964 -600.6472451534062 -225.7345602632228 5.541593400104116
-992.1923574338617 -600.2528463744255 -227.08405926721454 19.365012931408017
-975.9455839547747 -599.9997052584719 -228.0753563322099 17.59336499133981
-959.3414601679094 -600.4057665699759 -227.3196416015556 7.693560820684382
-942.7628614030283 -600.7647419938045 -226.71370477026016 23.6704513707861
-925.7503372644163 -601.9241775081175 -223.98628734467476 6.772079256329657
-908.7122881038201 -603.1306989101063 -221.15868526923185 12.283316915147736
-891.5976638772714 -604.4784779751215 -217.97907572357798 6.7273545889336255
-874.5596147166754 -605.6849993771101 -215.2038110265249 29.12042423472319
-857.317365380206 -607.2682078805033 -211.4476053706009 -6.562970511383062
-840.4069413295305 -608.239299844114 -209.3540529925811 16.963122921531216
-823.164691993061 -609.8225083475071 -205.65136192033657 -1.588724239873968
-805.9224426565916 -611.4057168509003 -201.97590369308875 -1.7368691337052378
-788.7057183421063 -612.9418394666178 -198.45325995142798 14.485529900904632
-771.4634690056367 -614.5250479700109 -194.83219425214943 30.83122060948162
-1166.6100481656104 -602.7717176984179 -196.06008510849037 1.7854463307745874
-1150.8993001481904 -601.5297729412773 -199.4924137471043 14.322626712179778
-1135.0609270208504 -600.5232576225145 -202.3073390294634 4.201271881066005
-1119.1459788275574 -599.6579999667784 -204.76010949227046 15.11063593820275
-1103.2055056122804 -598.8398281987179 -207.10535919024122 15.911423765985228
-1087.1629323090667 -598.2099999813597 -208.96262750893004 6.214286875893828
-1071.3245591817263 -597.2034846625968 -211.85467338328718 15.765380481984721
-1055.4096109884333 -596.338227006861 -214.3854814875306 12.522042607812566
-1039.4691377731563 -595.5200552388003 -216.80907451008392 17.055014733310355
-1023.1968392720852 -595.3140000105221 -217.60658711328443 -11.795955345029888
-1007.2818910787923 -594.4487423547862 -220.19689842167085 13.63180828674578
-991.0095925777212 -594.2426871265079 -221.036514356078 8.41775258572519
-974.762819098634 -593.9895460105541 -222.02407494141409 14.229104986522968
-958.1586953117687 -594.3956073220581 -221.26502309655297 6.0834856796909484
-941.5800965468875 -594.7545827458866 -220.65572062494698 3.047927031887183
-924.7717725841488 -595.5373311587952 -218.934545303142 9.098311242646663
-907.8613485334735 -596.508423122406 -216.7338330217111 6.601250699567956
-890.9509244827982 -597.4795150860169 -214.55844062668123 26.77049225679635
-873.8107752342654 -598.8743800387077 -211.27510237474942 8.680616390178098
-856.7982510956534 -600.0338155530208 -208.64763628788737 24.338103222845085
-839.7602019350572 -601.2403369550094 -205.92030971389167 17.431591864721387
-822.5434776205719 -602.776459570727 -202.33915638076394 6.1363779630569075
-805.4033283720391 -604.1713245234178 -199.16196375636773 19.62476105868065
-788.1610790355696 -605.754533026811 -195.50921219987535 12.501488455495911
-1134.107887362567 -594.0893253855165 -197.43510706709495 19.24815353042986
-1118.065314059353 -593.4594971681584 -199.24798038905556 6.223035456850395
-1102.1248408440763 -592.6413254000978 -201.5888456745616 8.682410806802405
-1085.9801674529258 -592.1998407334418 -202.9343724953353 1.7866489994363608
-1070.039694237649 -591.3816689653812 -205.31505888469874 -3.0557130629233127
-1054.0992210223717 -590.5634971973208 -207.71535020643032 2.9502271231544275
-1038.056647719158 -589.9336689799625 -209.6286900946069 -1.9087828371084923
-1022.1416995258652 -589.0684113242264 -212.19505968260447 19.684346857403362
-1005.869401024794 -588.8623560959483 -213.0100671544072 5.0021397645382155
-989.4950024357862 -588.8446444183722 -213.34100845658187 -0.02176545970960638
-973.1206038467783 -588.8269327407962 -213.69413408114863 -2.9654089404345307
-956.7717302797546 -588.7621351755447 -214.19570519640936 3.241020877215706
-940.3973316907468 -588.7444234979688 -214.59312414182554 14.550902119282082
-923.5890077280081 -589.5271719108772 -212.86883991464367 3.1938375861446553
-906.882783853206 -590.1215767730837 -211.6734314451729 17.0588264688553
-889.7681596266574 -591.4693558380991 -208.48674563625914 -8.201100820619088
-872.857735575982 -592.4404478017098 -206.33367832666855 9.696066580715573
-855.819686415386 -593.6469692036985 -203.5768520334262 -0.7240317041825902
-838.807162276774 -594.8064047180114 -200.97182615378807 1.446001911164426
-821.794638138162 -595.9658402323246 -198.39271105227763 13.904839022706843
-804.5523888016926 -597.5490487357175 -194.7091515828615 0.04647632115131159
-1100.8399758999988 -586.8195097028822 -195.05216620222185 7.68512852318487
-1084.6697774868642 -586.4251109239018 -196.26730608473096 -4.021309015629792
-1068.8569293815083 -585.3715097174634 -199.27811274039152 13.405251068050127
-1052.7122559903578 -584.9300250508074 -200.66082848971172 -0.19365741507771678
-1036.6696826871441 -584.300196833449 -202.57081289378067 6.728783847184715
-1020.3973841860728 -584.0941416051709 -203.3621944205832 -4.751190533330081
-1004.2527107949225 -583.6526569385151 -204.80745608950284 0.9376625443810683
-987.9804122938511 -583.4466017102368 -205.6416211520071 0.6789393347016408
-971.6315387268274 -583.3818041449852 -206.1184409313316 3.029485634957401
-955.2571401378198 -583.3640924674093 -206.49106091636767 0.802101938182433
-938.7806414608751 -583.5347243405355 -206.38123226277753 0.1770201864639737
-922.3041427839306 -583.7053562136617 -206.2941895056882 12.066557713288603
-905.4958188211921 -584.4881046265704 -204.59182030498232 0.9640275140925348
-888.78959494639 -585.0825094887767 -203.41791680302444 19.786778109798774
-871.6749707198414 -586.4302885537919 -200.25437619747626 -5.10086968790494
-854.8666467571026 -587.2130369667005 -198.6267818204111 14.626489182286406
-837.8285975965065 -588.4195583686892 -195.8924985034759 7.768636423602579
-1035.0274674352884 -579.1375835636912 -194.24294068590433 -3.6843526488899694
-1018.882794044138 -578.6960988970353 -195.66451508028692 0.741216614193756
-1002.6360205650509 -578.4429577810815 -196.601184198077 -0.5626892742556534
-986.4658221519163 -578.0485590021011 -197.93835244235376 6.953326293378122
-969.9893234749718 -578.2191908752275 -197.78112378206862 -1.817849329988681
-953.7425499958848 -577.9660497592736 -198.78253523124738 7.435412675218506
-937.1639512310037 -578.3250251831022 -198.1656795572079 2.210669262093576
-920.5598274441383 -578.7310864946061 -197.44615318021837 -7.135258693192481
-904.0833287671937 -578.9017183677325 -197.3800681059366 6.524082277863917
-887.2750048044551 -579.6844667806412 -195.69998514660418 -3.00804295406198
-870.5943059516372 -580.2317857551718 -194.67379142769516 15.072674686659397
-2378.9506401836447 953.569177552882 -197.27483543112908 22.639641465281112
-2362.6783416825733 953.7752327811602 -194.91756038339855 11.122652578366262
-2381.469003515208 966.4067905137562 -208.79663562854734 168.97235146432726
-2366.064555761598 968.2137659230035 -210.7344513024841 99.71538336636999
-2348.082080787588 965.265066677019 -199.89375647723574 164.09348825640882
49.238349221945725 1412.3345051537806 -194.4436041861746 54.498583507759164
65.0767223492861 1413.3410204725433 -196.86578890702845 19.495274076224533
80.88957045464232 1414.3946216789818 -199.4207625908283 18.616180087454183
97.16186895571352 1414.6006769072599 -199.94761368334835 10.686205531258123
114.07229300638885 1413.6295849436492 -197.65489815087577 2.55638096799274
131.18691723293747 1412.2818058786338 -194.47891887226874 3.5123000641953
64.06433531478864 1423.4005660605596 -198.918792980108 72.95022146574728
79.46878306839822 1425.2075414698068 -203.28313511212235 43.06736194404402
95.0774309978811 1426.6378297776496 -206.754375069109 42.5441522367476
111.12000430109481 1427.267657995008 -208.31189822985309 39.004431412891236
128.03042835177013 1426.296566031397 -206.0295216236177 14.676389314761106
145.60450297403378 1424.1012409882217 -200.82248642485004 11.263234898616817
163.58697794804402 1421.1525417422374 -193.8303401679042 11.856317043363223
64.37924942346777 1431.0116454894467 -195.04386254221518 15.858136136784838
79.12004660548901 1434.0428539782586 -202.3578566158924 68.71833385248104
94.52449435909861 1435.8498293875057 -206.72922438128037 81.36367078140437
110.3373424644548 1436.903430593944 -209.2997771442536 63.06167546587861
126.17571559179518 1437.9099459127067 -211.77567145288495 127.39977794686152
143.52006501620136 1436.1383938586116 -207.57860164364683 87.08125677192147
161.50253999021163 1433.189694612627 -200.5755299727797 73.33422777749782
79.86888608789897 1440.8534733166607 -196.53530283505447 30.291674359136543
95.27333384150855 1442.6604487259078 -200.9006711761655 26.818282659251423
110.65225657313394 1444.5145100228308 -205.39595118597853 61.45670757410395
126.92455507420516 1444.720565251109 -205.93609643216558 38.03011523552271
143.83497912488045 1443.7494732874984 -203.66298765576872 56.763705036151705
161.61325392301742 1441.1774611429182 -197.56227536193467 61.80655575019358
845.2386625298822 1580.5553702511509 -194.80793667585615 0.39767935739786375
860.1836598877768 1583.2098916385582 -201.90828383702794 1.274597539168435
875.7923078172597 1584.6401799464008 -206.1754906590145 2.1897908819211547
892.7027318679351 1583.6690879827902 -204.88022918129835 -0.12114058748170586
909.6131559186105 1582.6979960191793 -203.6102875899834 -0.21719209630136968
926.5235799692856 1581.7269040555686 -202.3656658850693 -0.710258896857946
943.0000786462303 1581.5562721824422 -203.00263434196071 -0.9437532295653376
958.8384517735706 1582.562787501205 -206.39028780163525 -0.848952388905972
974.2173745051961 1584.4168487981278 -211.75961681989443 -0.15714534760250667
989.6218222588057 1586.2238242073754 -217.03619858624486 -4.778055681593552
711.9803607060978 1592.7804309146618 -194.76881626094627 7.257431727488761
723.4539550741459 1601.8386330259455 -216.68689964710526 5.923628741579556
737.3013764867213 1606.517847583402 -228.36233205031976 3.4540506834512983
753.3439497899351 1607.1476758007602 -230.5876428235255 1.9467556413561524
770.9180244121987 1604.9523507575848 -226.23971373635396 0.18603413106460384
788.6962992103357 1602.3803386130048 -221.04234301357812 -1.0546523689897545
805.6322482829952 1601.3621607617185 -219.49693792097963 -1.7394545265231927
821.4450963883514 1602.4157619681569 -222.80255757408048 -0.8169036580773226
836.8240191199768 1604.2698232650796 -227.99009899294714 -1.3127428737251865
851.5648163019981 1607.3010317538917 -235.9317014414175 1.4768610648010023
866.9692640556076 1609.1080071631388 -241.04028706877094 0.3298464145551704
882.5779119850905 1610.5382954709817 -245.29037716857428 0.9376806769337869
898.8246854641776 1610.7914365869353 -246.82603131964822 -0.6337603353976188
914.6630585915178 1611.7979519056983 -250.13041718159565 0.15847844178487633
930.7056318947317 1612.4277801230567 -252.58075991928555 -0.615328141371487
946.3142798242144 1613.8580684308993 -256.90521946277175 -4.844955296143351
704.893018439369 1614.0464177694612 -222.45558359097615 7.026987269958996
714.4011861146364 1626.730233231763 -252.8117298440709 7.041970858622946
727.1765566038769 1633.387055071593 -269.0674250816131 4.176540618725184
742.3512791596289 1635.6178034699205 -274.9918875434535 2.852666112337352
759.4914284081617 1634.2229385172297 -272.4743696113743 0.7904727961644153
777.2697032062987 1631.6509263726496 -267.23949157232397 0.3734025081304622
795.2777032022932 1628.6551412389897 -261.0476854641458 -1.2439259160789993
812.1881272529683 1627.6840492753793 -259.60098362258293 -1.3394295719849958
828.2307005561822 1628.3138774927372 -261.90398708823295 -2.021710838467203
843.1756979140769 1630.9683988801446 -268.9340781183281 -1.160506112471854
857.4825697223672 1634.8000674594412 -278.7122453465988 1.1347910942110717
872.2233669043885 1637.8312759482528 -286.6418708813035 0.3464311211920048
886.9641640864096 1640.8624844370647 -294.58377882809697 1.3683109178901853
902.1133616201777 1643.1403187230676 -300.79168700999406 43.98702226598536
693.0706876084116 1613.823528166629 -199.16532715874934 2.943616435205974
697.8056761726401 1635.312404624261 -250.1125787052444 7.420735352447329
706.4459931004459 1649.5971402675318 -284.16814645019673 7.270972653773253
717.919587468494 1658.6553423788157 -305.992566955912 6.899405012861015
732.4306594526578 1662.1103238567075 -314.7361895959673 2.843179052763102
748.4732327558715 1662.7401520740655 -316.9043368468095 2.298130832588806
766.0473073781351 1660.5448270308905 -312.510715807025 0.8609010608638692
784.2595075500028 1657.1723547958259 -305.40546680249366 -0.2404732790746856
802.2675075459973 1654.176569662166 -299.20939822527953 -1.4236100475535822
819.1779315966726 1653.2054776985551 -297.75283641203947 -3.1682060089045065
834.3526541524246 1655.4362260968826 -303.7614399572193 -2.1378543965863974
848.4298007628576 1659.691667665259 -314.486095897681 -0.524848500421783
687.7445718585902 1631.8405887718152 -219.24124938650743 0.18429039663882643
692.2498352249612 1653.753238218527 -271.13590245794745 4.032075442199698
699.5628510095903 1670.486440020927 -310.8727348716876 8.248327969724972
710.3983198280342 1680.7217893241 -335.40744101983626 7.7507601215089625
723.8118158668789 1686.201463972041 -348.839456400836 6.136077320739159
739.2162636204886 1688.008439381288 -353.7174028844084 2.341618514552084
755.6927622974331 1687.8378075081619 -354.00671001255756 1.9163266230502332
773.4710370955701 1685.265795363582 -348.7306862860364 -0.039886279564744755
791.2493118937069 1682.6937832190022 -343.4849401682735 -0.7446101026330443
808.6191863400973 1680.875145277231 -340.0203256750284 -5.235629229555101
682.3929310867848 1649.9047352646767 -239.4040033217711 -2.755254337699147
686.6684692552982 1672.2411577004686 -292.24514197640343 2.5796654757320163
694.4409354356422 1688.1268135247087 -329.96367565066555 7.416970363170475
704.6127536824979 1699.5863959074459 -357.3222898677456 13.193413843425182
717.6178493695959 1705.819444758196 -372.48083780386946 7.549240265290445
731.4652707821713 1710.4986593156525 -384.0215456889596 6.55718439042665
746.869718535781 1712.3056347248996 -388.88397315141793 5.263282007258131
763.116492014868 1712.5587758408535 -390.14879916826686 129.45476211959485
671.4639760252733 1648.0338395931997 -212.30232565631292 -3.40227714362141
675.969239391644 1669.9464890399115 -264.16676773972017 -1.7096163036970202
682.2102042529384 1688.6572981246854 -308.49117327881976 0.3904532619853342
690.6207959828865 1703.3658067570361 -343.4280430257398 4.220272025327733
701.226539603473 1714.024929049289 -368.89184940498393 9.266815503327601
713.3382595211252 1721.9059839686838 -387.8678764675385 18.576574461363343
726.3433552082232 1728.1390328194336 -403.0023405085195 -102.07066915226962
656.8083677540736 1653.0374835223547 -201.30263097994273 -2.1241905849869087
663.4832579890985 1670.947832516644 -243.80417957550293 -3.16414002896033
670.6175986198385 1688.0106355327732 -284.2808702075856 -4.114942472897721
678.1603396023252 1704.3200643460932 -322.9578882220271 -0.09713847177829386
687.6685072775924 1717.003879808395 -353.13948161544056 7.584516614893205
698.5039760960364 1727.239229111568 -377.59091690559956 93.6883453695303
639.3450070646159 1663.2205750958217 -202.45619072172974 -5.030098287335834
647.755598794564 1677.9290837281726 -237.44889860229708 3.394563277533655
656.1917155464964 1692.5905064728481 -272.30051561703976 1.4477870406145745
665.2659578480329 1706.0747820256345 -304.3715878261562 -3.0253807822067174
675.0038507211577 1718.3348244988565 -333.55923042612045 -43.440656534048955
650.6358745988174 1711.0313400671141 -293.2838459039375 25.100128195596554
