# x(um) y(um) residual(um) curvature(1/mm)
1634.8071309772997 -8267.634110268185 -908.4052868298178 -2.1648498922738413
1675.705482270622 -8258.52503277564 -919.2982791790498 0.7004183155252197
1716.603833563944 -8249.415955283097 -930.2708585730845 22.669362735865086
1440.4285654493222 -8207.489477410953 -784.2798595462973 4.888872312099478
1482.1326349305054 -8197.4776899191 -796.8892914227398 4.64074834277255
1524.552898356455 -8186.663493538971 -811.3925308643529 5.669970090070231
1566.6150648100213 -8176.250501602981 -825.0769827504889 5.4975215354110105
1608.6772312635876 -8165.83750966699 -838.8468454546957 0.1878828669824744
1650.739397717154 -8155.424517730999 -852.7021189769744 0.29096533998652346
1692.8015641707202 -8145.011525795008 -866.6428033173253 5.450993167917801
1295.8112512811417 -8128.305957068771 -693.6899065541388 9.531312364928846
1335.5457874142198 -8120.500794019676 -701.1205648302715 10.014054721020377
1374.9222265749147 -8113.096835414717 -707.7234197859838 4.4419184183884255
1414.7015248295404 -8105.241521810103 -715.413873166948 3.1207519094944893
1456.002735216793 -8095.681089317905 -727.018141348546 8.099416875060173
1497.3039456040462 -8086.120656825707 -738.7039951293316 5.515737094152053
1539.3661120576123 -8075.7076648897155 -752.395117536344 3.985947672912427
1581.4282785111786 -8065.294672953726 -766.1716507614274 2.23011706684721
1624.6094980034416 -8053.627917129805 -782.8682735895952 5.515008641101244
1666.6716644570079 -8043.2149251938135 -796.8184652327817 3.2408253635804427
1553.776466664839 -7965.203191240115 -692.1975388515591 0.7682999960418253
1597.3605452510326 -7953.08508041654 -709.9171022412638 5.643219694656867
1639.780808676982 -7942.270884036412 -724.7812371435043 5.4954278443016715
1681.8429751305482 -7931.85789210042 -738.8244178958661 -19.93533694180449
1498.425821970905 -5557.783140023648 -692.4528010646421 9.629292746636388
1444.9915130199463 -5478.68865557697 -733.9312476446308 8.36371050800505
1468.3431126665084 -5489.238595847167 -702.0020867211522 1.3461165597969826
1435.1718169753096 -5424.154440001375 -703.6593582305461 1.7305912209278453
1398.9566970188564 -5362.480521930752 -697.5582229606276 8.05291815035462
3913.1239497162987 -2483.7890489874553 694.5828676987828 -55.87711037829267
3924.6207010533885 -2489.2646213446237 709.1279177115081 -15.41594066477006
3938.758417561802 -2491.781310926276 716.667154752906 -35.203092656384186
3957.506632589645 -2489.132493289658 711.9684175034998 -16.469478348011567
3981.984399175613 -2480.0644045468384 692.0454284797007 -2.9178173046503053
3879.191697958787 -2419.557452585455 701.0917754677555 -41.47502832716431
3889.5246341356324 -2426.33693938607 718.7105004150345 -38.49242578681081
3899.857570312478 -2433.1164261866857 736.3285084509255 9.992534924920315
3910.190506489323 -2439.8959129873006 753.9457995754287 -11.510876895550634
3923.9701260253532 -2442.8138070130913 762.426141094752 -19.358180778060714
3942.3602440808127 -2440.566193820611 758.6743369245091 -20.641401100829462
3967.196107639164 -2431.096900633653 737.8053207908757 -2.2512811459675257
3997.35866366171 -2415.6596913401495 702.7617766877864 -0.3380368311918152
3849.064226532842 -2351.063058964493 697.654399848548 -13.728936405267051
3857.875250577061 -2359.547664652692 719.2866802960012 2.3228899604933586
3867.4919928091404 -2367.1295603415833 738.7873646532692 -9.43834616729474
3876.3030168533583 -2375.6141660297826 760.4215118876208 -6.450860592488353
3885.114040897577 -2384.098771717983 782.0568242404829 56.11944045134149
3895.0441179804916 -2391.329613518253 800.7291413122862 54.444759150425796
3907.659922356278 -2395.551421987491 812.285275686102 -13.660635467797476
3925.289084345424 -2394.156368238803 810.5491399688478 -1.0732170598428143
3950.1249479037747 -2384.6870750518456 789.6875374181157 -2.969636336265331
3981.093222114182 -2368.347155759032 752.519629032259 -0.6219294999578819
4015.8662766561574 -2347.7444392472567 705.1942375635928 0.7155368845321887
3830.8363655379176 -2287.5928827010434 707.8017316038143 -11.513978177785994
3837.7226183555786 -2298.233962276483 734.5070265697229 1.8617047509139515
3845.4145893611008 -2307.972331852613 759.084017560516 32.36484097958163
3852.703701272692 -2318.162056428398 784.7293376065121 4.568776899487186
3860.7537692505966 -2327.49922156039 808.3636061262771 59.918381363364404
3868.803837228501 -2336.8363866923823 831.9998823657598 64.5553055166891
3877.6148612727193 -2345.320992380583 853.6234874857585 42.69690583035782
3889.4697095821916 -2350.395360293613 867.1874635100781 -34.095292180414276
3906.6960124774073 -2349.4516615445796 866.5183508755359 -20.468794358786546
3930.7709199694445 -2340.8349278014143 847.6835957373946 0.14244787526135136
3962.097291152235 -2324.0938040644633 809.5849641208166 -0.8433217872041373
3814.891372741935 -2221.5650281062167 712.0277670037411 -0.7533698121371126
3821.0166694932814 -2233.058667125449 740.7230567119143 0.042298044130431596
3826.7838692722457 -2244.9535105888185 770.3690235129544 37.211636157472256
3832.148209957279 -2257.299709051843 801.0844705687387 81.36707364708832
3838.318268830173 -2268.743197515558 829.6733827201473 51.70407969315348
3844.4435655815205 -2280.2368365347897 858.3845114969541 -41.922819240836766
3851.329818399181 -2290.8779161102293 885.0862051659865 -38.66153727465068
3860.1408424433994 -2299.3625217984295 906.6976073625664 12.030848727825212
3871.234734686558 -2305.289449155252 922.2675078666206 -4.830213396687627
3886.939125449146 -2306.0508692938038 925.6276862564304 -39.4345834341604
3909.894979902487 -2298.6878994385684 909.7680899701224 -15.088669494081932
3800.468292078578 -2153.8320546238065 712.3515823126655 0.37589972026812896
3804.713579724915 -2167.4320169747607 745.9913497326819 -0.26391943459437994
3809.316964343635 -2180.630774881577 778.6900088541644 1.8192534834355396
3813.517489868424 -2194.280887788049 812.4584437749995 4.138936744145968
3817.4046805423777 -2208.2820545831405 847.0603924610708 11.001581630424809
3821.605206067167 -2221.9321674896123 880.839455397535 -18.189906916942522
3826.9695467522 -2234.2783659526367 911.5466709663837 26.25334762507155
3832.7367465311645 -2246.173209416006 941.1930185658086 39.4524019581909
3840.4287175366867 -2255.911578992136 965.7527190441422 44.4141116659199
3850.3587946196008 -2263.142420792406 984.3938695920945 -47.315689919419974
3864.899370221945 -2265.207755374405 990.8338694708216 -54.02460168111356
3787.925220520232 -2083.992757809673 707.8327628286864 1.9450204445564578
3791.409552100255 -2098.4452796044197 743.4563394939162 -0.11313909412778102
3794.491024586348 -2113.3491563988214 780.1497700062592 -0.12119560659673155
3797.975356166371 -2127.801678193568 815.7848278957771 -0.14907630600111713
3800.2958725861504 -2143.5581144317616 854.5004201384731 -0.23452329107152123
3802.9744859783123 -2158.9133462258183 892.2760841729813 -8.76793606022131
3806.0559584644047 -2173.81722302022 928.993291991014 -114.75198622773367
3809.540290044428 -2188.2697448149665 964.651740710227 -24.722774427804037
3813.785577690765 -2201.8697071659208 998.3046253919495 -0.4132732449557703
3820.2689714144944 -2212.962141741015 1026.0464081567313 48.007464744032596
3828.72189848633 -2221.8479518733525 1048.5842410286473 -44.96123860687113
3841.7405619560473 -2225.6184053429356 1059.0483660393338 -53.63461844718947
3762.050150641334 -2010.734061414577 693.8413875069068 1.2301539887017108
3780.4331547960837 -2026.8507133471846 734.9007336742369 1.0203755955815608
3782.753671215863 -2042.6071495853787 773.5757696337928 -0.03484070427039297
3785.074187635642 -2058.3635858235725 812.2570508466624 0.5239841560623009
3786.6337479891076 -2074.9725815055585 852.9541932892819 0.013891430822833287
3788.551405314956 -2091.180372743407 892.7121075612652 -1.0586109455755566
3789.3500096021075 -2108.641927869186 935.4320964281818 -9.036679580255205
3790.55147298319 -2125.65212799531 977.0947485544125 -34.3449888760868
3792.1110333366564 -2142.261123677296 1017.8181290794397 30.78426759374448
3795.1925058227484 -2157.1650004716976 1054.5275877577747 18.484626316631893
3799.795890441468 -2170.3637583785144 1087.2219803672283 -10.474452877555914
3807.845958419373 -2179.700923510507 1110.8134316364792 -47.5594435606379
3754.513322795638 -1953.6421675076053 721.143562872785 1.0330669975969702
3772.538229978005 -1970.160023884351 763.1128356074798 0.5644627887026836
3774.0530282099226 -1986.8191701218545 803.8924079361353 -0.010724968061046966
3775.6125885633883 -2003.4281658038406 844.560354936029 -1.116697040808344
3776.814051944471 -2020.4383659299644 886.180231306395 0.4258366829932593
3779.1345683642503 -2036.194802168158 924.8521825026917 -0.45467635462138667
3781.455084784029 -2051.951238406352 963.5303789523018 -0.4548000337674677
3783.775601203808 -2067.7076746445464 1002.2148206552258 2.6654908713897116
3784.1713463970295 -2085.62058476998 1045.9885117534036 -16.639107030188473
3784.2089946178676 -2103.9346993395507 1090.7147242982792 -112.48853374356152
3784.649501932637 -2121.797458909467 1134.3839040447149 -3.523951147202742
3788.089071391112 -2136.3001312597307 1170.1389478260169 -68.92048834330657
3700.676154750748 -1874.9990380605823 691.6811272660353 3.350631920004565
3725.549666529938 -1883.8438594431962 715.5654172346061 3.1832295471093617
3746.618397977559 -1896.9514780447716 749.4709748072604 0.9708190607226705
3765.7623581986227 -1912.2155705335872 788.4520394551421 1.8942238382487397
3766.919059458158 -1929.275921215228 830.1535224545617 0.13898041106271578
3768.8814789055536 -1945.4335618975597 869.7351730791815 1.8127172732562609
3774.648678684518 -1957.328405360929 899.2802716666903 -8.248034872296094
3786.861623966373 -1962.001568829822 911.8111248814854 -18.37418285200417
3802.1631556350308 -1963.214343968028 916.1807241702622 24.449184918247184
3813.3018099997375 -1969.0911207693339 931.5407966369976 4.773476270896974
3791.5403050267696 -2011.8285558757807 1033.8166275834542 -8.656193958938514
3804.5589684964866 -2015.599009345364 1044.229927475231 -2.3360512363326635
3667.90771815348 -1809.463527215135 696.2827963084567 -2.6219557520216847
3692.7812299326692 -1818.3083485977484 720.1518752331934 -0.32122890011148497
3716.8937856455454 -1828.0057294241547 746.0115361813197 1.2401324258772313
3738.7234731594804 -1840.2607885819377 777.878560632813 0.8963354402784375
3757.867433380544 -1855.5248810707533 816.825293478085 1.3109139571594843
3760.1879498003227 -1871.2813173089473 855.4329637904489 1.4545354898923093
3768.238017778228 -1880.6184824409395 878.9277796189488 -56.03049875036812
3790.388154043708 -1874.158222585014 865.2020212076255 48.787010088654256
3789.2619871043016 -1893.7762515980323 912.9237323834037 -2.2227141401979362
3798.4758702424506 -1901.8095022865773 933.3484746491212 1.520150206095021
3802.318298794856 -1915.860819637187 967.961758947772 -0.49267897492095586
3803.877859148322 -1932.469815319173 1008.6105373090843 -19.157466912233385
3893.260701978683 -1850.6834210764143 817.0605148774064 -0.04160946793982819
3667.622353998537 -1744.247243314377 704.8355099616398 -1.2101764451350616
3687.930129379845 -1758.207421359745 740.6870699086063 -1.185353114246354
3709.356957799849 -1770.9138355171833 773.5881542495861 -0.33930020851041554
3730.425689247471 -1784.021454118759 807.4283571479891 0.2890729385199955
3750.688702507231 -1798.0317827196443 843.3897476092067 2.178370849138862
3759.499726551449 -1806.5163884078445 864.8533948491502 -69.8160426749149
3783.6193961650342 -1797.8495041091621 845.9168325979051 51.32617998407175
3787.8199216898233 -1811.4996170156335 879.545719085711 -3.1376239131823014
3792.4233063085435 -1824.6983749224503 912.1162440264992 -5.660761072116345
3796.3104969824976 -1838.6995417175422 946.582897770591 -6.552924229882422
3800.9138816012173 -1851.898299624359 979.163669181777 -21.897374878912554
3885.3281289397655 -1775.6786170440096 800.7744923462212 -3.9511381297372656
3673.4694004956505 -1672.160333307763 697.334880690916 -0.20842250902073553
3686.122853092275 -1694.6962563465722 753.2916998219757 -1.2677719276698003
3703.744901180711 -1711.6654677229724 796.1751293663133 -1.2104771676558272
3723.6498174680887 -1726.0770007679953 833.0466805922092 -2.3441321798633394
3746.6433201422683 -1737.0281454823314 861.7728990482578 -41.80063342435062
3766.86868518119 -1732.7243595136456 853.1063265588398 11.819816653748639
3784.4978471703357 -1731.3293057649573 851.272843299036 40.49219138754924
3787.937416628811 -1745.831978115221 886.886587575991 -18.922053968309854
3863.175429050049 -1679.8931594158976 732.8210953909378 1.2660481779438435
-1197.8180652329665 -1373.8626892316079 -755.8742991403612 14.872631901722174
3688.1203571362726 -1626.9222941144374 755.9656028426223 -0.8874798966628712
3700.8185718544446 -1649.4080665977294 811.7716257904443 -3.7845088574605494
3719.9625320755085 -1664.6721590865445 850.6082466750591 -16.530909077833503
3748.6408241862655 -1669.2541832501965 864.307596042832 -19.438294973823446
3785.6967469271813 -1646.0937884070438 811.2107048977039 22.568125448462496
3781.929614816452 -1668.6707001955767 865.8131244927336 -19.01470937089571
4537.7564223880145 -1005.4209204275162 -698.5160078690794 6.850671610902804
-1224.0959942057955 -1301.0553478361667 -765.8329809091501 20.229140279488067
-1202.2663066918603 -1313.3104069939498 -731.1158016134257 1.3274157049665967
3703.5017355230793 -1544.15331578266 723.4857454842697 -0.11002542637944107
3713.872319920763 -1569.2469171528464 785.3644265499092 -1.9006188086819553
3734.180095302071 -1583.2070951982143 821.0734556909871 -9.29922806393294
3773.9593935566963 -1575.3517815936011 805.4246153575783 13.554571463454046
3773.594182683604 -1594.1172511628267 851.0182949872308 -23.809022918984425
4553.137800774821 -922.6519420957388 -731.970250577889 7.860817709741274
4576.048893106615 -915.3391227960211 -748.8057121106378 3.3397330493892636
4598.601888466025 -908.4275079404409 -764.7057034780016 24.33146666069038
4600.16144881949 -925.0365036224272 -724.230440589695 -34.4339500766362
-1264.1158944938165 -1243.6442269845054 -743.64400786613 50.16146489904178
-1239.6452418085578 -1252.9404033667738 -715.0905927445582 69.19529216800012
3711.2735532467505 -1469.9099318888063 711.1322422294761 -0.3912705029549804
3720.1222255118073 -1496.7086521465776 776.9681135155098 -2.0233103456843984
3740.027141799184 -1511.1201851916003 813.6870413868972 -5.2942405434608935
3763.7368384181295 -1521.2689210176616 840.3715608264947 -19.59590063200021
4554.777207846436 -855.2791843077416 -728.4676332771318 3.6671316655755817
4581.134983537414 -844.1047722331996 -754.5760117976115 29.162881684218533
4593.392690940818 -848.7277851465752 -742.8529161329437 -43.69303834830926
4594.191295227969 -866.1893402723538 -700.3575482679914 15.42728685688874
-1302.2557856768271 -1184.1267828011216 -725.7369358852887 7.695935245890507
-1280.4260981628922 -1196.381841958905 -691.0465278456854 36.60311079907952
3719.7615649151867 -1394.8641391066776 696.9811083704518 -5.25050903513106
3727.4911841415474 -1422.9166232523787 765.7127937720714 -10.14203167624557
4552.969931558865 -791.7680192945687 -715.6300725962778 17.236019765969438
4571.718146586708 -789.1192016579505 -721.3298281670602 37.60849750358813
4580.88726760331 -797.2026029020129 -701.3299039380562 -4.930776997150033
4353.444206959831 -729.5009776108401 -708.1008045520476 18.335553177934592
4278.538307467319 -637.750229562241 -766.6852980386259 12.753812408307272
4311.424239003575 -637.6181015072763 -765.4541321899826 21.899148142526943
4338.9834780756355 -643.453889558858 -750.0498740552455 12.39971354614948
4362.693174694581 -653.6026253849191 -724.3895281371938 7.750778315201536
4105.00514768617 -583.0742453731963 -740.5071326726248 10.58555306723373
4144.023489874482 -576.0714912123753 -755.3698971855872 9.455250358366673
4180.356104769922 -572.077770382586 -763.1621636430996 31.699948617588387
4212.839177212248 -572.3969973272758 -760.7694199428297 31.635436734321605
4233.907908659869 -585.5046159288515 -728.028539735929 -9.25845674768257
4276.731031179748 -574.2390645490683 -753.247355675381 8.65564750462571
4310.019821809936 -573.6555814944486 -753.1272315025514 11.624120710848334
4337.1762017880665 -579.9427245456853 -736.6873677846165 -0.9692183196656085
4363.974484793813 -586.6310720410594 -719.3137683510342 8.601352945181693
4373.904561876728 -593.8619138413294 -701.3695891376651 3.1395960390137616
4019.4458632652686 -503.25932953769086 -770.7094402596418 21.332313289742714
4046.1993841494677 -509.9978275885824 -752.9639075371676 19.72150152080737
4055.4509155084556 -536.3451928466986 -688.8331579018056 -4.51326988380665
4099.3930910670315 -523.8258775789855 -716.7045832064671 -10.922383233411242
4138.411433255344 -516.8231234181643 -731.5927884002521 -2.2031901426138716
4175.102145123167 -512.4281981442374 -740.3639774115227 -3.5114319896050015
4211.837619112539 -507.9831223147933 -749.3140664080363 2.815479212932938
4247.767374914049 -504.440756484659 -756.1788065381787 10.83187812464571
4281.056165544235 -503.8572734300392 -756.0624609487269 14.66644426019812
4311.256369787619 -506.73417870610615 -747.7552743427514 11.029278808808181
4338.81560885968 -512.5699667576881 -732.4343491725234 5.7448953089032315
4365.97198883781 -518.8571098089245 -716.0616026301078 12.799752304537112
4376.707784108587 -525.185241609885 -700.2924103417348 6.348358954349128
3979.7840599496303 -445.4470042418921 -745.1523236382462 2.3190995429207266
4026.4119628010785 -429.91865564314696 -780.0376986984089 27.402554062740844
4042.8701957292706 -448.1917814629943 -735.061794779345 -26.223497223977844
4077.3228015197014 -446.3043839649273 -737.789785981308 5.983925239329476
4109.447776989644 -447.02481535375466 -734.3903658129047 4.520648785198694
4142.333708525899 -446.8926872987899 -733.0526109620652 5.248196582073095
4175.622499156086 -446.3092042441702 -732.8293022262932 6.285102433584837
4208.508430692341 -446.1770761892052 -731.5796749486327 5.813333144100711
4240.633406162284 -446.8975075780328 -728.3480464142852 3.3342174574633145
4271.236469499599 -449.323057854445 -721.1028206062965 2.6302143289883904
4300.67571767667 -453.05252257430425 -710.7899544422988 3.761239327762603
4328.995912815044 -458.0357511820938 -697.5224938385553 2.5007491188647193
3995.52353530882 -362.27682146597715 -777.5528693578906 3.9128094524668895
4029.1704229113893 -361.29213396721974 -778.1318463765239 14.8589119597205
4055.2077498508233 -368.8330409063863 -758.588459091419 5.249725169021695
4079.320305563699 -378.5304217327925 -733.9595717024044 0.0888267879857981
4105.357632503133 -386.07132867195895 -714.4504792613596 -4.328463867241747
4134.796880680204 -389.80079339181856 -703.9927139100024 -2.877310359128647
4166.160900083832 -391.37378422443834 -698.6797394155957 0.6882164097931622
4197.5249194874605 -392.9467750570581 -693.4044203106015 0.31997845044917383
3987.1952170766817 -269.35910730813873 -834.606961135301 30.29466450507878
4015.873509187439 -273.9411314717906 -822.07650346708 11.91142206348102
4036.1812845687473 -287.9013095171586 -787.4001021502453 1.9778460555070438
4054.161429629566 -304.46931644942106 -746.5573680065472 -0.5101189754136324
4074.1111080384917 -318.83069893892673 -710.932387497918 -1.517683928676182
3937.2381258050373 -223.08140978129566 -781.4069134747697 3.490574342032012
3989.1927211206794 -201.58514507600393 -830.4155646067333 29.14055617796126
4014.8271889661823 -209.57740701482533 -809.8724490634997 5.0740529681778215
4032.449237054619 -226.54661839122522 -768.1256541547759 5.798165783701919
4048.549373010428 -245.22094865521007 -722.3420372468627 2.4597787419473685
3927.7765267327827 -168.14598976156384 -746.810751346937 2.2069675821455585
3980.5368402362874 -145.7470150569625 -797.9562323109307 20.839885011765922
4005.8132111094073 -154.14048143992147 -776.4939038016304 1.9182739174641221
4023.4352591978436 -171.10969281632143 -734.7812471923263 -1.9111983841762163
4039.5353951536536 -189.78402308030624 -689.0329589261559 -2.59348603713904
3916.4349185555193 -115.31689307355437 -707.1721173652795 1.6164027249576973
3969.598091152954 -92.46656336929824 -759.3820529992199 18.240873455696622
3996.3516120371537 -99.20506142018965 -741.8526508168507 4.810052997585157
4014.376519219521 -115.7229177969348 -701.2398725536888 5.076876565102275
3959.017439042004 -38.78490723749639 -721.6790535742824 21.667229042855347
3986.173819020134 -45.07205028873301 -705.2394755599562 8.599983882410621
2788.797438758638 -455.7279964462852 689.3414198289823 5.649597453940397
2814.0738096317586 -464.12146282924414 712.0277469490171 37.996978376053015
2841.9911456762015 -469.5560464366884 727.8939843238273 -37.29133042302473
2873.758024173761 -470.6776822696534 733.8103760362308 -5.543302573542418
2911.970648174212 -464.57763810814185 723.0547957150382 14.650905252331329
2954.7937706940916 -453.31208672835874 700.3233173228581 30.81935471334996
2716.2497039067443 -398.04779920545127 711.2119304303924 0.6323621468385907
2740.7651187135507 -407.2938250322026 735.8787863976851 13.27746861714922
2764.474815332496 -417.4425608582635 762.6035687961912 -14.765595602383241
2788.2292740729886 -427.5411461288072 789.2017387009548 42.39051146161033
2813.8637419184915 -435.5334080676286 810.9483974642941 55.93886056517533
2843.7058491894936 -438.8115177878332 821.8379407371824 -0.9115428354230506
2880.7994201512474 -433.9652375142516 813.9986607725672 -19.76665735611859
2923.6225426711276 -422.6996861344685 791.3098782244317 -25.61216321705711
2970.2504455225753 -407.17133753572335 758.7008782912227 9.435754536254175
3016.8783483740226 -391.6429889369783 725.9821384342505 -4.584211643188286
3063.506251225471 -376.1146403382333 693.1536586535154 -8.285375031086994
2672.0221641932253 -345.3508305724068 748.0242091119079 -0.5942245510214175
2695.776622933718 -355.44941584295054 774.6460119176049 4.087688484679599
2718.725363486349 -366.4507111128038 803.325623978918 -2.9497049360079997
2741.316007066598 -377.8532108267947 832.9162699524585 55.083752783895754
2764.2647476192296 -388.854506096648 861.577996768703 68.46113333588995
2789.5411184923496 -397.2479724796069 884.2420933318986 -5.7250509357281905
2818.6222696970376 -401.378641643604 897.0944563571276 -32.8346271361178
2854.9548845924783 -397.38492081381474 891.2333535501725 -36.531723762305425
2897.0170510460443 -386.9719288778239 870.5363363183292 -33.859749797960234
2943.2420948035615 -371.89493527873367 839.005271743521 -23.626074137555694
2991.436671909184 -354.61131723688663 802.2755331757921 -11.967770231369705
3040.750302053503 -336.0739353071096 762.5311252173141 -8.791104942325106
3092.3468003967632 -314.9788750459554 716.746702528795 -32.262204999886876
2654.5929074854525 -299.34220943473633 803.7190511710428 19.24335363374473
2676.37783287784 -311.64741914803693 835.3771280859659 8.539175797536393
2698.6103794857054 -323.4511233061654 865.8802928369338 -1.6834739037956508
2720.7981639720233 -335.30497801981113 896.4912709573474 -27.474942210443654
2744.1497636185863 -345.8549182900096 924.1044572428532 -33.68115272765187
2769.784231464089 -353.8471802288309 945.8371680999527 -36.10345664722224
2800.0291978290206 -356.6739349493808 955.6888834429583 27.892940090789427
2834.8399005918345 -354.3853330071763 953.7490818045073 -24.555135421959434
2875.738251885157 -345.27625551463274 936.065409772346 -19.16542695206023
2921.6051986702905 -330.60046635968007 905.4806855330143 -18.512747141854252
2970.91882881461 -312.0630844299031 865.885968910865 -20.588751009739696
3022.51532715787 -290.9680241687488 820.261235716646 -23.8270525783774
3077.1556497663837 -266.4627261324251 766.6146342271222 4.102381920669254
3134.123602695387 -239.349599209207 706.7738222202743 -0.571611837493943
2678.8534924574446 -280.0503310553894 927.5703964541121 -0.8552797114615093
2701.846995131624 -291.0014757697255 956.0976781025835 -28.16485472079201
2726.3176478168825 -300.297652151994 980.8215605440502 -51.33276035379983
2753.11593082263 -306.9859996473682 999.5493283596629 -52.11373166070451
2782.958038093632 -310.2641093675728 1010.4272395800391 -39.35722754769852
2817.007784790131 -308.8280668691607 1010.4426824919141 -14.506843679231965
2856.7423209232097 -301.02290382006436 995.7635085642801 40.327930125229905
2902.6092677083434 -286.34711466511163 965.1941930682787 -10.860550302054058
2953.8476690792204 -265.6532588480951 920.6492042371677 10.48320679972777
3008.890850781666 -240.69660581211653 866.1302079328289 6.5712273185855885
3065.81404158912 -213.63362944441562 806.5832050523359 -0.30474937723899637
3125.064862717063 -183.96282418982042 740.8286953264757 -0.7309508681306166
2685.5367914625485 -243.73909074412515 1008.9854170330769 -47.94589794000598
2710.410303241738 -252.5839121267389 1032.6574569143063 4.10801000401598
2737.5666832198676 -258.8710551779755 1050.44980668268 -37.42305361892897
2767.0506935184862 -262.5503693423177 1062.235810203906 -32.73449563440325
2799.9366250547423 -262.41824128735277 1065.2387295031447 -28.313025220440004
2838.5521081491233 -255.86684212618636 1053.443941907623 10.709104226251926
2883.6580988679443 -242.04361241502608 1024.8495412674254 14.92988298750716
2935.612694183587 -220.54734770973428 978.4785494054704 9.93529966327118
2993.341603178903 -192.58166134272383 917.0438705625088 1.6913683056735132
3054.472433411857 -160.80453275640625 846.6263222294419 0.01058200992256213
3117.5280348713677 -126.87093028284902 771.0175565918228 -0.03258499573540413
3179.8226802645654 -93.78988725308422 697.1670446128101 2.4001408229773666
2722.420294711036 -210.30475570892796 1100.381625563254 8.226530615428338
2750.7404898494106 -215.28798431671737 1115.1446280867456 3.3734595244843133
2781.7016501591083 -217.312330148992 1123.0898917010356 18.30515636847448
2817.6761680821664 -213.71981376334037 1118.0964404217648 9.3125266078381
2862.0212027346734 -200.74914349597245 1091.4820959404883 -2.002098095096341
2915.13961321056 -177.94896434723347 1042.140737255145 -0.39069422958968086
2975.912346471131 -146.57304020505347 972.8799396341701 -4.063949930530021
3043.1308252345925 -107.97543606839676 886.7439857584401 -1.003861294380124
3111.9159782522297 -67.62256248863808 796.2997042236834 -0.8238505241593894
3172.6887115128 -36.24663834645806 726.3866123216407 -4.6405295140431395
2733.2664710200906 -169.32951373456422 1171.1067269895636 52.651439006414954
2761.989525252395 -173.8613873426988 1184.7969532569227 26.060935564142863
2795.636412854965 -172.8766998439415 1185.794588666358 91.11830751674358
2838.056676280914 -162.0625034638132 1164.1577609471003 -0.223551993918153
2892.696998889428 -137.55720542748946 1110.9337601836658 -21.37979913747275
2959.960239774438 -98.90945073531553 1024.9633393773008 -3.4532661650784378
3035.6387595104447 -50.83339160590817 916.9798808420616 -2.130560299815658
3116.599209589099 3.1604330745286897 794.9907525195287 -0.7353502642933968
2741.8297791302043 -130.9119500915776 1247.7091435156442 51.21895961089288
2773.5966576277633 -132.03358592454268 1253.541243186821 -26.89159852860019
2816.016921053713 -121.21938954441433 1231.9229571408205 -96.88789678095006
2876.789654314283 -89.8434654022343 1162.9345452813743 -2.80765360816146
2958.958681674729 -34.49557572283307 1038.5200849831524 -0.9613589989851183
3060.912566759328 43.018859495170226 862.5408914320486 -0.35843898594060625
2722.475751195874 -87.05980284114682 1308.6067506340464 11.959608004097067
2754.242629693433 -88.18143867411187 1314.4359562313432 0.18178272663954995
2803.1534007438217 -70.09541174398964 1276.1349949699968 -16.235456014879187
2885.322428104268 -14.747522064588395 1152.0324110964757 -0.6706909136443187
2994.1696799072365 70.49009870306358 958.6488395875493 -0.6658213159734574
2742.4981624222387 -35.8036969857572 1355.8438534254994 0
2814.32713970513 7.959414369171022 1258.5952456914254 -3.6650963388364137
2938.4830370774657 110.34852512370513 1026.1420912346614 0.8139221087931877
2743.018516455157 30.31529691431 1365.831292547722 -24.796043722507385
2855.3124516173107 119.4145104567863 1164.4113750341312 -8.900396457775114
3034.794331222797 283.7897078305786 788.7152661489409 0.3733814023894471
3802.9164944186014 924.1023601156925 -689.7550159403412 12.252882665900453
2905.8320954191854 241.5516748695651 1045.672280953656 -3.7357564503427425
-2516.341044701231 620.1876036158 -707.409182150972 7.073881816125215
-2462.4616781590307 643.8403422083312 -745.1003804486825 23.71260046046284
-2436.8272103135278 635.84808026951 -719.4219361571938 11.396636760195872
-2548.3932873537337 686.5255233495226 -700.0533928188584 0.7774394298886351
-2493.7082026236712 711.0809719413636 -739.5043051028446 8.542847070982422
-2458.8974998608583 713.369573883568 -734.4540768195155 21.533734877472405
-2435.5906623358433 702.7694830578524 -703.5910122113058 5.271122461029661
-2575.0293132989455 758.9316603008266 -704.6960530455486 3.9680367936192233
-2529.565225607742 773.1560944561244 -723.4387109181636 11.34725822841832
-2497.7983471101825 772.0344586231593 -711.5441701391031 10.37600626623558
-2610.125380216702 821.8593422593796 -690.2617419882838 11.289514395696887
-2560.408890978452 840.8480791888115 -718.4902462789427 16.863213136685047
-2533.252511000322 834.5609361375749 -696.2640597789932 6.263199416836548
-3866.9717498723526 168.9006803905965 704.5826454029307 -14.567889884022012
-3892.488722778868 242.5605812298305 696.8784160847981 -1.436538852432027
-3870.6590352649328 230.30552207204707 732.3017136685547 -7.482320824418563
-3896.220770292996 303.9152723557638 724.8176405367706 -1.6798035261299804
-3873.9882236851304 292.11156819763517 759.3319641640308 -1.8477256983845294
-3918.6939189342575 380.98541097016687 710.8228550189372 0.11022461120341942
-3899.908055685576 365.3201140372141 752.7453708311112 -1.274272545694569
-3877.7202711992586 353.4662593235685 787.3183765845279 -62.25804670364613
-3941.5251645479007 457.6543451404328 697.7669254107996 0.6699694180472017
-3923.903116459465 440.6851337640326 742.1596574516112 -0.45786462905629804
-3905.117253210784 425.0198368310799 784.0443173386452 -1.0399326753868954
-3967.4449965483473 530.862890980012 691.5319373436175 1.3638023701822621
-3948.3010363272833 515.5987984911966 732.6037803491756 1.1637571313937225
-3929.9180321725335 499.482146558589 775.3182415797726 0.779152713099728
-3911.1321689238525 483.81684962563634 817.1660255649009 -59.85603329356663
-3995.647696747734 601.5137584882137 690.3658279350815 2.1961594332507888
-3974.9818243940426 587.9547848869834 728.1254293675946 1.9110247048707667
-3955.7931020514316 572.7408429536853 769.0660191839215 0.010907607487762896
-3937.8129569906123 556.1728360214229 812.6139046009079 -1.0970743545837325
-3918.2661376756173 541.3600985322626 852.7851301641728 -35.32205281553687
-4025.3723090797475 670.4595071088305 692.6181874212363 1.3665980056636027
-4003.542621565812 658.2044479510473 727.8443707044066 0.3724868767778396
-3983.6377052784355 643.7929149060246 767.2093643343321 -0.7260244970737944
-3964.0908859634415 628.980177416864 807.345037746005 0.9009251926005579
-3945.7078818086907 612.8635254842565 849.9897415131201 0.8026194130181777
-3926.563921587627 597.5994329954412 890.9959171935443 -34.51300187386802
-4053.9331062515175 740.7091701728949 692.5089051684595 2.8995121102419623
-4030.9843656988855 729.7078749030416 725.3010493405674 1.1957717242566197
-4010.318493345195 716.1489013018111 762.9955622003628 1.0493609283629877
-3991.532630096514 700.4836043688584 804.7342961212557 0.5357397083104245
-3973.5524850356946 683.9155974365958 848.2103213872055 -0.5307432329362777
-3955.124718759397 667.8490960595055 890.725553512821 -0.5419535181845029
-3936.3836176322634 652.1336485710355 932.5679383102448 -45.91480980617402
-4081.7777094785215 811.7612421252344 691.0060013274721 8.83253825407924
-4056.904197699332 802.9164207426207 719.6366842368321 2.896889379775308
-4035.83546625171 789.8088021410449 756.4313689889077 0.5875067386002301
-4017.0496030030295 774.143505208092 798.1321921106443 -0.39558621561386054
-3999.06945794221 757.5754982758298 841.568800575759 -0.4045001320800299
-3981.8055068261565 740.205082455292 886.5512719619104 -0.5203145507997148
-3964.18345873772 723.235871078892 930.767802598607 -0.7904140136357851
-4110.741365744221 881.5595501896438 692.0497162109832 7.6596195505391735
-4082.018311511916 877.0276765815092 712.3971421949974 7.635483617493456
-4058.6667118653545 866.4777363113108 744.2545516286567 1.9116960343798888
-4038.761795577977 852.0662032662879 783.5092530271392 0.6553195942370705
-4021.542606583471 834.645636890233 828.5382510795816 -0.07922066190954721
-4005.0396115337307 816.4226616259031 875.1136148914945 -0.06899281401736099
-3988.9394755779217 797.7483313619182 922.5632611099621 -0.36075649415219513
-3972.123145677346 779.8764099862087 968.4786263046938 -54.148914125252794
-4107.58004653998 950.6374268652258 706.2747093077513 6.515359400368173
-4081.184622628163 943.4977243701968 731.5705932218533 4.745803560763872
-4058.593979047914 932.0952246562061 765.018045704165 2.3120165249138562
-4040.2109748931643 915.9785727235983 807.4990655917519 0.34567350669267205
-4024.1108389373553 897.3042424596136 854.890890672819 -0.08387390266840157
-4008.771659047859 877.7773527518365 903.9274669320872 -0.12058746911262296
-3994.1934352246767 857.3979036002668 954.611125345693 -1.0996443990348803
-4130.411292153623 1027.3063610354918 694.4571760625178 -1.3431246658831044
-4105.1796834020515 1018.8627440970154 722.2206232149877 1.30620184441359
-4080.6642685952447 1009.6167182702641 751.5048369368353 2.6435779347547066
-4058.83458108131 997.361659112481 786.5423935318513 1.4776230114262254
-4039.6906208602454 982.0975666236656 827.3444826028586 1.1656725055785804
-4024.35144097075 962.5706769158885 876.3265591204455 0.3008175976120868
-4010.5789353354294 941.2885177650094 928.6874216049358 0.020852488078299817
-3997.522623644874 919.203949725855 982.6017747163002 -51.66866042373998
-4539.486892954177 1038.3610024830589 688.7068449820654 -5.327758504265742
-4505.079049285294 1040.1982494256085 697.3642488196917 -4.353017912789169
-4471.029302588794 1041.6342919240205 706.7315579913912 -9.621420296784784
-4434.696687693354 1045.62801275381 711.2016624133615 -11.790930438846848
-4392.634521239787 1056.0410046898005 703.4300937716846 -7.123315224309173
-4124.206148684128 1099.794475486243 702.3856066212763 -0.44931450105134024
-4102.779320264123 1087.088061328805 738.2555055582421 -0.0650394623784462
-4080.188676683874 1075.6855616148143 771.6233835273092 1.5836697701934543
-4059.1199452362525 1062.5779430132386 808.2507033671029 1.5009066847215136
-4040.736941081503 1046.4612910806309 850.6437481596986 0.7796981044170223
-4025.397761192007 1026.9344013728537 899.5817653006076 0.0345771129731652
-4011.580493435138 1005.7023927774918 951.8018050108808 -1.7905089140916086
-4530.954119164192 1113.4569458207047 692.3808293122029 -2.129810733452091
-4496.54627549531 1115.2941927632544 700.9803517314635 -4.7814394445987505
-4461.735572732497 1117.582794705459 708.6750506284262 -7.289297498315756
-4424.642001770741 1122.4290749790407 711.4686641543799 -10.552901067712611
-4381.057923184549 1134.547185802616 700.3967383840602 -7.383176855238271
-4120.283873413572 1169.7249116056178 715.2951117888791 -0.32040815363482406
-4101.900869258821 1153.6082596730098 757.6424034622241 -0.43671496295037143
-4081.1902347835835 1140.0994366272967 794.999198153901 0.6262706540634705
-4060.927221523823 1126.0891080264114 833.3138879642396 0.8554596873394615
-4042.5442173690726 1109.9724560938037 875.6647883421463 0.04082171199663535
-4025.2802662530194 1092.602040273266 920.4233903842141 -1.7141332316711306
-4007.658218164582 1075.6328288968662 964.417528636706 -58.51396650247564
-4119.0025633143405 1236.6964649494773 733.9526195006098 -0.07318682025685636
-4102.902427358531 1218.0221346854923 781.1479511129162 -0.6781842377948959
-4083.7584671374666 1202.758042196677 821.8228479827415 -0.456366026209596
-4063.495453877707 1188.747713595792 860.0970854991584 -0.21198994196729415
-4043.187678496399 1174.7875355504236 898.2733848662898 -6.632563677961266
-4018.3141667172094 1165.94271416781 926.636244382859 -12.232777056139485
-3987.308244285964 1163.9685188910528 941.7944610932724 -10.96043706676395
-3879.2219485493083 1248.3535802149122 790.8024826230742 -0.005807325975568151
-4134.224248264848 1321.890993557667 706.4203614657836 0.33637163243083634
-4120.451742629527 1300.6088344067878 758.5483380024601 -0.22481715764412016
-4104.351606673718 1281.934504142803 805.700290641855 -0.36605733537103297
-4086.3266994913506 1265.4166477660576 848.7327212860421 -1.9221290426983968
-4064.8998710713463 1252.7102336086198 884.4691620634218 -13.028997633626622
-4035.8187198666587 1248.5795644446225 903.7634794837611 -18.824207974311957
-3991.0708261202208 1262.0015897116455 889.3466986490172 33.96335437969814
-3964.317305236021 1255.263091660754 913.56377935589 -14.664615453558845
-3897.0540643510117 1293.9108463529278 850.4682970041472 -3.9817672572603753
-3814.8850369905654 1349.2587360323291 754.9217812937401 -29.271043379155905
-4155.175484773482 1400.666251059655 691.3367939321084 2.6823338054452943
-4138.314392751359 1382.8444802394627 736.8013956969795 0.5249216777382815
-4122.975212861863 1363.3175905316855 785.5321351130544 -0.07613798433447941
-4106.516979933671 1345.0444647118381 831.8744805884907 -0.9195382089651716
-4086.970160618677 1330.2317272226778 871.6018578834478 -7.99468456672918
-4059.813780640546 1323.9445841714412 895.0017292314155 -17.608329860725817
-4011.6639656564716 1341.178051657771 873.2819067434939 37.87102044554752
-3993.280961501722 1325.0613997251635 915.4659237582276 -20.116432684316177
-3956.54548751235 1329.5064755546075 918.1645050363105 -10.796589783376996
-3903.4270770364633 1352.3066547033463 885.4998257072957 -4.255061609485668
-3835.40288008514 1391.8069688393127 820.5062537645616 -1.0384848704146898
-4186.06391226574 1468.308085236825 697.6687298284988 5.189476539331883
-4163.473268685491 1456.9055855228341 730.843356655712 3.307546142630918
-4144.329308464428 1441.6414930340188 771.3867678163746 0.11639022731582728
-4126.707260375992 1424.6722816576184 815.190230842216 -0.00746945825654302
-4108.682353193624 1408.1544252808735 858.1352207768234 -2.1652015092416974
-4086.0917096133753 1396.7519255668826 891.295755463039 -28.771630251311194
-4045.1933583200534 1405.8610030594264 885.1613629210822 24.34415821196029
-4018.395075314306 1399.172655564052 909.2414047280364 -7.0291032471219745
-3990.4777392698625 1393.738071956608 930.8944789560885 -15.149356313638231
-3875.498076814838 1485.846318830116 764.9871551348855 0.3503604128599258
-4251.360183426881 1534.1126724714452 696.1881138555985 2.5845382626583144
-4223.398085260889 1528.728239419518 717.8974830587804 1.2533435036206513
-4197.002661349073 1521.5885369244893 742.9291659563537 -0.13308082432375207
-4172.890105636197 1511.8911560980832 772.8222615535816 -1.4665240571484581
-4151.0604181222625 1499.6360969403 807.5871667365425 0.6686115140981791
-4131.155501834885 1485.2245638952768 846.466769962073 -0.7501680813870245
-4110.086770387264 1472.116945293701 882.8524226498546 -19.558159531807515
-4078.364654011252 1470.945158905219 896.3951125041009 -6.990868579793853
-4044.3149073147524 1472.3812014036312 904.9033273244087 -6.421343144755221
-3933.184787312843 1560.1765005026605 747.6037143251043 3.207095260353312
-4320.46123491959 1595.6544624871037 702.8863208247141 0.5985838053878212
-4292.141039781216 1590.6712338793138 723.864307765278 0.5329083257449251
-4263.462747670459 1586.089209715662 744.0522878948466 -3.2273321071815873
-4234.739693438154 1581.5573361075276 764.1170388854607 0.7900728927025228
-4207.583313460023 1575.270193056291 787.500064038638 2.6213846477846463
-4182.351704708451 1566.826576117815 814.9746941635373 0.8627162283881838
-4158.239148995575 1557.1291952914091 844.8267479758601 -1.3160253282952923
-4133.7237341887685 1547.8831694646574 873.8038602555913 -15.415990865129016
-4103.881626917768 1544.6050597444525 891.3567232515023 -22.23521012119846
-4055.731811933693 1561.8385272307828 869.6145681055668 -2.087425333953237
-3944.5569298102355 1649.683976885329 712.2624243972539 0.2545622450052943
-4389.562286412299 1657.1962525027618 709.630074225664 13.753318573159772
-4362.003047340238 1651.3604644511802 732.2590263651093 15.245876490557484
-4334.085711295795 1645.925880843736 754.102250942281 11.587367517418455
-4305.407419185038 1641.3438566800837 774.2999987205678 4.7395277714673405
-4275.565311914036 1638.065746959879 791.9895844522359 1.3476849629136074
-4245.7232046430345 1634.7876372396745 809.6472548478547 -3.6680129541495137
-4215.881097372033 1631.50952751947 827.2730099074244 -12.086723835805955
-4186.441849194962 1627.7800627996107 845.7277058049751 -13.290438854781446
-4156.59974192396 1624.5019530794061 863.29037253826 -19.372410632921056
-4121.386180067217 1627.241910021265 869.3224897457095 -8.931642869599434
-4073.236365083141 1644.4753775075949 847.5742345328116 -4.446607378049934
-3971.2377178769952 1722.0399632811157 710.0333126448869 -4.057633234272216
-4457.401602788839 1687.383664455971 702.4989921159186 -9.804590113055788
-4430.2452228107095 1681.0965214047346 726.0311762817428 -9.986213068197074
-4402.685983738649 1675.260733353153 748.6855062750114 -19.389685631263163
-4374.365788600275 1670.2775047453636 769.6989013494214 -22.360160208340652
-4344.926540423204 1666.5480400255042 788.3056900029585 -18.513068824080992
-4314.323477085888 1664.1224897490915 804.404470117462 -19.89770329483299
-4281.795642522015 1663.853413359919 816.3671820753278 -27.023431039257908
-4246.223983692888 1666.9945747459158 821.7953703552572 -14.263499077654936
-4207.608500598507 1673.5459739070823 820.6692444617806 6.857858831797899
-4166.307290211254 1683.1064063992808 813.7330041742132 20.490924518850502
-4122.723211625061 1695.2245172228565 801.8288889981235 4.063064031064936
-4111.994530254995 1670.5321202968073 860.2134256624119 -20.12824848065441
-4000.4615511591546 1758.7787743954912 702.4050340177497 -2.0217034314860736
-4524.83806007145 1718.0224314088357 694.4261960994678 -3.0563172400176373
-4496.5178649330755 1713.0392028010463 715.5401223964776 -10.435503401190362
-4469.361484954946 1706.7520597498094 739.0939914411756 -18.40079666840377
-4442.205104976815 1700.4649166985728 762.6254344556373 -20.138824232847128
-4413.884909838441 1695.4816880907833 783.6641360169526 -11.43094555707914
-4384.445661661371 1691.7522233709242 802.2990586169856 -12.723277467832109
-4352.320686191429 1691.0317919820966 815.1927452690331 -22.396342200288455
-4315.9880712959875 1695.0255128118854 819.089775036957 -20.039646758349324
-4273.523045748491 1705.889859747531 809.8602899054014 3.308133105081346
-4223.090362565475 1725.6810055652381 783.5405383143798 37.61345659474018
-4204.304499316794 1710.0157086322856 824.6965819570513 -30.101467224810474
-4168.732840487667 1713.1568700182825 829.9814137216069 -22.23920051416995
-4075.910428198831 1780.4405919107771 712.6159646855912 -1.2451781981028447
-4559.388585817805 1748.7933264166645 697.7833611490955 -18.649615477616766
-4530.352196734664 1744.6125066971504 717.3989219444946 -19.81115263446132
-4502.03200159629 1739.6292780893612 738.5017318238412 -16.617833237699866
-4474.830859496612 1733.3922855936414 761.9491236069654 -14.605442020300487
-4447.316382546099 1727.5063469865424 784.7095290584112 -16.709276148564214
-4418.593328313794 1722.974473378408 804.8814508645812 -19.7437764140516
-4386.110255871469 1722.6552464337183 817.038790197424 -25.683614879218347
-4345.57000155053 1731.3631194821241 812.0209359512618 0.8270432968492573
-4294.7344592735835 1751.6056202994855 785.0023344429359 54.68070898812297
-4270.219044466777 1742.3595944727342 813.9637613330442 -7.753932099463226
-4236.214059891825 1743.7454864156293 822.6695183510883 -15.826620434571845
-4479.614574413641 1797.5133000204085 702.3400632021428 -0.21783489822721608
-4452.458194435511 1791.2261569691716 725.8234368715891 -1.608724518495167
-4424.898955363451 1785.3903689175897 748.4296886461359 -2.1170347530662346
-4394.698751120066 1782.5134636415228 765.4043842340282 -3.4357980023457504
-4356.441364998068 1788.6636583585516 765.2199686424397 2.220909521982741
-4339.580272975945 1770.8418875383593 810.4888512882429 -18.638618809144006
-4306.336244467307 1771.3752200374615 820.8938892394825 -14.063589319718215
-4544.410066524929 1831.110949748787 688.8456647140932 -17.690523175385962
-5073.897853006508 1817.3960370501009 691.9639172476127 -4.215180003521237
-5073.279579017665 1850.856738444272 702.3899513124386 1.514065810291186
-5018.922056939858 1838.332602897316 750.3290429648142 -8.044520601462747
-5073.019402001206 1883.9162353943057 713.5834951792598 1.658137524750321
-5019.825695083642 1870.0881854039026 763.9061192315377 2.2564562131231574
-4996.474095437081 1859.538245133704 795.8072990127126 -8.28762603668811
-5073.162084078678 1916.5243773446846 725.6375827403879 1.389116709942566
-5020.371236255045 1902.2449723546265 776.7584149808032 3.8508896596743294
-4997.377733580866 1891.2938276402906 809.3859381723863 -17.793951772912184
-4967.535626309864 1888.0157179200862 827.7062444549713 -8.980761657803708
-4873.952257954714 1956.1519992563726 712.6766093742273 -34.907257604702814
-5127.617526112409 1961.7068053975368 689.717179272335 1.9978348517448694
-5073.662863128533 1948.7313148509256 738.4588837561678 1.5092984645689418
-5021.632971371212 1933.5993504170756 791.1253907129944 -2.3318861154446493
-4994.073732299152 1927.7635623654937 814.2091848435365 -23.31451067466842
-4951.653468873203 1938.577758745622 806.2357262893252 -2.4099668129778524
-5128.163067283811 1993.863592348261 702.6936119122005 2.3697924521857807
-5074.5665012723175 1980.4868973575121 752.1403700933067 -2.6888730947743804
-5022.536609514998 1965.3549329236619 804.7675859277272 -12.402197974724826
-4982.39921428799 1973.6114509724132 801.5904708050541 1.2475691700808427
-4892.97872323679 2037.0837306456008 695.3132532787739 6.137093053007094
-5129.42480239998 2025.2179704107095 717.1797209087864 3.0961546712587418
-5073.590130311092 2014.348803195821 761.9315934472222 8.544610693792803
-5020.754520365912 2000.1195487612804 812.8341652675653 12.966205387063315
-4989.793360056213 1998.0952029290058 828.7782872030618 47.574660082314324
-4915.278655480451 2044.8673476149659 753.6933112711268 0.02195012225111834
-5187.326927792897 2066.538805688737 688.5435625303957 5.352879689715895
-5132.253211770323 2054.8170790300564 734.9416266223674 2.2011818805032184
-5077.895689692514 2042.2929434831003 782.7348628571852 4.83104111420839
-5027.387710067823 2025.4558601616652 838.4596641381914 2.5340951994683074
-5009.004705913073 2009.3392082290577 880.6241282858338 -31.27720751178428
-4978.401642575757 2006.9136579526455 897.2955749962264 -4.358412268618842
-4937.100432188505 2016.4740904448436 891.5845680604216 -7.909121867425619
-5136.200674179362 2083.1624237614733 755.0483439327036 3.1170682056522585
-5084.5288793944255 2067.6292548834854 808.3995047444313 -2.3298212087150065
-5034.020899769734 2050.7921715620505 864.102867505101 -0.6213920137276777
-5012.594071349728 2038.0857574046122 899.9084530425247 -0.6491446145049017
-4986.153885316365 2030.9962054651005 925.2511296700711 -5.85096481741071
-5141.311951748646 2110.203854049443 777.5916073693438 -15.215373589583153
-5089.64015696371 2094.670685171455 830.9170069681236 1.706154803991496
-5039.8931334053295 2076.9810424062275 888.1789608577956 3.1544983034457736
-5019.943454996405 2062.619659916722 927.0492224165024 0.9119692644793121
-4996.591855349843 2052.0697196465235 958.8243034944657 -15.258681676171937
-5095.467628477759 2120.9097065711494 854.9426896263763 2.1017028864700356
-5046.481560985694 2102.3675043621297 913.7647599549355 2.605161171216333
-5028.098556830943 2086.250852429522 955.8855607155367 -1.165062522059231
-5006.671728410938 2073.5444382720843 991.6639358263039 -22.35755751246177
-5102.10081817967 2146.2460179715345 880.6616356355797 -4.431554167480812
-5053.875706753917 2126.8512563187223 941.0455269022282 -0.6913013549498509
-5036.656517759412 2109.430689942668 985.5769738062547 -5.756839891111236
-5059.389843417132 2153.441331607037 964.4306646472555 1.5486363261140192
-5042.886848367392 2135.218356342707 1010.4373363966627 -20.522791454619554
-5064.098261892485 2180.934116894661 986.1580852349955 -3.346631623087869
-5066.88190914128 2210.5833760695255 1003.9006337842234 8.2505147206485
-7496.521315307997 3038.9643341818837 -777.4124903978045 6.897699364325083
-7429.9437340476225 3040.1313002911234 -749.8738523159833 0.24910456967341596
-7364.574730069043 3039.944201401398 -720.1762786451916 4.475381613767345
-7453.261046002757 3193.625424928782 -1002.7258699884136 12.939684501291289
-7433.280833273701 3142.585662744617 -885.4263534119409 0.9513787973120182
-7400.31960529577 3106.08956166044 -793.1483312470026 1.2670088412253426
-7353.616406002646 3084.989681120043 -727.4500893371606 0.2512733229930678
-7386.573880609278 3301.1083462663396 -1117.454523728134 -4.742449772112758
-7387.229005913786 3226.9491779887453 -960.3756245092284 3.329751873305141
-7376.783125074425 3165.227347479417 -824.6621982267811 4.223943582524913
-7343.821897096493 3128.73124639524 -732.4512513137687 -2.3305887202202045
-7352.742112431926 3371.7807598542727 -1168.7708907187875 6.310657582448518
-7355.277246841443 3295.5152682449557 -1008.1111370334131 1.2836467588247833
-7352.843785759149 3224.816488298049 -856.9590565667876 -0.5221041927289183
-7330.580704831155 3176.334404445261 -744.111584830243 -4.635318931346907
-7357.959220763015 3472.1287989760435 -1300.1072832477535 27.264848392977143
-7336.815192873716 3422.3929512353257 -1185.4422275419897 21.84475993864005
-7330.2188544874725 3356.358172951518 -1042.519995810142 1.974713368839032
-7326.263481272551 3287.364511892196 -894.3766400369443 -3.263658601880273
-7310.490907968995 3231.610597489414 -769.0325184564202 -3.6794542000990336
-7359.220955879183 3503.483177038492 -1283.4345094915375 10.367342657219917
-7330.467367326749 3462.2729237356984 -1183.5486282729153 15.56938722819912
-7312.411925824253 3409.076687664294 -1062.8816990615455 2.5644795343444216
-7300.846991946195 3348.6086210428953 -929.5485505689345 -13.491492870714723
-7285.835374708954 3292.002147196321 -802.8057578365019 -10.130001664630054
-7238.371219349517 3271.754826099717 -738.9993151941427 10.273562096100237
-7401.098241757967 3562.757911191677 -1343.61801183302 -9.649185084405428
-7363.571277382153 3531.3771667702545 -1260.7658521259148 2.9396465019336877
-7328.685278177663 3497.037539573317 -1172.7913861647626 23.473477185994856
-7300.692645691542 3454.97472682673 -1071.4331598685108 -10.64202895431805
-7279.190520829861 3405.6400835301506 -957.4336004334784 -5.7319443665437495
-7260.374123261053 3353.296406902538 -838.1488641513481 -0.680152515809303
-7235.067218067803 3308.2245608249195 -731.3952683994991 -1.4798758600625006
-7409.253343592505 3586.3891037044773 -1313.5477590468493 0.3187665895780854
-7361.431091260684 3566.5429870520106 -1250.6303220030563 6.62527095253876
-7341.808975504013 3515.102020423708 -1133.1533851075988 -0.07031580153047073
-7295.508635304819 3493.5507848836555 -1067.2969847818729 -20.717307338439046
-7265.5912315921405 3453.6444460243097 -969.6800488432867 -13.266680850215447
-7214.680392873517 3437.2587177025284 -912.8150654328657 17.93204253022973
-7213.052649979086 3365.6572277563123 -760.1351030198441 5.121634460129556
-7399.861693780283 3629.6793139800197 -1317.3461137807697 -9.80235593760154
-7364.2147385094795 3596.1922462268744 -1230.9494569252745 14.211235855252236
-7340.429745448858 3549.415281261671 -1121.5722882736452 8.632105276524854
-7296.412273448604 3525.3063673902425 -1051.3377293824506 -18.263338963936423
-7237.086155878984 3518.348943505696 -1010.852631356089 26.318207912207235
-7218.672617404105 3465.5539118784286 -890.9361437732459 -4.33477899461385
-7194.842862221935 3418.8270974687425 -781.4735519120148 -1.4998331569037715
-6921.415359854335 3431.4689002329355 -691.4908507062812 1.6341230055224159
-7466.895291968963 3660.769435932539 -1328.7967724504435 -2.7846016435265333
-7404.928209228018 3656.7708948235068 -1293.197684460572 -3.4942162936668026
-7363.193605426706 3630.1043026207008 -1218.6052453868517 9.687078494823874
-7326.830456211137 3597.4196437558303 -1133.6253246041583 2.0613071846647704
-7272.114837160946 3585.296712653012 -1084.2191877610105 13.238109100040964
-7241.794574354338 3545.8417287933203 -987.5216808835711 13.05791724824796
-7208.878108497952 3509.2954771536256 -895.8305745119569 0.7978729459255158
-7173.634012321079 3475.3570544008253 -808.6400881713287 -16.25011823748015
-7120.798402375898 3461.1277999662852 -755.7151809220835 -1.8878832962552798
-7041.642664960577 3476.387072175857 -754.2851143922301 -0.016654974480197118
-6935.763940981187 3521.586226029198 -805.5177884533009 3.6768414144562462
-6870.394937002606 3521.399127139473 -777.711536554813 4.612225581324336
-6810.7107224606025 3514.842907699063 -738.8870236755572 2.5937398603503135
-7477.736121096372 3681.391595114307 -1293.4817984218641 9.275757421737659
-7414.247126222802 3679.098172892859 -1260.8202462585505 12.003269770576386
-7363.336287504178 3662.7124445710792 -1203.9883052154435 12.080985610200726
-7306.695897227429 3652.7459873555003 -1158.3221750737157 8.71565706516242
-7272.615616210801 3617.5036501592535 -1068.9931301447953 9.376948579486445
-7241.937256431808 3578.449870743699 -973.035026657722 3.6295203277340153
-7202.485520829437 3549.225600209515 -894.0920070980798 -6.021828758899847
-7141.279394154807 3544.3744996566907 -857.5106152081034 13.007334089347582
-7067.89797041916 3553.1643502045445 -844.8334565317633 15.81647843501661
-6993.710828495651 3562.856910751708 -833.9721363569047 30.933334073345
-6922.925607809781 3568.738029079564 -816.6854979344298 13.498812785054051
-6846.097500714947 3581.3894724022425 -811.4930597431838 24.374504039771935
-6773.7903678964485 3588.9757096176827 -797.6637449584914 20.96732747603796
-6717.194739741249 3578.959101846587 -753.0480752483955 0.2583267689252748
-6656.749569132931 3573.2554418499703 -716.1494444096206 0.4522599458258953
-6500.3628655288485 3601.6175123818757 -713.2424034017115 2.541917541501059
-6428.45859180428 3608.752394597662 -699.6900109908818 3.9180707466097684
-7488.576950223781 3702.013754296075 -1258.1544274738064 1.3264070264350214
-7421.641271991025 3703.581924849452 -1232.1428886302567 16.900445896040686
-7356.98846195721 3702.592417071452 -1201.9003885316918 8.25254754332475
-7315.253858155897 3675.925824868646 -1127.425373355099 11.534907832457453
-7276.9659377137705 3645.3976398910154 -1046.2802735081377 3.6178245991393028
-7248.2123491613365 3604.1873865882217 -946.6223222854759 6.376226129761629
-7211.804437824218 3571.5528782788683 -861.7917679081467 -16.132536918799634
-7148.3154429506485 3569.259456057421 -829.6614271602826 -2.609743923822916
-7074.889257093454 3578.0994571607926 -817.0795731634756 0.6690105117349611
-7000.299256076014 3588.24337270761 -807.0140594301259 -2.8727080531815723
-6921.546377754624 3603.051289917528 -805.3616975895525 34.436257757603926
-6859.937391986064 3598.6515443643584 -770.3050835674635 -10.771844510423984
-6774.3359090678505 3621.132496568407 -782.6389150656266 7.861044045569718
-6688.689664028091 3643.6635993279738 -795.417902800147 7.337558270982986
-6614.099663010652 3653.8075148747917 -786.6629854847318 4.130728843923515
-6549.849712070768 3652.3666520971365 -757.6445480047748 -4.1009972683711995
-6469.933018589133 3668.4784837505013 -759.9340263643755 15.620521925245589
-6415.6202586328745 3655.9041976480285 -711.5064690716983 14.998930094001835
-7516.3094056934415 3777.136063992695 -1345.2209968744864 0
-7464.279513936122 3762.0040995588447 -1290.4948388350585 0
-7411.846763084873 3747.323490124649 -1236.6209096949071 5.366744468485896
-7352.520645515252 3740.3660662401026 -1196.1549103335578 15.754163067920988
-7291.717377934553 3735.063610687623 -1158.6762910602502 4.7120646268131985
-7276.705760697312 3678.457136841049 -1032.486590614781 13.062952860046336
-7262.455099526383 3620.9981035506826 -904.7320199269752 10.620703609121946
-7224.167179084256 3590.469918573052 -823.5639873370784 -10.299843391018936
-7156.067685691256 3593.3420035698764 -800.4007297782774 1.3119399105651166
-7082.64149983406 3602.1820046732473 -787.8235958073407 -1.0370002713909827
-7004.246718485054 3616.5887174390273 -785.2035115784788 12.253065616788774
-6936.9529432799145 3618.5580924365418 -761.1071325727378 -15.985132014595653
-6868.092493820602 3622.282736877158 -740.2750175316124 -7.131600290505591
-6779.402424515587 3648.2240774118936 -758.6873644947415 11.473177294867261
-6680.417067254567 3685.700045715586 -797.8238329030539 17.77342577010234
-6593.248910082179 3709.936267362737 -814.0547491172138 18.79004509409766
-6527.83514398205 3709.7993190285288 -787.4689270820804 8.520692721643158
-6466.62901730742 3704.948218475705 -752.6875021131691 17.93157969451625
-6417.642949815355 3686.406016266685 -693.7037484620586 5.200596752635182
-7508.7977649862305 3818.319950936515 -1345.138754922974 35.614488096085786
-7456.006917162597 3804.040545946457 -1291.945932169761 6.106404327086061
-7402.0522541787195 3791.065055399846 -1241.0797086563007 0
-7346.575679062215 3779.7946837408203 -1193.2444625962787 7.456015684732712
-7296.828655503837 3762.105040975593 -1134.405682383358 6.788102737202201
-7297.080921714414 3688.3972276976538 -978.6745375843549 -0.34626659323117925
-7288.917909073994 3624.1177188569486 -839.1431756687141 -4.635812316199924
-7232.322280918794 3614.1011110858517 -793.4966877137983 -16.883307149835137
-7164.222787525793 3616.973196082676 -770.3395358414863 -0.20467248099844815
-7090.438504696215 3626.214401630185 -758.4638174885935 2.704692392656833
-7015.848503678776 3636.358317177003 -748.4062028452349 -8.399242190025658
-6938.617537490013 3649.461115499336 -743.7742470226473 19.354794558327924
-6875.128542616443 3647.1676932778887 -712.4263755801185 -0.013861544390884382
-6795.211849134808 3663.279524931253 -713.5657029972748 -14.5387535580896
-6684.767388757536 3713.594035447348 -775.2735467570757 14.82852747177415
-6592.227776999407 3743.848323756563 -802.1571725942739 29.703143670760085
-6521.129221462701 3750.080495973039 -786.8990434528685 34.682113732031226
-6472.0983918490865 3731.5884443195364 -727.9746502460729 -0.6948538344577968
-7516.594769848385 3842.352347893453 -1315.5818385804719 20.31167365718404
-7458.432467439009 3834.0910095654585 -1272.7563167898045 -47.827296750257915
-7401.031121095947 3824.977111793672 -1228.5781591925784 0
-7344.032633846816 3815.411859022231 -1183.7318949372866 6.212066305167161
-7329.3791135819565 3758.40418073152 -1056.9891251335955 -5.986117089452993
-7331.198054046709 3682.941098010478 -898.2653624071969 -1.4152362006616372
-7298.236826068777 3646.4449969263014 -806.7916429149319 -8.404846255836597
-7237.791655460459 3640.741336929684 -768.6274806999471 -53.611941749454296
-7173.138845426645 3639.751829151684 -738.7819018470298 -4.641772125614432
-7100.876474729695 3647.287915811608 -723.9379052387169 0.7552503168655643
-7017.155000916492 3667.6625446839344 -731.7209497870938 27.470003878091166
-6951.741234816363 3667.525596349727 -703.968876519796 -2.8924521215725627
-6792.668803919409 3698.896700212664 -704.5583830198041 -11.246435613878614
-6695.205358791015 3734.667549628771 -740.6832691695768 -19.562398674670725
-6604.187659165512 3763.2167190504015 -764.5325541834409 -0.7289266441200307
-6534.969112733815 3767.3425679351553 -745.5321348889778 -2.6536320483972466
-6477.970625484684 3757.777315163714 -702.4422618547932 0.519767263834315
-7598.892251484883 3856.3411304146066 -1297.5854845248614 4.018190456808821
-7534.642300544999 3854.900267636952 -1266.2998140354628 26.309109503931627
-7470.392349605116 3853.459404859297 -1235.1766388654066 14.07731419311717
-7408.783363836554 3849.0596593061273 -1199.1183113467368 0
-7393.010790532999 3793.305744903346 -1074.6166329762902 6.070918891891476
-7375.7163050968165 3739.2569493881488 -952.9694162357964 0.9379538547535289
-7358.824678754564 3684.756798873297 -830.4601235922545 -5.939703833772649
-7299.498561184943 3677.79937498875 -790.0349519526615 -7.355825839414379
-7240.978161803186 3669.9392411048934 -748.1707519304452 -3.3698522116203957
-7181.293947261182 3663.3830216644847 -708.6891301724256 -6.974447327947006
-6781.352382880629 3744.3433843754456 -712.8016677403745 -0.8479145097493643
-6694.184225708242 3768.579606022597 -728.6997583635524 -10.785181911504607
-6608.940839762413 3790.659353782509 -741.1608584672204 4.059515427281867
-6543.124214568354 3790.973760447955 -715.4323953712536 -2.3056099128356133
-7627.2798322590525 3857.304271833633 -1228.5134120912905 7.197966274244809
-7554.659364589719 3865.241562937694 -1213.2352872853585 9.699991511512977
-7488.484642423277 3865.9571740472793 -1185.7791830346073 1.3581907655232388
-7465.057746335038 3818.779004637938 -1076.0817157851964 12.606437182707648
-7441.272753274417 3772.002039672735 -967.0097169739968 9.264457280341617
-7422.456355705606 3719.6583630451237 -848.284468359688 -8.897465063992563
-7361.60832600336 3714.406058048161 -810.7024239409375 -10.235276232328564
-7297.716472035858 3712.5639908263684 -779.1539028847222 1.4072977547075072
-7243.76180905198 3699.588500279757 -728.4753623280737 -3.4538749673624647
-6762.023542084782 3798.7670179758065 -736.8097608164968 23.10574894633987
-6687.433541067343 3808.9109335226244 -728.006254248635 -0.9860191321282495
-6612.888302171452 3819.0046985139256 -719.3642765762686 -12.03729748893447
-6547.832633043706 3818.46654573558 -692.1512267666552 -5.309225175158337
-7640.04543261302 3875.7699571281614 -1189.395335741261 1.2640341939903326
-7576.5564377394485 3873.4765349067143 -1156.5676257750956 3.37228512031805
-7540.909482468645 3839.9894671535694 -1070.3596942823847 15.215602037414778
-7507.187298424399 3804.3459255131843 -980.4310409017805 24.840681504590634
-7484.163261430092 3756.716401104189 -869.869974880739 10.926797549457866
-7424.881905982019 3749.7088266641254 -829.1663453369781 -5.877648100788739
-7364.033876279773 3744.4565216671626 -791.6162344792381 -7.9081930032659935
-7303.588705671455 3738.752861670546 -753.4220765897152 -13.863257748949257
-7248.8730866212645 3726.629930567727 -704.2423536744849 -11.416939261366455
-6767.492916626449 3825.407243819638 -711.9529978788167 -1.1806733873362096
-6679.563803387749 3850.496024910582 -729.5014129856511 24.934748744129205
-6608.823344823425 3856.3269926829207 -713.4036017118464 25.599100752071426
-7689.53227915494 3926.519096843423 -1234.4374958572657 14.681456497357376
-7651.244358712812 3895.9909118657924 -1153.2682134517072 11.868510682378966
-7594.2458714636805 3886.425659094351 -1107.9834523076456 0.40209208563868165
-7566.253238977561 3844.362846347765 -1007.0769744950466 25.727416364106542
-7540.901571662764 3799.3411508256636 -901.0446601173688 67.37546141778418
-7488.1107238391305 3785.0617458356055 -847.7679014201016 -5.347690463627767
-7428.068412324746 3778.906730839334 -808.5591213355749 -11.463718150230429
-7363.773699263312 3777.516018617196 -777.7008874269845 -6.592727226317329
-7309.819036279436 3764.5405280705854 -726.9783192766319 -12.333327246543663
-6769.918466902862 3855.4577074386398 -693.0712907071244 -4.55195659924654
-6684.675080957032 3877.5374551985515 -705.341306971574 -2.3250523992553838
-6614.292719365092 3882.967218526753 -688.5525757921203 2.1315192626421777
-7700.731205254732 3946.7400515810536 -1198.2821238168415 4.5347666054898985
-7661.682328746291 3917.0644260472154 -1118.5859690756258 1.9547699996759031
-7609.249577895041 3902.3838166130195 -1064.5498604853428 0.5850120076394495
-7582.017901475234 3859.4684444226414 -962.1998575313318 13.458944442372973
-7546.415708325979 3825.9312261139785 -875.882508912815 -1.3370961074604406
-7490.939133209474 3814.6608544549526 -827.800209876658 -17.197167620553042
-7430.85205957354 3808.5559900141984 -788.7084349359973 -8.384916094094264
-7370.809748059155 3802.400975017926 -749.6607895647628 -2.69555540637516
-7316.094129008963 3790.2780439151084 -700.4297918009543 -0.36228152145331144
-7711.169175288211 3967.8135657624766 -1163.569161587069 6.3748187076955025
-7652.648775906451 3959.9534318786204 -1121.162897628186 12.223177639926103
-7613.19704030408 3930.729161344436 -1042.3055411511848 4.733434377193361
-7594.783501829202 3877.9341297171695 -923.0729272444632 -4.29989834671709
-7551.885082867644 3852.571451957811 -850.7875834530927 -25.82533468148733
-7492.961824391955 3845.162673073609 -809.3627332355405 -10.22657639605521
-7430.591882557082 3841.615486964232 -774.7077352656019 13.999643470238398
-7377.040078667134 3828.188641417966 -723.1601817220673 5.157250863215645
-7759.178871819051 4020.2176738098055 -1211.32187922245 15.647078554622789
-7720.085233189061 3990.592198831484 -1131.7507241005073 2.280298386579369
-7657.357194381804 3987.446217166244 -1097.4078780805642 10.703935708626872
-7612.981625409169 3963.738507738953 -1028.0215713221432 11.36326934337838
-7608.623393100317 3895.196201679286 -881.8764890446976 6.293973476460464
-7550.863949784872 3886.4835083516373 -838.1427487974869 -9.720577345170993
-7492.701647375497 3878.2221700236423 -795.2981444434286 -5.8410838225529025
-7437.2250722589915 3866.9517983646165 -747.390944130136 -5.707119287925018
-7383.270409275115 3853.976307818006 -696.6414664352222 -11.224052276653522
-7767.333973653589 4043.848866322605 -1180.9182441628539 19.592848830513688
-7727.121281984903 4015.4771552322145 -1103.507827429641 3.435101295391391
-7659.782744658217 4017.496680785246 -1078.0028039342164 24.572384004938627
-7631.4320151997135 3975.835072482797 -977.9424693323958 -15.943575439697065
-7606.886066072778 3929.9106669613866 -870.5377433160211 -11.460715108422331
-7542.994212105277 3928.068599739594 -838.6346013996515 -15.138990520273245
-7492.844329452967 3910.8303119740217 -780.436087986623 -4.539392498959378
-7441.575393761962 3894.8457880963792 -724.4575499352968 4.021622172290129
-7815.701767156812 4095.8517699257964 -1227.8918549785615 26.313143522821402
-7774.728119421813 4068.3326182791984 -1151.9495738758574 -5.19700265241688
-7717.32677307875 4059.218720507411 -1107.3921241430296 22.332684511425224
-7676.711222316135 4031.298364416675 -1030.8271060326085 9.079167448237005
-7647.957633763701 3990.0881111138815 -931.5513083446709 -20.543811776559586
-7606.223029962388 3963.4215189110755 -857.1166369832891 -16.69854544345651
-7545.777859354072 3957.7178589144587 -818.634267723122 -1.8370063130560093
-7496.030835795693 3940.0282161492305 -759.6942082023104 -4.945364786504356
-7445.522856171001 3923.1911328277956 -702.2809526503793 -6.941288836569307
-7823.812106869802 4119.533112994113 -1197.5186211315201 35.84973933496144
-7781.316547002175 4093.7190802351 -1124.4999321637856 7.92163052223479
-7728.928558272473 4078.9883202453875 -1070.3864771480985 2.9185902544379396
-7698.608295465865 4039.5333363856957 -974.1516073226356 -35.528385543574046
-7661.484190183982 4007.701236964617 -890.8980594683813 -13.280772783057003
-7605.604755973546 3996.882220305246 -843.5875475594595 -2.3597975194413316
-7547.845312658102 3988.1695269775973 -799.9889584394589 -2.7912344673753404
-7498.456386072105 3970.0786797682326 -740.395947284722 -4.362453303074001
-7833.533882958514 4141.409036063812 -1164.062839545704 7.686593595864437
-7787.949736704087 4119.055391635486 -1096.9472331062575 -26.630734687790262
-7745.454176836461 4093.241358876471 -1023.9717866708005 -38.733650874690845
-7702.1976609025205 4068.2798855612496 -952.4684098738402 -18.398725865827423
-7654.3306464491525 4048.4839194643 -889.8120361028638 -8.806288593219685
-7598.495974360266 4037.614752249412 -842.4822107803652 -11.514285620699125
-7548.346091707956 4020.3764644838393 -784.3317827346604 2.5574041263934
-7498.240971177194 4003.0880261627485 -726.1577669753082 -1.0744653908804602
-7798.790565831497 4139.677550817253 -1061.3606147802197 -27.4018521223969
-7749.80449833943 4121.1353486082335 -1000.7827530366236 -18.285368384737733
-7700.818430847366 4102.593146399214 -940.26018285759 -6.922153069950151
-7649.5047330348125 4086.6587730770875 -884.2487846018188 -3.11464165509895
-7599.757709476433 4068.96913031186 -825.3031049747058 -6.124985615849713
-7548.488773785427 4052.9846064342178 -769.3405664644332 10.468474611187688
-7497.5779350668045 4036.5988781124374 -712.7587179264657 -3.811018025062879
-7699.797297764593 4136.50520279304 -927.3453217970487 -7.590186682652709
-7650.0502742062135 4118.815560027811 -868.3804673454678 4.917432030190149
-7599.139435487591 4102.429831706032 -811.7071189723674 -1.216859701955503
-7547.109543730272 4087.2978672721815 -757.2504348255748 -1.0119029338675232
-7494.676792879022 4072.617257837985 -703.6433914492711 -0.9761599050121437
-7598.118302404819 4136.341888099857 -798.8614068603208 -18.421186531564203
-7545.3274545811855 4122.062483109799 -745.9117839732788 -7.0566997038816925
-7491.372791597309 4109.086992563189 -695.280855574307 -2.659894009231877
-7486.546878182968 4147.261846175977 -689.8243573345237 -13.104899773917614
