# x(um) y(um) residual(um) curvature(1/mm)
-1717.6220731067945 -1285.9645148607042 -167.197275397269 111.75028831654019
-1710.7026943217472 -1269.618714689987 -164.15437740040767 3.604185903110841
-1704.814639742343 -1253.3038714199788 -160.09272257065757 0.7671305183445435
-1698.4147340163838 -1236.7277676712067 -166.70698112923338 78.53634619108553
-1699.6485121068893 -1237.0106979804664 -155.32073339441763 -0.31829768630621225
-1694.589327848266 -1220.474838202616 -160.61770084882966 4.232304445978323
-1686.8487006549706 -1203.8584904829227 -168.54954146560837 240.9480257727793
-1689.1138029511194 -1204.172377692891 -156.1536173511219 2.0091021830474545
-1683.5389565896746 -1187.621039464686 -161.9605184876213 -0.7676002885540255
-1678.067242648794 -1171.072796926552 -167.66760864618783 273.319221484755
-1682.3949933562294 -1171.4485979379374 -153.25547862628707 3.483592992618288
-1680.0172520322783 -1154.9932261019292 -155.9407022564872 5.718637496863398
1252.8830524667867 -960.6571380812902 -152.17684658381648 6.593673696914927
1268.2535940871367 -960.4416622891405 -151.89889943981888 1.8749669786447092
1227.0980210641458 -944.5553255778096 -154.54498132200746 -0.06954677446359608
1251.3379508530272 -944.0736204395656 -160.00516638392082 6.156334568009166
1269.3899354080493 -943.7776567055736 -161.43814379385938 13.856898863865522
1282.079034093727 -943.6426688552664 -159.4089934627894 8.516492293605161
1293.1180140503755 -943.5572120460931 -156.309525852607 -0.1010695486937843
1304.156994007024 -943.4717552369199 -153.19646036659856 -13.5177328773386
1318.7024762628594 -943.2810449653372 -152.29689441933158 16.80292116082962
1027.4929404916975 -930.9661485312347 -154.25991425466498 27.50001797185005
1070.193573561592 -929.9303148703061 -172.4946122134282 23.971136490777436
1084.7390558174275 -929.7396045987234 -171.96710237598748 7.272729335251587
1089.5900905402166 -929.8398891938019 -165.02158712164604 -2.616709291204478
1097.0194357771138 -929.8627815371088 -159.7737577429479 -4.744424936140168
1108.883475098277 -929.7525592073687 -157.43881072914118 -4.2792404977212
1120.8506468400042 -929.6392411875574 -155.15586030964187 -7.33698438084438
1133.5397455256818 -929.5042533372504 -153.32994141496317 -0.69758991376825
1192.5467339135375 -928.7166467303526 -151.20099443899747 -10.811464687799742
1221.2213577866848 -928.1018269190615 -159.6033469633058 -0.3508910643710828
1248.0395980896742 -927.5427295290459 -166.7209817155101 3.9404891757096325
1268.6698931588044 -927.1693735432822 -169.7998283215945 13.199255305751544
1281.4621242650464 -927.0312900029043 -167.82962101363725 2.149927061630165
1292.5011042216947 -926.9458331937309 -164.7239913535381 9.898945632758197
1301.6837006081855 -926.9160988058331 -160.4238506143666 -6.378949504178501
1311.8976212003195 -926.8554075172268 -156.76937751747644 -18.816114518603417
1326.3399710355905 -926.6677929357149 -155.7828618002702 13.362550934608413
1339.1322021418323 -926.5297093953369 -153.73022209173436 4.674973963304153
1351.9244332480744 -926.3916258549589 -151.65928453160205 12.760276720402144
1095.8754309768128 -912.5295350498734 -198.40932407086208 21.84479205835235
1139.5042558317862 -911.465840178307 -216.89500984083384 39.49785129919999
1149.6150440033557 -911.4082445797713 -213.35149793786874 11.069217304382292
1150.9595764269582 -911.6137826372593 -204.0802521718957 -2.342858742129254
1155.8106111497475 -911.7140672323379 -197.09590765442098 -4.8320502988410095
1164.9932075362383 -911.6843328444402 -192.92994096201343 6.009597067383592
1171.5974934086212 -911.731990708314 -187.0783694365076 3.1288971158299725
1174.695276981817 -911.8849020345973 -178.9436978437669 0.4902778897331957
1176.968001190498 -912.0625788814474 -170.2720112298091 -6.879688618371659
1183.5722870628808 -912.1102367453212 -164.4117788540171 -17.408388230920348
1195.436326384044 -912.0000144155811 -161.95455224342686 -30.128646000359502
1216.1697538737385 -911.6235627397464 -165.2091957860358 -15.839323231198092
1243.8130535412424 -911.039699829164 -172.85539389857178 -2.415135018389021
1268.0529833301237 -910.55799469092 -178.240059899876 8.400951282469604
1284.3517167355526 -910.3146576881326 -178.49909291699552 24.3071757421843
1293.5343131220432 -910.2849233002348 -174.20147539640266 6.324217286606792
1301.0667907795048 -910.3047199534709 -168.84565193278988 7.461016352708448
1307.6710766518875 -910.3523778173447 -162.89422532915466 -33.36550470031313
1317.7818648234572 -910.2947822188092 -159.16118558758782 -14.375742834420567
1331.502287714778 -910.1288374677933 -157.69979203548687 6.026546870961363
1345.9446375500488 -909.9412228862816 -156.67264582773484 12.857983859463925
1359.6650604413696 -909.7752781352658 -155.16800121146557 21.635874603609583
1370.600907977454 -909.6929170161634 -151.89435031308847 5.9578930816172955
1028.428712622453 -897.9241633634314 -162.71406009798397 9.103462022138215
1129.0897660494952 -895.1485518826768 -219.0131787118151 14.2759659494853
1170.965339754875 -894.137483742315 -236.1696859502843 58.703191498027415
1180.147936141366 -894.1077493544173 -231.9821336671602 55.01689463679155
1182.420660350047 -894.2854262012675 -223.307435830091 -17.07415741990634
1192.531448521617 -894.2278306027318 -219.70909446428433 5.330316550651895
1207.0769307774522 -894.0371203311491 -218.96369741424735 28.77725647893613
1215.4344677994284 -894.0321514638183 -214.20738134521804 13.168457444090773
1217.6040595875452 -894.2129240007393 -205.45754836100582 0.48176034461191874
1215.442089711961 -894.5237155206366 -193.91563671455305 0.1120267669403015
1216.7866221355632 -894.7292535781246 -184.6340697405007 -12.198535082063852
1225.1441591575394 -894.7242847107938 -179.86896433200926 -32.300122511803615
1244.0212030770763 -894.4035554562347 -181.85075721340382 -15.50610735342325
1266.5078817163642 -893.9744770491956 -186.0997413400564 -1.5966893197639949
1287.2413092060585 -893.598025373361 -189.17586372230156 18.032886676343608
1299.9304078917362 -893.4630375230538 -187.0975281556947 41.576772813324524
1304.7814426145255 -893.5633221181324 -180.0301074082581 8.241905493054063
1307.8792261877213 -893.7162334444156 -171.84815435680125 -13.709287682033835
1312.7302609105109 -893.8165180394942 -164.77653163026446 -20.42299056861298
1320.2627385679723 -893.8363146927302 -159.39993678135414 -24.255279582743245
1333.8800290387287 -893.6734656317853 -157.8611513982795 10.292343019991591
1349.2505706590787 -893.4579898396357 -157.4057704147916 9.761243801377404
1365.5493040645074 -893.2146528368482 -157.50671948905594 19.40110116018889
1379.2697269558282 -893.0487080858326 -155.96347578618847 37.8889617854779
1388.452323342319 -893.0189736979348 -151.56299035750655 -13.206663749594119
1026.4748922827025 -881.5988105103995 -160.27138740099392 1.2497299021269561
1131.5706397940103 -878.6900843565977 -219.4312996307269 8.236343412121741
1173.3430810788261 -877.6821119063069 -236.48373852913036 62.80145643525645
1182.628809885881 -877.6492818283382 -232.35483655058738 53.874288847424694
1190.0581551227783 -877.6721741716452 -227.01555209017687 -9.080763731927727
1209.0383314628796 -877.3483492270153 -229.12577153030563 26.113990737426473
1231.5250101021672 -876.919270819976 -233.4483575715847 34.7350427460883
1246.8955517225172 -876.7037950278265 -233.158797970553 47.55062598108234
1252.5716458098211 -876.779314102338 -226.64456362623898 9.313846112173916
1251.3378677193155 -877.0622444115976 -215.70680224473415 -0.22405118721284242
1250.0009572082458 -877.3482704109281 -204.70282252862646 -6.938463174322356
1255.780183716114 -877.4206937953688 -198.25274272914336 -26.06470149237408
1267.644223037277 -877.3104714656287 -195.68461801071624 -24.163546744478275
1286.5212669568136 -876.9897422110696 -197.56456384337565 2.729070840053854
1303.7481921473213 -876.7185439976444 -198.35820842435325 18.761897288804338
1316.437290832999 -876.5835561473372 -196.2484819121886 57.32296599983925
1317.7818232566015 -876.7890942048251 -186.9515570138192 1.1658555450955164
1315.619853381017 -877.0998857247225 -175.4360744072565 -0.6718873605322697
1313.4578835054324 -877.4106772446198 -163.92002593213806 -3.896090010708331
1316.5556670786284 -877.5635885709031 -155.7331299737208 -65.99649175341376
1329.2447657643058 -877.4286007205959 -153.605701766693 -12.4000381837967
1348.2249421044069 -877.1047757759661 -155.42079436174816 4.641230940266091
1368.0301778090227 -876.7561853107693 -157.71275046753897 12.825349235884115
1384.3289112144514 -876.5128483079819 -157.769360857386 26.848840226796064
1395.3678911711 -876.4273914988086 -154.5163060742681 4.0209062936045425
1406.303738707184 -876.3450303797061 -151.18543874627224 -6.983396349933377
1018.3331267090928 -865.4591990616196 -153.72457639380812 -4.213300313082519
1122.6038148558862 -862.5752384283848 -212.37828450714858 2.5033799505522025
1161.6948132060295 -861.6477539199362 -227.70641617099926 40.678251930219005
1170.9805420130845 -861.6149238419678 -223.5838894178265 -17.193848490479805
1183.7727731193265 -861.4768403015897 -221.72137156832608 -18.64879805100058
1210.5910134223157 -860.9177429115741 -228.88485126643698 9.362868549216797
1241.8439478095709 -860.2255308485114 -238.80889882887743 28.401416094804592
1264.2274940282946 -859.7995481315429 -242.96892621363895 66.80394982222673
1274.4414146204283 -859.7388568429365 -239.33108319899696 70.50733030556698
1273.929563473873 -860.0001173217 -228.8569665456214 -2.669302814231998
1272.6957853833674 -860.2830476309596 -217.92294598653845 0.13372142628811712
1274.8653771714846 -860.4638201678806 -209.15666989087194 -32.54091948290493
1284.9761653430542 -860.4062245693451 -205.44144078768318 -13.561376102007511
1301.2748987484829 -860.1628875665577 -205.63910379747207 13.525912892702705
1318.5018239389906 -859.8916893531325 -206.39354404655668 44.72952567471715
1328.6126121105601 -859.834093754597 -202.6290273660779 67.5771404147094
1329.0289527490838 -860.0674930227227 -192.74400036441622 -10.90739555411695
1321.607229424719 -860.5361647362341 -177.91219369593222 -4.422167265601617
1312.3291225301966 -861.0605588710212 -161.89981791336663 7.765430776666975
1367.8296086188654 -860.3782057265328 -156.24734391586395 4.711941689636408
1388.4599036879956 -860.004849740769 -158.9984948403986 16.71933177469674
1402.1803265793164 -859.8389049897532 -157.40310374370043 13.029896165762437
1414.0443659004795 -859.7286826600131 -154.63371119165177 1.2606325230727335
1425.9084052216424 -859.6184603302728 -151.84859573651227 -11.152366777596388
1027.8270050519816 -848.7902246107217 -158.92056929341595 -4.340772372335171
1114.4620492822764 -846.4356269796048 -205.87826289998407 -0.5345305405968291
1143.9617325199379 -845.7960416477466 -214.9804245565808 38.63346971729421
1154.0725206915074 -845.7384460492111 -211.40678592229233 -21.08387950329426
1169.4430623118576 -845.5229702570614 -211.23204771117543 -18.917589648507477
1201.6241884841916 -844.8028969833609 -221.88027792442736 4.3256785905126645
1238.9619356847415 -843.9280392061172 -235.71470115527237 18.39659764515354
1264.0269248381373 -843.4215685473063 -241.57788457385857 56.508012806988496
1275.0659047947856 -843.336111738133 -238.4588452972465 97.40073092904875
1277.338629003467 -843.5137885849831 -229.75606745097778 10.83392172395409
1277.7549696419908 -843.7471878531089 -219.8725335450179 4.3799121376766665
1280.8527532151866 -843.9000991793921 -211.6935173888172 -25.467712043113703
1290.963541386756 -843.8425035808566 -207.96522101317595 8.199956947800393
1306.334083007106 -843.627027788707 -207.55471399133984 22.148599223873926
1323.5610081976138 -843.3558295752819 -208.28877508077952 48.59511893185054
1335.4250475187769 -843.2456072455416 -205.61588007096213 105.92985070977652
1335.0163287927858 -843.5037720342343 -195.21088830581576 -12.693508599604952
1324.9131625337486 -844.0529316895881 -178.69799094615837 -3.488758054192627
1311.3034939755248 -844.7073448073513 -159.95745519307627 1.1650282538939734
1366.7008476436295 -844.028087352934 -154.21270150418795 -0.9603733688304252
1392.6940285821042 -843.4937554834853 -160.29639937433993 10.143616760503038
1408.992761987533 -843.2504184806979 -160.28786775843798 13.437952110055825
1421.784993093775 -843.1123349403199 -158.07730132069062 2.24481761150308
1434.5772242000169 -842.9742513999419 -155.84843703134686 3.2852565673046086
1447.2663228856945 -842.8392635496348 -153.53766109946423 3.658868483188472
-1408.7834076074612 -851.6937975184088 -432.90263916112974 0
1053.1001437412115 -831.6476095789817 -174.54443680171627 -1.3658255856593329
1113.3332883070402 -830.085508606006 -203.97988065868194 5.686186962226762
1128.8069623479546 -829.8669371237855 -203.9332169996014 53.01193611188872
1133.657997070744 -829.967221718864 -196.94527141123555 -45.457959782541806
1149.9567304761727 -829.7238847160767 -197.39952477409594 -17.778854670473336
1182.9629160130212 -828.9790459218092 -208.63201401862983 3.5170893267101135
1221.2288549986501 -828.0763269339276 -223.11810137059138 14.20524016175045
1248.0470953016393 -827.517229543912 -230.13598086395723 38.691731073560334
1259.9111346228024 -827.4070072141718 -227.55576886705444 36.666489945689236
1263.9371099810771 -827.5320573298173 -219.97188956296716 3.205922423483531
1267.8599529187875 -827.6602031355336 -212.32061897885754 -2.658467764971066
1273.6391794266556 -827.7326265199745 -205.84804742658312 -12.816462895718606
1282.8217758131466 -827.7028921320767 -201.5325987396766 -16.803282836444897
1298.2954498540605 -827.4843206498562 -201.19203377883025 6.501357345210238
1316.347434409083 -827.1883569158641 -202.45174155331793 15.83284534995938
1331.7179760294327 -826.9728811237144 -201.98812642450895 83.21340277597442
1336.569010752222 -827.073165718793 -194.89114815160326 0.4542081680625913
1326.465844493185 -827.622325374147 -178.38595932225672 -5.9999052699906406
1308.4214818506953 -828.4098531649574 -156.85486082742102 2.7727829715622487
1367.4284702385512 -827.6222465580596 -153.3515454482449 -1.452500644743485
1398.6814046258062 -826.9300344949969 -162.68874889461821 8.837909248612412
1416.7333891808287 -826.6340707610049 -163.74580125871196 20.10323243060219
1428.5974285019915 -826.5238484312646 -160.9423422508073 -8.509263520632645
1441.3896596082336 -826.3857648908865 -158.6957885315374 -4.463752728039902
1454.1818907144755 -826.2476813505086 -156.43093696067115 -1.1377497675300627
1466.8709894001531 -826.1126935002013 -154.08446394782996 6.240487733092125
-1404.1405639873615 -834.9245384724325 -447.8340291635892 0
1080.229666000599 -814.4492721259661 -191.29666293242877 2.644770514648231
1116.7423538366345 -813.5991798692892 -205.057665523381 55.11533252731029
1117.9837538396725 -813.807813616848 -195.71789418171204 -5.843178084061828
1117.5750351136817 -814.0659784055406 -185.3010349582382 -48.96090815205885
1129.542206855409 -813.9526603857295 -182.95435849092632 -24.407656582981694
1157.1855065229129 -813.3687974751471 -190.76794099953952 -0.6205845603965636
1192.8731349944337 -812.5434707390372 -203.68160084209023 11.03823417030927
1219.691375297423 -811.9843733490216 -210.76900648955368 27.245287534874663
1233.3086657681795 -811.8215242880766 -209.3409984895955 23.94818497655442
1238.1597004909688 -811.9218088831551 -202.29377188643232 0.25129175088144334
1243.010735213758 -812.0220934782337 -195.24397063638983 -16.840446725637463
1253.1215233853275 -811.9644978796982 -191.54603603315417 -13.54487124545379
1265.9137544915695 -811.8264143393202 -189.54256547154517 -11.068268012628245
1281.3874285324837 -811.6078428570997 -189.22197805193252 -2.5106424089258947
1299.3362806669415 -811.3149748131784 -190.4398411405951 -0.6898100602118029
1319.1415163715574 -810.9663843479817 -192.7912982627331 24.108072016776678
1330.180496328206 -810.8809275388084 -189.59102607959161 42.899247789441
1324.5120241534344 -811.2969725211151 -175.87682251795425 -10.726299236860234
1307.395853296024 -812.0566391012878 -154.93850454422218 1.803777658961222
1371.6625951326598 -811.111152300776 -154.69010887867807 -2.7206821388645825
1406.422031819102 -810.3136867753038 -166.16880674670622 9.420181758677645
1424.474016374124 -810.0177230413117 -167.19905244264518 12.789927757305437
1438.0913068448806 -809.8548739803667 -165.45923607147546 11.815187767323211
1449.1302868015289 -809.7694171711935 -162.11236145453893 -15.901495495187977
1462.7475772722855 -809.6065681102485 -160.33499679471004 9.432748231299119
1474.6116165934484 -809.4963457805084 -157.46313806392658 13.181174217352911
1484.7224047650182 -809.4387501819728 -153.50380451037188 -8.058264668382444
-1400.3189687755103 -818.4258269754322 -451.8274319530171 0
1025.8807650579079 -799.4507478005241 -164.49258022800757 3.1950139906476798
1105.5028046898287 -797.306657094226 -206.73136557843395 11.115196877833558
1122.6265974597723 -797.0385545708716 -207.75449212549145 44.99644327731212
1113.451622985814 -797.5598530155878 -191.62153227334767 4.79087888502766
1105.926767240885 -798.03162041917 -176.55730473672122 -12.072272431452426
1112.5310531132677 -798.0792782830439 -170.72012266043228 -58.13185716690607
1133.2644806029623 -797.7028266072094 -174.0786672801431 -9.455564216535326
1163.5892232051385 -797.0384757547845 -183.5992163074043 7.635317067041752
1187.8291529940198 -796.5567706165405 -189.09835194254632 21.579214777739008
1202.374635249855 -796.3660603449578 -188.30729385812532 24.201242744518808
1207.2256699726445 -796.4663449400363 -181.2736859692556 -8.276538931533668
1215.5832069946207 -796.4613760727054 -176.486210782971 -16.652391103461962
1228.3754381008625 -796.3232925323275 -174.52878140312083 -12.819147311962759
1243.7459797212123 -796.1078167401778 -174.19820346480128 -8.149151373567001
1260.8697724911556 -795.8397142168235 -174.9563867270312 1.2267289537432748
1278.0966976816633 -795.5685160033984 -175.74706779798157 -3.951576643138826
1298.7269927507934 -795.1951600176346 -178.65511273183088 5.63063129497396
1316.7789773058157 -794.8991962836425 -179.8921693959228 55.930600465718534
1319.0517015144972 -795.0768731304927 -171.17459347689277 -14.239326828542833
1308.020343470381 -795.6538939964844 -154.07558720296973 -1.4344007735688937
1381.9815328400634 -794.4174123293112 -159.82202684282208 -0.821609450414252
1414.987718376912 -793.6725735350439 -170.15463019491858 7.594739491535344
1433.8647622964488 -793.3518442804849 -171.66508158109252 14.043646274916078
1447.5851851877694 -793.185899529469 -169.96591214673316 22.341705050443768
1457.695973359339 -793.1283039309335 -166.03073189841732 -12.557413902843674
1469.5600126805023 -793.0180816011933 -163.1581821882246 -1.2493676803214577
1481.4240520016651 -792.907859271453 -160.26990957494107 19.328498092591595
1490.70978080872 -792.8750291934844 -155.79323102879337 -14.13158536358121
1501.7487607653686 -792.7895723843111 -152.37463690853426 0.7448341110589597
-1398.3575680900829 -801.7370558712985 -464.2617364262841 0
-1395.6723141991442 -801.9023499578651 -456.59676058750136 0
1055.5885978314034 -782.175018095737 -183.033161691994 10.865626193035336
1122.834746995606 -780.4024101979426 -216.9092832640101 43.48248141508427
1130.3672246530675 -780.4222068511785 -211.6587021597369 13.825258233211786
1115.0043049452504 -781.1292467001466 -191.50799860072323 6.247411083391902
1103.14788753662 -781.7310330867051 -173.6213111437059 13.995790364474297
1103.5642281751434 -781.9644323548309 -163.74268618754988 -101.93809917352111
1119.0379022160578 -781.7458608726104 -163.68498592753926 -16.70216266311928
1143.1746995843746 -781.2672514244373 -169.2241152926718 7.512390220787144
1162.1548759244758 -780.9434264798075 -171.36536228798929 24.03495016450283
1174.0189152456387 -780.8332041500672 -168.877807562743 21.66463808844313
1179.6950093329426 -780.9087232245789 -162.38825608941028 -5.756066326791668
1187.2274869904043 -780.9285198778149 -157.09032226319414 -23.976554302049813
1202.598028610754 -780.7130440856653 -156.82141930758365 -9.332681200564274
1220.6500131657765 -780.4170803516732 -158.24241016902252 -0.2830397878114077
1238.7019977207985 -780.1211166176811 -159.6268259473462 11.972931418727676
1254.1756717617127 -779.9025451354606 -159.33482290723538 0.9739193091291511
1273.9809074663285 -779.5539546702638 -161.7629433994027 7.0647412903991285
1294.6112025354587 -779.1805986845001 -164.66814977047503 18.341620303376722
1308.228493006215 -779.0177496235552 -163.10965759916928 36.49825677764455
1307.819774280224 -779.2759144122479 -152.7034577086096 -7.481370180877958
1394.9819134821391 -777.6431844160041 -166.60455342045552 2.2471545256392345
1425.3066560843154 -776.9788335635792 -175.21494152070747 11.081514441435475
1442.533581274823 -776.707635350154 -175.6773398190983 14.358140495758047
1455.2226799605007 -776.5726474998468 -173.32368845335083 17.847073009829955
1465.4366005526347 -776.5119562112404 -169.43671964276442 -3.3627261476059807
1476.3724480887186 -776.4295950921379 -165.97933392704437 -1.7997375642797018
1487.411428045367 -776.3441382829646 -162.57150353105465 12.994894477734467
1496.6971568524223 -776.3113082049961 -158.08281444257634 -11.986338961556106
1507.6330043885064 -776.2289470858937 -154.58730133577455 14.101651457635256
-1390.6169408967876 -785.1207081516053 -471.9246683858768 0
1043.940329958607 -766.1406601093664 -174.28304331386948 1.1627584780087479
1124.4905613756066 -763.9687081924304 -216.86630652138496 27.776660090461014
1137.1796600612843 -763.8337203421233 -214.95616999587273 42.3119666604676
1121.816740353467 -764.5407601910912 -194.82646861218956 1.563166255006596
1108.207071795243 -765.1951733088546 -175.81303804387596 11.402984147948471
1104.2918507700651 -765.5585915599565 -163.1087695040418 -49.8032727440314
1112.6493877920414 -765.5536226926257 -158.4069775304536 -53.94269171097344
1130.7013723470636 -765.2576589586337 -159.9989921087377 10.611172063441833
1146.0719139674134 -765.042183166484 -159.81796843056742 42.396672461464156
1153.6043916248752 -765.0619798197201 -154.54355879276073 19.189070755984186
1366.2098528393992 -761.8769289529879 -157.58896391365894 3.939605844525285
1407.9822941242148 -760.868956502697 -173.3637027424343 7.849691158762325
1434.8005344272042 -760.3098591126814 -179.75466427843318 17.119166131493802
1450.1710760475542 -760.0943833205317 -179.0494635921256 19.923575819612505
1461.2100560042027 -760.0089265113584 -175.6670187649576 -0.13620454483663255
1472.249035960851 -759.9234697021851 -172.27097606196347 4.351464987510678
1483.1848834969353 -759.8411085830827 -168.7984520111694 8.970603529721737
1493.3988040890692 -759.7804172944764 -164.87325438252964 20.81345505811138
1501.7563411110455 -759.7754484271454 -159.80858221094385 -20.118881399568725
1512.6921886471296 -759.6930873080429 -156.30008622562974 28.16742070941279
1521.1528580896702 -759.6850227506412 -151.27992937852167 -20.594305737225636
-1393.5027639778832 -768.577434480802 -479.8523949982193 0
1069.2134686478366 -748.9980450776263 -189.83202945643583 82.32302009437319
1096.959900735905 -748.4110864769731 -197.83263815343093 -9.97168442123194
1136.1540315066127 -747.4805062784536 -213.17442361639354 63.43359934252254
1129.5573675467624 -747.9244124713982 -198.7453125717326 -9.387642312368497
1116.7727583530532 -748.5540600685946 -180.28858439316355 1.7676257297789375
1109.3510350286883 -749.022731782106 -165.3074105705348 3.528586475309242
1112.448818601884 -749.1756431083893 -157.17353335919472 -59.68328860385704
1122.5596067734539 -749.1180475098538 -153.59837980967427 10.469858492829168
1373.0222882476157 -745.2884424439326 -160.56745864444096 9.361316184038213
1414.7947295324316 -744.2804699936416 -176.28468261809923 9.020357935474301
1441.612969835421 -743.721372603626 -182.6386797852896 19.056882217790125
1457.086643876335 -743.5028011214056 -181.97537100998755 31.236084329978674
1467.1974320479048 -743.4452055228701 -178.01050597192568 1.4954889840269774
1477.3082202194744 -743.3876099243345 -174.0342494208778 -5.385481802188197
1488.347200176123 -743.3021531151612 -170.61150471303492 21.655437399947147
1497.5297965626135 -743.2724187272635 -166.04756177982426 11.943398875139678
1505.8873335845897 -743.2674498599326 -160.97380809767594 -8.559306070084514
1515.1730623916449 -743.234619781964 -156.45440682306537 -8.956986029103817
1525.2838505632142 -743.1770241834286 -152.42412159048544 -4.488054331975759
-1401.2358108255019 -752.1796582433295 -483.2737190471243 0
-1375.242629887027 -751.6453263738808 -497.3111007318605 0
1029.9295230200687 -734.0391140586567 -152.79125415344356 -30.86381243444604
1111.3048138015831 -731.8423966211539 -195.94215368457097 12.495343111653659
1131.110049506199 -731.4938061559569 -198.65073469626344 39.580795016596404
1122.7601343967551 -731.9903390801062 -183.08363374960587 -4.390567209660805
1114.4102192873117 -732.4868720042555 -167.50848860836962 5.039445271196501
1111.3200576266481 -732.8255247347905 -155.34806795333486 -5.741036639511035
1365.808714459085 -729.1209697845148 -154.83405381512642 -0.27974191788854186
1416.347411491868 -727.8498636782004 -175.9648741616853 5.733757763353266
1444.9189029444508 -727.2381395569802 -183.3724577846108 11.024229770580625
1462.1458281349583 -726.966941343555 -183.76510708910234 38.834803601619164
1472.256616306528 -726.9093457450194 -179.78822917661105 10.975536261265773
1481.542345113583 -726.8765156670509 -175.29777428798977 4.0921285597944355
1490.7249415000738 -726.8467812791531 -170.73505419778363 -8.159666527247108
1500.8357296716433 -726.7891856806176 -166.72599338704492 18.9173721952348
1509.296399114184 -726.7811211232158 -161.70638887164074 -6.719978179164806
1518.4789955006745 -726.7513867353181 -157.11531530107226 -8.500072106878877
1528.589783672244 -726.6937911367825 -153.07500883477357 0.5976559169831538
-1379.8817041177163 -735.1546794342823 -503.6311541186007 0
526.943159753789 -731.7694954562477 153.41491889551997 -101.0789450073405
542.3137013741389 -731.5540196640982 152.58018646129335 -15.225673247838012
1053.040691833714 -717.207290546814 -156.810684731353 -0.5926099335620676
1115.0270875491365 -715.5925628426336 -187.13047943697134 17.19517942809661
1124.3128163561914 -715.559732764665 -183.00468893445046 10.926849052873415
1115.962901246748 -716.0562656888143 -167.43588728221678 -2.77777497312849
1108.5411779223832 -716.5249374023256 -152.4625644248193 2.8599751567023417
1414.3935911521173 -711.5245108251686 -173.49617503085622 0.5828855663270888
1447.3997766889659 -710.7796720309012 -183.6075912613365 15.246930584978161
1463.6985100943948 -710.5363350281139 -183.41861547419072 15.73589788995427
1476.4907412006366 -710.3982514877358 -181.06623665089 54.87612528784214
1483.9200864375339 -710.4211438310427 -175.4374089502054 -20.387209470305873
1493.2058152445888 -710.388313753074 -170.92911257065737 -7.266371016139281
1503.3166034161584 -710.3307181545385 -166.91096776888702 10.898295126650842
1512.6023322232136 -710.2978880765698 -162.38262300161645 7.036506344201817
1521.7849286097041 -710.2681536886721 -157.78243515908974 1.6400950927972746
1531.0706574167593 -710.2353236107036 -153.23500967608095 -14.0574233768982
535.5126572678653 -715.374164244397 158.15954637741365 -82.8485671164448
556.2460847575599 -714.9977125685624 153.52872545231628 -7.97420383121702
1207.6418859106006 -696.1826801662098 -255.8139388308069 25.671354546511914
1077.905111796953 -700.3228403037666 -161.898327113342 6.565613538202643
1114.4177996329884 -699.4727480470898 -175.5143313077431 6.716987034995089
1112.255829757404 -699.7835395669871 -163.95988533317552 0.8336206395109281
1413.3679625974455 -695.171296761499 -171.6118976342304 0.5050181403247173
1447.1992074988086 -694.4016924466647 -182.21152688960032 10.993316156991106
1464.323000268752 -694.1335899233103 -182.51578590598515 15.401843471847611
1477.115231374994 -693.9955063829323 -180.15462603708949 25.027650631553787
1486.4009601820492 -693.9626763049637 -175.64756888235286 2.0148283635393933
1495.5835565685397 -693.932941917066 -171.06842759610788 -1.7487458691521232
1504.869285375595 -693.9001118390973 -166.54228972563305 -3.232918481057515
1514.15501418265 -693.8672817611287 -162.0065577377344 -7.55895371291385
1524.2658023542194 -693.8096861625932 -157.95853755967102 8.347724886371621
1533.5515311612744 -693.7768560846246 -153.4027571840499 -7.716177463811179
537.9935310123805 -698.9156967183179 157.09702146120276 -24.73501574124189
542.8445657351698 -699.0159813133965 163.79383143619594 -70.66701210762102
1232.0899652353157 -679.0648306550368 -270.25682815133206 -5.601712454851966
1601.1015769707171 -668.2342336098928 -486.69512070901567 0
1079.0490750303984 -684.1503987770179 -151.45706684505873 28.823403675548892
1094.4196166507481 -683.9349229848684 -151.31788021857372 -19.615952792151802
1413.992452771803 -678.7685516566955 -170.75435362458788 2.004319532886339
1446.0704465235729 -678.0515740730659 -180.26015577845018 9.219385401914284
1464.122431078595 -677.7556103390739 -181.1212873966974 11.035397810780884
1477.8428539699157 -677.5896655880581 -179.31628715764427 21.18640217746618
1488.7787015059998 -677.5073044689557 -175.8029690852702 23.024157928715763
1498.064430313055 -677.474474390987 -171.2780704396068 6.25362958193161
1507.35015912011 -677.4416443130183 -166.7435776765197 12.916558080378827
1515.707696142086 -677.4366754456875 -161.63978204516346 -25.670389677902456
1526.6435436781703 -677.354314326585 -158.0803187391578 16.04075601684763
1535.9292724852253 -677.3214842486163 -153.51629099003372 -4.779115341614565
544.8059664205972 -682.3272102092627 152.94108786991032 14.747944548988738
544.3972476946061 -682.5853749979553 163.38898404917484 -93.05696279811008
560.6959811000349 -682.3420379951679 161.95311949309126 -17.62542510102305
1294.2845104865721 -660.8139585779272 -308.3723408617785 7.336224693305738
1620.1867704260878 -651.2773599824046 -496.6437130057549 127.92804809974616
1616.27154940091 -651.6407782335067 -484.184243360467 -129.60006864210516
1413.791883581646 -662.390572072459 -169.4009502393191 1.628946785018978
1444.1166261838223 -661.7262212200341 -177.8177646230314 7.414324375872673
1463.921861888438 -661.3776307548374 -179.73846043265317 24.269314401185227
1476.7140929946797 -661.2395472144593 -177.36211404172238 7.244457960145062
1488.5781323158426 -661.1293248847192 -174.40549397528622 14.278165660636486
1498.7920529079768 -661.0686335961126 -170.4360440857787 4.385650620038026
1508.9028410795463 -661.0110379975771 -166.39275610695987 6.976295342458979
1518.085437466037 -660.9813036096793 -161.7791772592766 -7.446125099080471
1528.2993580581708 -660.920612321073 -157.77614824371733 9.797105500832211
1537.4819544446616 -660.8908779331751 -153.1427456827569 -6.002484845780439
552.1378748879016 -665.9690272782622 158.5749197637386 -30.961273169716574
561.4236036949567 -665.9361972002937 162.13729911299015 -56.02897660342472
1662.6792123932928 -633.3719826804211 -530.409885993863 143.6339870871846
1642.056539236695 -634.236902723003 -508.1753145182729 -26.960235427812883
1631.9533729776583 -634.7860623783571 -492.088754864607 -0.914219037010872
1631.5446542516672 -635.0442271670497 -481.7010810472046 -161.4930927174295
1375.32537540586 -646.9153114761041 -154.6550107129855 2.310901827258646
1413.591314391489 -646.0125924882225 -168.05921839929414 5.165683884621933
1441.3377464795572 -645.4256338875692 -174.88529764537756 10.391255349250889
1460.214790399094 -645.1049046330102 -176.23571100644554 10.360521695720239
1474.7602726549292 -644.9141943614275 -174.9202664547699 5.82675892201668
1487.5525037611712 -644.7761108210494 -172.5205529934523 7.380988978908791
1498.5914837178198 -644.6906540118761 -169.0441427491741 -8.956663295172651
1511.2805824034972 -644.555666161569 -166.54823649853978 45.350260299292486
1519.6381194254734 -644.5506972942381 -161.43033833694727 -15.264647335194578
1529.8520400176071 -644.4900060056318 -157.41919943183194 24.26282989442877
1538.2095770395833 -644.485037138301 -152.2840483793603 -13.9614346606273
577.9304866362194 -649.0567158245769 151.13805546204264 -46.03663742862318
1664.6482349912526 -617.1747756331055 -520.0595601848395 0
1649.2853152834355 -617.8818154820734 -500.9248919151212 142.86046016975533
1643.6168431086642 -618.2978604643802 -487.45474852464736 -157.7454361823404
1378.6313085148897 -630.4320784294581 -155.51049374481207 4.8519774958005675
1410.7093022666595 -629.7151008458285 -165.08562198693738 5.016236575302233
1435.8774238406197 -629.2055344969466 -170.33082267172983 5.335126065618401
1455.6826595452353 -628.8569440317499 -172.2457054541572 5.314432433950653
1472.8064523151788 -628.5888415083955 -172.49177616962572 10.749342967501045
1487.351934571014 -628.3981312368128 -171.14689953048475 23.878263296310212
1498.3909145276625 -628.3126744276394 -167.6639129578133 -2.066559409176477
1510.2549538488256 -628.2024520978993 -164.66393943242787 16.117327782710117
1520.3657420203951 -628.1448564993638 -160.59519239531662 19.591903751400142
1529.65147082745 -628.1120264213952 -156.02031740748185 16.011593695850657
1377.6056799602181 -614.0788643657884 -153.70406138482255 3.0364882900696233
1406.177171412801 -613.4671402445682 -161.11463794229815 4.513607869618377
1430.313968781118 -612.988530796395 -165.72805007727658 3.7804055213798
1450.1192044857335 -612.6399403311983 -167.6432516800764 0.7444850304553011
1468.171189040756 -612.3439765972062 -168.45209969374818 2.8130076524724563
1484.4699224461847 -612.1006395944188 -168.16529922312938 14.475329575888093
1497.2621535524265 -611.9625560540408 -165.73596168805707 17.400803069318243
1508.301133509075 -611.8770992448675 -162.23395287598333 20.982709320031535
1517.4837298955656 -611.8473648569696 -157.60387529969168 -8.42886653274405
1527.6976504876995 -611.7866735683633 -153.58255296853994 13.519962368095232
1375.5487271999032 -597.7566072028275 -151.27510097034934 3.1922333086795365
1399.7886569887846 -597.2749020645836 -156.020248066071 -1.8921715791825375
1424.8536461421807 -596.7684314057727 -161.20285381791786 5.430538994229536
1445.587073631875 -596.3919797299382 -163.68248162324682 6.073533488724708
1463.6390581868973 -596.096015995946 -164.48950154671775 4.930594047676706
1479.937791592326 -595.8526789931586 -164.2010298853031 8.661555948360741
1493.5550820630826 -595.6898299322137 -162.26750418457897 15.084984732072089
1504.594062019731 -595.6043731230403 -158.76327091119825 7.333028836018556
1514.7048501913005 -595.5467775245048 -154.68842289162228 10.838066795713054
1396.0815854994405 -581.0021759427565 -152.58431544577132 3.0508714483931825
1417.6400723536497 -580.6009587463549 -155.62211631984033 -1.7178051657124438
1439.1985592078588 -580.1997415499535 -158.60767620294158 2.3085837451457167
1458.1787355479598 -579.8759166053236 -159.9791094379169 2.3562811350729693
1475.3025283179031 -579.6078140819692 -160.1890413309577 10.332248840012541
1488.9198187886598 -579.4449650210244 -158.25424251253244 11.72489400498518
1500.7838581098229 -579.3347426912841 -155.2449407116695 17.863839979403778
1510.9977787019566 -579.2740514026776 -151.23003309696495 14.920469731935755
1413.0048090792268 -564.3560938351657 -151.62984402396626 0.6548177700303547
1432.8100447838426 -564.0075033699688 -153.54738437387044 -1.8513965818729736
1452.6152804884582 -563.658912904772 -155.4208647954171 3.208484329454688
1470.6672650434803 -563.3629491707799 -156.1916416316831 20.729435842713176
1483.4594961497223 -563.2248656304018 -153.75852886679783 14.435411838864553
-2129.6906243438957 576.6509807833693 153.3521553419843 -18.36306032075452
-2144.7451099208006 584.3910955152123 166.97244977123418 132.14806474998483
-2135.5625135343103 584.4208299031101 168.29160110595484 -24.733164284334617
-2113.075834895022 584.8499083101493 156.79074235281146 -8.201236305717128
-2147.1104968120285 592.2661980973623 178.52109208222913 -100.66116832147516
-2132.5650145561926 592.456908368945 174.6612266718068 -21.96263493439012
-2106.571833617718 592.9912402383936 159.79879409035595 -0.24291274461797974
-2148.035840771621 600.4304223689137 178.4782998297109 281.88248742138376
-2141.4315548992386 600.3827645050397 182.29040225231785 -124.04508753627552
-2123.379570344216 600.6787282390319 175.06272100174212 -3.042641773460871
-2101.4085538077497 601.0923281957168 164.10196661012083 5.278615820205979
-2078.0968158039473 601.5461721233231 151.90958593835535 3.433274279743507
-2139.3660586624665 608.6367637886462 179.35710258590424 -79.03486141911493
-2131.4210513227476 608.6293498956935 181.88406320899387 -92.18465715762872
-2117.28809874917 608.8076774069928 178.4558919028697 -1.9370502478192728
-2100.9893653437407 609.0510144097801 172.96780659530785 -1.8396740850311335
-2080.7715999568677 609.4119876352605 163.75012875649227 -2.8473397133714284
-2058.8005834204014 609.8255875919455 152.90110722702104 -3.984145660882636
-2130.5969550890136 617.0919829268588 169.95553603793357 404.64334510870094
-2129.355555085975 616.8833491793 178.95395299991682 -38.84030733232251
-2123.9888582603644 616.7985430345758 183.9763579819874 -93.16853621992186
-2114.806261873874 616.8282774224735 185.3279761023097 -27.153140387526566
-2100.6733093002954 617.0066049337728 181.93033091007584 -9.014129605957276
-2080.86807359568 617.3551953989696 173.11487406369872 -5.152188553115956
-2058.4845273769565 617.781178115938 161.87763512126048 -1.3633534712237778
-2036.8229081021832 618.1854910024103 151.38526440938287 -6.190142978737439
-2121.102113615344 625.3230898671583 170.0616911681831 5.650957989310514
-2121.5108323413347 625.0649250784656 180.65076777964967 -8.221133321760618
-2119.238108132654 624.8872482316154 188.6578088876311 -85.7516872448608
-2111.8087628957564 624.8643558883085 191.70346187653976 -45.71092473404524
-2098.088340004436 625.0303006393242 188.7109887468978 -16.245094717823953
-2077.870574617563 625.3912738648046 179.51191359722813 -3.4934106469595827
-2056.724617445611 625.7801083009226 169.4716006192814 -7.307053784459292
-2032.587820077294 626.2587177490957 156.6307129771341 -9.529156462341042
-2113.6699205529612 633.4922830060405 172.16462172662324 4.687762393704341
-2116.7600822136246 633.1536302755054 185.33293523056346 1.1856218670088885
-2115.415549790022 632.9480922180175 194.23483059139951 -117.84947518081941
-2107.0580127680455 632.9530610853483 196.3937657756372 -75.85335480974915
-2092.1000008299534 633.1561541172144 192.22524981929473 -13.973135657473097
-2073.5323541721095 633.4675963015608 184.625400920642 -9.459346835377962
-2050.7362782711284 633.9059617788128 173.02606269923237 -9.918841067591739
-2020.8240653512096 634.5579298709541 154.7120529647232 -6.568316606017141
-2102.7350361476574 642.0125116357411 160.7156093946338 273.39880923200695
-2107.9909786401713 641.6088494137178 175.96000280907487 7.2842730425677615
-2111.0811403008347 641.2701966831827 189.12545748705236 4.524333615588209
-2108.4990188304605 641.1018069065452 196.83925264705525 -116.88944969663166
-2098.8007603411484 641.1470197447973 197.72014480398363 -79.04646485114255
-2085.0803374498273 641.312964495813 194.75595387070044 -25.30133786871433
-2066.2032935302905 641.633693750372 186.88045531365577 -16.51338484664863
-2038.4568614422224 642.2206523510254 170.58720597748632 -10.790307016720023
-2095.818505188096 650.1662263242691 163.33294095473642 -1.9530598639709804
-2101.07444768061 649.7625641022458 178.57170173709076 6.787367256076935
-2102.823887873937 649.4641553426319 190.4466055787539 -8.65073777740392
-2098.385382833405 649.3514879872699 196.38209776699597 -88.46680931321687
-2089.615316129172 649.3688396148842 198.16660511447697 -108.0855621229722
-2075.9980256584154 649.5316886758291 195.31939755043237 -40.52574224719287
-2052.170625551791 650.0010110537896 182.74312544037795 -11.854518606484831
-2016.998659183092 650.8108593395452 159.44194261271326 -7.41341599538309
-2089.3145039107917 658.3075582525134 166.3523203455513 1.441676475410517
-2092.8171952537123 657.9565227616948 179.9048480897996 3.6087981154373465
-2091.885192512367 657.7386019439234 189.2070196937303 -9.610171496860298
-2087.5498198923997 657.6228388984905 195.248094962046 -67.82123021338448
-2078.2640910853447 657.6556689764592 196.55241737159577 -118.08219815818629
-2061.140298315401 657.9237714998136 190.37708049466752 -41.31641581101016
-2031.2280853954821 658.575739591955 172.05494980561917 -17.783983634504263
-2077.5545601409735 666.8525524027812 154.15283020481658 217.0167912559622
-2081.057251483894 666.5015169119625 167.69961695760594 2.16622222202045
-2081.8784998921424 666.2309693629866 178.68110725829803 0.48428987389775313
-2080.53396746854 666.0254313054985 187.58991810637312 -17.893951808885966
-2074.857873381236 665.9499122309869 192.35558449725585 -73.00874340004626
-2062.0656422749944 666.087995771365 190.3270302358066 -86.35638632734683
-2037.825712486113 666.5697009096089 177.4097542168773 -45.66035516880799
-2068.7816456112546 675.0619895125845 155.02166007668512 -0.13727746704761384
-2070.531085804582 674.7635807529707 166.88856295928076 0.6470592622001835
-2070.5272748483153 674.5177987245614 177.08044253869616 -3.92991013151405
-2067.016961592862 674.3772701585617 183.9225356425106 -45.73839036837144
-2056.493643739035 674.4472485173807 184.07329221867872 -56.25098553241257
-2034.9351568848263 674.8484657137822 173.72961873279542 -31.805757404360154
-2000.5882498806416 675.6335484789707 151.31046459980607 -31.639035421045957
-2059.699333819842 683.2807136926007 155.6064875037071 0.19040196340821924
-2059.695522863576 683.0349316641914 165.79836072596635 -5.57346376941528
-2055.669547505301 682.909881548546 172.1540956462259 -22.564620199063924
-2045.9712890159888 682.955094386798 173.1073043638125 -40.54962173403415
-2027.0942450964521 683.2758236413571 165.34358534407076 -32.70559293528997
-2047.9355790937577 691.5799258144591 153.64923759863387 -4.324047873923416
-2043.909603735483 691.4548756988136 160.01152695683106 -22.002477489038203
-2033.3862858816562 691.5248540576326 160.1961267630767 -26.6944497304345
-2015.334301326634 691.8208177916247 153.2476432079465 -24.31021232518616
-1182.9496960007639 1105.3501855787338 -439.4122628795642 0
-1346.978139036163 1113.6139472710472 -169.30633752350835 60.527465252538896
-1347.9025198649756 1113.3403040320002 -158.31963069807202 -31.11413689888487
-1028.0511354343 1214.3600722424924 -151.17233755568483 -10.12228611836585
-1013.6087855990289 1214.5476868240041 -152.79363165458716 14.360173992671514
-1001.2290841750444 1214.6733876040987 -152.7092846696232 6.93059297208261
-989.7775745361386 1214.7712271735554 -151.8519163682521 6.622940365186568
-1009.686905792099 1222.8574085288863 -156.79730046047425 133.65853664055132
-997.822866470936 1222.9676308586265 -156.28341215597612 13.738171431259106
-986.7838865142875 1223.0530876678 -155.08242051583693 7.024082596243186
-976.6730983427178 1223.1106832663352 -153.1135878316533 -8.053725733157794
-965.6341183860694 1223.1961400755085 -151.88655240467887 -3.4309400880160283
-953.7700790649063 1223.3063624052488 -151.3143143542889 12.681808487080064
-995.2417081313422 1231.2371085925872 -159.1851166475337 118.24041892341502
-983.7901984924365 1231.334948162044 -158.31296388726204 24.242461835390916
-974.0919400031243 1231.380161000296 -156.0026112457715 -11.771734602147534
-963.1560924670399 1231.4625221193985 -154.6853381607403 -14.570354141510217
-951.2920531458769 1231.5727444491386 -154.10613185995615 -0.18875302740798933
-940.2530731892284 1231.658201258312 -152.8443886461374 1.7423212568093425
-981.7247022556643 1239.58894744565 -160.78934017087934 -0.06376053617998528
-971.2013844018375 1239.6589258044694 -159.1432408413829 -122.77479540323205
-959.7498747629318 1239.7567653739259 -158.23680427332303 79.26623173574436
-948.298365124026 1239.8546049433828 -157.31572658825783 78.07550959794229
-936.8468554851203 1239.9524445128395 -156.38000778618724 111.13169777859896
-926.7360673135505 1240.010040111375 -154.34855849618637 66.62914748460466
-916.6224313164952 1248.2597211921 -153.0878105094093 184.18941459806769
1290.823234130453 1433.7751812854917 -151.3714971520739 11.681884989960578
1276.1774672795393 1441.773460806027 -153.6308498396285 -0.2822098497558682
1297.7359541337482 1442.1746780024284 -155.33195821905232 1.6917696883397548
1316.612998053285 1442.4954072569874 -155.51340942480857 -4.795642675993546
1333.8399232437928 1442.7666054704127 -154.75493257254718 -10.539443789689349
1350.963716013736 1443.034707993767 -153.90710720211834 4.919497250028985
1367.2624494191648 1443.2780449965546 -152.57949812112872 236.4685759489075
1256.2719469798449 1449.6138601329485 -152.96619682646886 -12.521695238338243
1283.0901872828344 1450.1729575229642 -157.60798862813468 -9.074485903397308
1306.401925286637 1450.6268014505704 -160.247087559549 -2.3299760082694343
1327.1353527763315 1451.003253126405 -161.41792546965985 4.8938435795486415
1343.43408618176 1451.2465901291923 -160.12878501100826 -19.78667914712531
1237.1914860446655 1457.479024980437 -152.7306328856302 -16.990701501565855
1266.691169282327 1458.118610312295 -158.90348883685655 -6.493978285789849
1294.4376013703954 1458.7055689129484 -164.01545898886553 50.98082745678234
1317.749339374198 1459.1594128405545 -166.61759231126538 76.86183037488671
1340.2360180134858 1459.588491247594 -168.7097124899418 177.66340443706056
1108.1489990503237 1463.518876382839 -151.51266608017926 1.3540254201832997
1135.8954311383918 1464.1058349834923 -157.1108968046588 3.412094577897772
1153.019223908335 1464.3739375068467 -156.62766675732493 -7.5786441402458085
1166.739646799656 1464.5398822578625 -154.19475062151224 -23.915420895052808
1183.0383802050846 1464.7832192606497 -153.18901909163938 -20.333283426035287
1201.9154241246213 1465.103948515209 -153.59626514008085 -24.410178619282306
1224.4021027639092 1465.5330269222482 -155.97442153507117 -32.396003176571114
1251.2203430668987 1466.0921243122636 -160.69589004003728 148.54473208865622
1092.6781728348951 1471.4923903828078 -153.08594514720957 2.008354238651524
1131.7691711850384 1472.419874891256 -165.16392743153847 8.739673600174799
1156.0091009739197 1472.9015800294999 -168.70170803808767 153.1428769040373
1170.554583229755 1473.0922903010826 -166.7240876222471 150.04859999607163
1184.1718737005117 1473.2551393620276 -164.20199381329766 89.18826356709225
1122.486290203469 1480.5791302954765 -170.294358442356 169.82266731146365
612.1003012541606 1529.4881509956203 -153.51554379888606 -39.307669049434466
825.7753912715098 1570.3912369500722 -356.714245497987 15.63765436950975
1295.0317157954296 1584.2308447440964 -614.5650794638402 0
1246.8631381740652 1599.9066745306086 -619.1755439402816 0
