# x(um) y(um) residual(um) curvature(1/mm)
6492.927688299184 -423.4205078155294 -210.5887116905667 6.327025518319849
6489.6990531604815 -376.42933679713076 -212.17419765376053 6.952933820491657
6656.857425940385 34.81687694125607 -252.4042810810755 12.99431939144131
6666.79430963354 309.18308683328297 -311.80329291777963 7.038468326373174
6611.094374029448 199.17308250333815 -276.40272342298266 8.46383526055557
6612.159393480994 580.1543056050842 -357.6010772108541 2.6608142109478763
6675.883217217526 208.1518192381878 -282.13549017298305 6.644589721543705
6703.84675900525 265.88797951046655 -296.0839628001046 15.176961012842469
6549.258890825445 950.4547735859403 -423.4504715633497 40.04196701883791
6584.022847914538 926.4689476507692 -420.1472300953151 169.41762819301837
6673.85703292706 240.6928916552691 -280.3349135106578 3.2577569689911132
6703.36658294823 279.8503537258543 -290.3924189604853 -46.42652562942726
6737.9587613447175 257.92882759087144 -287.73275751147133 11.557335946195076
6628.059633720207 11.682075314476029 -219.7366398797863 2.682446594040917
6583.805392210914 937.2741574658692 -413.75103543720525 23.345604747786226
6676.5699196267005 216.28357546715878 -266.64356267002637 51.018566987611955
6706.857526079082 246.09097373689164 -274.77224458011153 -4.928145199070369
6740.752485076172 232.5480762026726 -273.86421454907367 -19.182375474357507
6777.163496688479 188.76925806569727 -266.6895590223002 1.285132624517502
6628.4484557551905 15.201521128911706 -211.8865515473055 45.220452264505596
6654.51232729528 95.76640860327163 -230.85235273847886 2.273121651995678
6682.556706114817 152.53113367546192 -244.71930991521634 0.32687725970316023
6713.096928291618 179.30279694491801 -252.25654292008278 43.308211125286256
6746.395714179078 172.92423401135207 -252.86423266983476 -21.354037369461988
6781.594170314173 143.7169438757051 -248.72982047586734 0.6813558598159221
6817.651519912293 104.18815473911722 -242.4698640636573 4.955172953659935
6659.549278659579 43.4283304126153 -211.24936849150197 9.823116600592263
6689.058828680748 82.5857924832005 -221.4677922452116 9.329980560374649
6720.28616562797 101.10025655190388 -227.32228324111873 94.25960101342389
6753.160557098407 99.82172841880292 -229.02630147590503 6.698749127559196
6787.318236448892 83.12166648429604 -227.51718569036123 -20.722993174718482
6821.738636152776 63.26444014950143 -225.3634107369754 17.721875789461706
6856.249977517449 42.3143492146072 -222.9969414485366 5.156494163766329
6891.998929751156 14.683634493218788 -210.6653169121572 2.9899896455928223
3282.107831171608 -699.6576442635301 211.69317998536764 -28.243072757245553
3315.2348383664635 -703.9719073969078 210.4450396691972 -44.6463580661989
3280.849598683376 -676.34520624729 214.15292605176168 -4.129833747324236
3315.1891613554444 -695.2309973819961 216.73701706570847 -31.64035036476059
3347.6290537798795 -691.288061314621 213.32637365693984 -19.95952330787454
3178.836115069736 -623.5755804294114 215.9289153322045 -9.19158211031121
3211.7004019111955 -624.7326791625014 213.88573840457005 16.410195135527534
3245.4336868446576 -636.3327062965433 214.5864767116657 2.0728236197837
3314.537206605819 -679.2043233664202 221.1187684633457 -9.985221539745327
3347.411598076255 -680.4828514995212 219.08278402275738 -12.8212992632663
3379.0734340694785 -667.1898516312939 213.2381880703038 -1.0926496593848354
3212.604560023993 -627.4061327486302 223.1758387796997 -13.092482574034813
3245.559788526244 -629.6560960818198 221.41812273342936 -32.432798693440276
3279.384015120497 -642.3489878159612 222.39905216165033 -30.542388433299124
3312.935416732377 -651.7632857498039 222.51106199468967 -5.167893226327266
3347.10320071184 -668.5847770843217 224.55420479690244 -22.629027070761055
3378.7650367050633 -655.2917772160944 218.7162095803236 0.6704877787275978
3410.083315313076 -637.8701777474907 211.81586131955237 4.482897636449539
6042.9972848361385 405.5841171099236 -210.91342620696483 44.792720425051684
3245.34233282262 -618.85088626672 227.1655747421339 -10.892606656261732
3277.6912835862636 -613.8150855992452 223.5003798928201 1.7049101810193932
3310.0503389788837 -608.9007143317816 219.87213495403176 27.940967289555335
3346.3704089304006 -651.5866678686573 228.6926451038434 -1.8134341304318993
3378.547581001439 -644.4865674009945 224.4808099259725 10.48186779401809
3409.865859609452 -627.0649679323908 217.5868287458106 28.794155751583187
3441.446858570861 -612.8005328640749 211.53184164205794 21.53949463268787
3276.4431557270086 -590.6240769830163 226.00805434067857 -5.373344369688962
3306.0335427799923 -552.4380501125197 213.69268590844092 7.1689180985754515
3345.718454180775 -635.5599938530816 233.08748235633593 -26.614388395277764
3378.5827410222346 -636.7170925861714 231.03883308832124 -22.809428780231872
3410.072798322852 -621.359792917756 224.68715062062003 6.934706825340815
3441.7447389450526 -608.1882224495396 218.91950794177305 7.325181967967015
3473.750132323486 -599.0238221816885 214.20484071131256 0.8742448814176881
3506.018246055315 -593.0165863141253 210.31688488759335 5.883668705764061
3309.433544250054 -585.1045655013827 230.81961733230972 -24.40613928436272
3343.944885614728 -606.0546564362769 233.96258100657678 -4.9020393364008354
3378.4562269794014 -627.0047473711711 237.09043362220598 -35.9883706799919
3410.3706786970442 -616.7474825032206 232.07242104752757 -11.978644390366235
3442.123456351058 -604.5473472350928 226.55987812704203 1.9451038050989093
3474.219791390283 -596.4758115673415 222.130645623261 6.043106143093335
3506.659683814717 -592.5328754999664 218.77845808439645 -5.569781073543196
3539.0086345783607 -587.4970748324916 215.14796095051443 3.9383354553901615
3571.3676899709812 -582.5827035650283 211.5539535776518 5.333139945102362
4779.682960931597 -927.0831815838726 211.94229575941827 -6.14358493577942
3339.412753338021 -543.3990928164504 226.19550777227724 -4.153136916666785
3377.1979944911695 -603.6923093549311 239.5957165273151 -5.958679092745302
3410.4967803786303 -610.0708722884971 238.92043484128686 -45.86671588250754
3442.51227838604 -601.0279014206571 234.23196617311606 1.2037605030540655
3474.8612291496843 -595.9921007531824 230.59195280907383 -18.265108662971667
3507.129342881514 -589.9848648856192 226.70561716190983 0.672607878959858
3539.5692353059485 -586.0419288182443 223.35880812518857 -32.06805351087113
3571.837349037778 -580.0346929506811 219.48368914567325 -42.815903224233566
3603.751800755421 -569.7774280827305 214.52069175444765 9.638043717712574
3636.019914487251 -563.7701922151672 210.6598895356312 -26.203813577084656
4575.610729054545 -829.1919753629273 211.15661622217053 28.50509979345944
4610.3746861436375 -853.1778012980983 214.6355992613574 -36.706482245146006
4644.532365494125 -869.8778632326051 216.30756041074767 -63.17346422466205
4678.780986505403 -887.6707897672115 218.23520529678837 -41.91559853474734
4713.726826916078 -913.8423449025818 222.20307081785626 -6.732278246710163
4748.490784005171 -937.8281708377527 225.61777666408463 8.219945177779557
3374.221975076886 -559.7368733368093 236.72745922735422 0.5170135045987417
3410.107545982401 -597.2013626732089 244.1569466450572 6.330515147884163
3442.8909957920464 -597.3870262062104 241.87265937585153 19.7745738725478
3475.1591095238755 -591.3797903386472 237.9825389750994 -34.20699309104516
3507.5990019483106 -587.4368542712722 234.63287074873702 -61.43755241551808
3539.695336987535 -579.3653186035208 230.22064341300634 -38.566521932312604
3571.7916720267594 -571.2937829357694 225.8165888910028 -29.91597456346004
3603.877902437007 -563.100817868007 221.38945901570966 -40.081877418763725
3635.8024587836267 -552.9649824000674 216.47165322925477 -21.427968032136448
4473.506303780114 -775.329484944949 213.67659846052527 6.763799034247126
4509.816269102654 -817.8940090818137 221.79027453268733 15.527507929678524
4546.136339054171 -860.5799626186894 229.90938299931295 -22.7969038593044
4581.941072927872 -897.0730167550005 236.47557486138925 -37.66116522392167
4616.705030016965 -921.0588426901714 239.93570907634543 -3.175168659627191
4650.953651028242 -938.851769224778 241.85434779218636 4.287125739434309
4684.939551686124 -953.4875313590967 242.98366037544304 3.264517411381025
4718.763778280378 -966.1804230932381 243.62495723128333 -44.22782375844459
6993.808216765994 2015.1867831387442 -542.8885020462914 25.95089887451493
7165.6010474091445 344.49686365345855 -218.08915538459905 -4.366023418687063
3408.2531403845396 -566.724590056316 244.81521453171894 -4.677119724841366
3442.501761395817 -584.5175165909222 247.116357729087 -25.508160776368
3475.022490852066 -581.546015723636 244.0196023485682 -22.169685512720122
3507.0379888594766 -572.5030448557959 239.35500059548733 -12.115882034050125
3538.780661884514 -560.181480187657 233.85298793964517 -6.840428227922704
3570.6142765703416 -548.952780119618 228.6451744042162 -4.336547870509834
3602.629774577752 -539.909809251778 224.01086244369858 -4.591878603197482
3634.9787253413956 -534.8740085843033 220.4141955616731 -10.870451464138737
3666.468782642014 -519.5167089158879 214.17880499908085 -17.123467716459842
4405.650499516962 -739.2599210615772 218.11270260509832 83.497538638649
4442.566742578107 -789.110209199106 228.07318965537712 81.9927085128169
4479.139428254044 -834.8318977362585 236.98495252938426 -6.521242453014578
4515.803055590769 -881.6464508735106 246.14186872164876 25.35837759753525
4552.5576245882885 -929.5538686108622 255.54357825297066 10.243342206711874
4588.443195493804 -967.018357947262 262.33692379529754 -39.55933737645653
4623.287989614711 -991.9756190825215 266.0175765011856 3.2464258173265246
4657.28399490157 -1006.7328106168511 267.1646193472385 -71.0817009722275
4690.5019437572155 -1012.1399383503285 265.9977961927242 -32.485794221782214
6931.538276729022 802.7905291072582 -290.9834315633219 8.498140087746659
7044.277617820886 629.3180728924912 -261.2890378368412 0.9054146964611828
7034.146708366165 1144.8430712065021 -365.1292193939182 3.0849289764019985
7053.4910016366985 1306.1585096882236 -398.11304897620033 0
7030.941503169518 1970.9202406158392 -527.0090953472064 7.741861793536292
7185.9303358242905 502.16741334896227 -242.89370991626072 4.2268855108791685
3438.0605707799004 -522.9548175711953 239.7284772704035 7.01882149532882
3471.187577974756 -527.2690807045731 238.5463564050862 10.3339547610234
3502.505856582769 -509.8474812359694 231.74543714149408 2.031285151460571
3532.8743000669647 -481.0115181663251 222.02174393148138 24.8145327475269
3563.768184257953 -458.4898838972564 213.95304280520352 30.98528580642295
3596.288913714202 -455.51838302997 210.92266667222634 33.404379766316936
3630.1030356794777 -468.0898453641005 211.87647516613524 21.599543016643846
3663.7554835811256 -478.71843729805374 212.32362171544943 -1.5671760413813407
4369.022032201028 -684.675893109502 215.53859862291563 5.547039267258685
4407.231667771202 -750.0691444484478 229.3778596251215 -5.287686748467346
4444.329794153931 -802.1051617861758 239.8786610990317 -18.410387651425488
4483.661043540526 -880.9770765263503 257.0048715680091 48.457978089554956
4521.709005047072 -944.4274574651189 270.2807015715239 19.193434965721362
4558.706085140033 -995.2491808027362 280.3980091797935 17.99629187639439
4594.601760674525 -1032.835099539147 287.20945129131724 5.054815627348967
4629.193939071014 -1054.7566256741297 290.12108946957363 6.691950820138395
4662.320946265868 -1059.0708888075076 288.66658336773895 7.320008782212985
4704.788664044249 -781.8546074482051 215.6713424070183 -20.91640062046299
6997.231278029898 809.095812255979 -286.9460960798601 0.6643765381665588
6980.027128291434 1409.6213905777388 -406.8424886885239 0
6978.343688661297 1823.6314104824958 -488.0427322883518 5.173018579484342
6999.658384582302 1961.2681159620586 -515.4373576868292 7.926439834410121
7032.704554745343 1957.9252880287693 -515.9361210125554 -2.874358064426941
7067.983847912251 1927.7465626930339 -511.36229021861476 11.023449654641055
7103.616803093348 1893.3178083569107 -506.00518980541955 3.7748279242774303
3470.707401917736 -513.3067064891854 243.52045907052647 0.6140330731402184
3502.1166221865396 -496.97797162068133 237.00986124979576 11.863802053758612
3533.172180441156 -476.3992077517898 229.42150601715048 -0.8316595312962909
3564.7531794025654 -462.13477268347384 223.47791374064482 6.063758973438595
3597.2739088588137 -459.1632718161874 220.44586554253686 -1.6506212862656218
3630.229137361064 -461.41323514937693 218.7542741099557 -37.193897116594684
3662.0728566758694 -450.30596448134884 213.64644836415746 7.666571542295715
3929.1704678039296 -509.83452595065086 210.5713963891415 -1.016307687488883
3964.8842600168396 -545.2347154868625 217.21099075989596 -42.598642823486564
3998.8701606747204 -559.8704776211811 218.59602790344982 17.655392500829574
4030.531996667944 -546.5774777529537 212.9467316739806 -14.860949801323247
4370.350584730852 -692.4493814960958 226.05200275249803 -14.558791987900582
4409.166498039631 -765.1283968357058 241.69769776829634 4.333274916772777
4447.386238238782 -830.6430775746626 255.53963840754406 15.393948648364455
4485.767652501562 -898.1006287137964 269.8363655423451 16.4883224154211
4524.411787117737 -968.7153442532181 284.88942808644686 -66.34788792365771
4563.490420779913 -1044.5515239931158 301.21185717928944 37.12788980940862
4599.375991685429 -1082.0160133295155 307.98413949610836 0.583072132630228
4633.018334958099 -1092.523175863458 308.05354511903 61.01020240102086
4672.303094608796 -777.0566335006685 225.48046135319427 -23.303469230427236
6878.3693445029885 670.5569377894024 -243.78645734118734 3.4105276717173214
6960.431032021362 865.7441400082424 -288.01128083070444 -0.15342859335893327
6940.993759279029 1493.1056157324488 -413.1247181388289 3.5834021695562646
6938.53226321768 1916.465699438058 -496.00696898419153 73.14297897680117
6966.748420729824 1971.16612471006 -507.57643989418744 -14.999086713224038
6999.7844862638885 1967.9447261767818 -508.0930613530336 1.6849455801862792
7034.467606321166 1944.9303354416995 -504.8621699214749 -1.564643757795685
7069.7468994880755 1914.751610105964 -500.2915970131798 -0.33012403602812035
7105.03629728396 1884.4514553702174 -495.71803390032125 -5.153525781434516
3533.4700608153476 -471.7868973372545 236.8215077181511 -5.482882420790201
3565.394617161967 -461.65106186931496 231.94164367365153 -7.3556958389439915
3597.7435679256105 -456.61526120184027 228.38028975262324 -84.04613753534485
3629.748961304044 -447.45086093398925 223.76705373803136 -3.3229561880915686
3660.8954612194516 -427.9649616651974 216.5263202849644 38.64769146577409
3692.6482388734657 -415.7648263970696 211.16314210555592 12.49828001972712
3826.712380515311 -451.72200653228526 211.2835722896508 6.346462749598754
3861.1327802191936 -471.57923286707984 214.04599183808133 3.8713820730659783
3897.281071478106 -512.2008866037673 222.04377870198695 7.103246789055747
3934.460034892648 -565.208339141584 233.14862485522954 2.321311990973567
3970.4365474589545 -603.7656930780834 240.5749374452667 -73.09304977889089
4003.4726129930186 -606.9870916113614 239.06015882416625 -85.16405837120588
4034.194718491402 -582.4011575421046 230.54341309103734 14.791670831884938
4063.956884236991 -546.2794304717961 219.158585043532 26.854432852777542
4411.192269968852 -781.2805138230633 254.29006039905454 -22.27257127758824
4449.230126846421 -844.6094653618208 267.58942412730556 -14.654627088833776
4485.721975490542 -889.3597186988848 276.2524744941123 -42.69788581483114
4516.696696713345 -867.8095196299046 268.47102689877255 -6.6378941193355425
4635.6847319218405 -722.5940349486044 223.13045661329667 -22.221793052305603
6590.88543823366 983.2637914958992 -285.490384992167 9.633521152282576
6626.690172107362 946.7707373595879 -279.6482153759894 0.8146688184349582
6844.327662205112 694.0550393386437 -238.2353106726049 8.23403843531388
6922.003940747564 941.942601162288 -293.00293932046117 16.69358024923813
6915.571325498343 1413.0244390722476 -387.53388985758045 18.99886794611164
6916.464566257283 1796.069961974182 -463.1328119196294 12.060304996637898
6937.5367510828455 1936.6209730540102 -491.2451587745574 -7.207208666531535
6967.733415874435 1967.5212359238426 -498.27125582552145 -76.232108007326
7001.547537839711 1954.949773589712 -497.0142705177839 0.22522692573102665
7036.230657896991 1931.9353828546298 -493.78724207396493 -2.016804243178564
7071.429114032086 1902.728092718983 -489.40389326616156 -2.811153883502748
7106.708407198995 1872.5493673832473 -484.85632285264427 2.6703533283825442
7141.219748563668 1851.599276448353 -482.0718174800324 112.53404064516594
3358.438532617549 -722.8837867481232 324.631742287701 -12.698321404769937
3661.284283254434 -424.44551585076164 224.21583199237554 -9.924705629534209
3693.037060908448 -412.24538058263397 218.85466253040707 -8.953667266001082
3724.9515126260903 -401.9881157146833 214.0000941990004 -0.36422140709591616
3758.432181835133 -410.55240784844847 213.93440506679443 30.48688479762787
3792.3372454612004 -424.2167347826785 215.15533626930213 25.92704914598088
3826.1513674264766 -436.78819711680904 216.089092921447 4.292690945929916
3863.249493809205 -488.824214454537 226.9989215867538 3.888686835764085
3901.9744654571946 -560.4103651940474 242.83170177969208 47.448783869018015
3940.5377630415555 -630.0536455333804 258.1457171241168 19.37702797878187
3976.1606135936745 -664.3609704694924 264.48496630449625 61.21412826253847
4008.166006972108 -655.1965702016414 259.8154658648475 1.0965615295366136
4037.6755569932775 -616.0391081310562 247.59819037299133 -37.681754052559334
4066.417155212213 -567.6530116596297 233.11030552762674 26.905334914152807
4095.05770714138 -518.0526211880925 218.37922616484366 -35.34641676866607
4469.1249162155655 -681.717451465841 233.49596200426956 -1.2521817208979988
4499.068965282736 -647.7814535957319 222.79479463479527 -2.751252335077825
4529.609187459537 -621.0097903262757 213.88911682713123 -46.03315051158972
6520.271070259847 1052.483581582293 -287.87106078910455 5.271845564995054
6555.641305087547 1021.2119916464578 -283.04888303234054 42.591668273388564
6591.183318607851 987.8761019104345 -277.826944689557 35.21741766871698
6627.159831174157 949.3187479739352 -271.5643824582763 -2.4961248254009423
6663.469796496699 906.7542238370704 -264.51067725589127 -3.8384260510304036
6809.002692027184 732.974674689291 -235.82754982185196 1.8297483157047278
6866.637457899705 827.9254266319778 -258.33078358530804 0.3831459337662751
6868.399696750649 1200.52802113296 -334.2536641967988 -56.332425295913424
6864.038530441666 1646.7168320406506 -423.1612248179789 14.89277521778551
6900.873936470998 1597.8379791032103 -414.9503337503837 -0.16523830056690214
6913.144989457789 1844.1539975926803 -463.76427334119825 -24.93420237208515
6937.743689796245 1942.3261480686451 -483.722739493025 -73.65244776354564
6969.233747096864 1957.6834477370608 -487.78761648673503 -86.37712469085952
7003.13881072293 1944.0191208028307 -486.3266529898894 -49.222837485212274
7038.074546504629 1917.9689950674715 -482.5270591213048 -0.10831804035106922
7073.273002639724 1888.7617049318244 -478.1472803330219 0.7102173300003081
7108.299680082212 1861.6187145963656 -474.177621552996 4.944983553093492
7142.20474370828 1847.9543876621356 -472.77274363057086 -8.267490045419374
7256.431503070738 869.0477600399134 -286.0551218307718 4.282714487619175
3357.9017621956527 -314.4615260297607 224.60006160578192 -27.41526216464904
3759.49801401156 -415.1687318347544 223.6953469727693 -9.372061968619317
3793.6657979910233 -431.9902231692723 225.71532218343444 -4.5617669537599514
3829.036032818723 -463.26181310510754 231.38403503593383 -14.563913282056141
3865.871438848055 -512.1406660425478 241.49163579427173 4.029788226334946
3903.474796679622 -570.2481533808293 253.91052793872947 -29.059860996896784
3945.3119940524584 -679.234559323749 279.1979166909439 45.413634187841375
3981.197564957974 -716.6990486601486 286.32721054624636 87.0035599656261
4012.000507488171 -693.0845497909804 277.9765083158975 51.39329052701944
4040.2166650003137 -638.3841245189783 261.8141810563416 -43.76544971587454
4067.4021503568247 -571.2979004458471 242.61260621811408 32.641577107180254
4093.3750802361233 -489.64014837138757 219.85987664342457 -0.2763636155764307
4124.258859798135 -466.9970847023079 211.9359848810422 -63.28109405790832
4559.931953932713 -583.4329172417198 210.95846501363314 21.242482938634062
4595.564909113809 -617.8616715778428 217.0536779853693 19.13307192975605
4629.469972739877 -631.5259985120729 218.0611514553223 53.49611516122313
4661.990702196126 -628.5544976447864 215.00758365910298 12.528876052480237
6417.216809861599 1117.7604356013117 -288.0129382688007 3.624712633588525
6451.121873487667 1104.0961086670818 -286.73808378354903 75.44251013468917
6485.633214852341 1083.1460177321874 -283.9859307755126 82.4613455044604
6520.397171941434 1059.1601917970165 -280.62979775579925 5.3116362776019015
6555.767406769133 1027.8886018611813 -275.8064193662418 5.405865290092654
6591.481198982044 992.4884123249698 -270.1632647716156 -84.47689109676638
6627.5385485801635 952.9596231883819 -263.7027140700123 30.246647482761773
6663.939455563495 909.3022344514176 -256.42677835945153 -18.01948799439231
6773.243222803256 777.1157742404141 -234.50177717925027 4.594951371728194
6821.743404080771 981.8387037931079 -279.02784217113714 -1.9193709971287425
6814.1992796441045 1466.2777757042852 -376.6562997157325 102.76236573339688
6837.070088427532 1585.214353582143 -401.2836621484615 8.318705927100423
6861.062511027383 1690.6722680587725 -423.0875597913838 45.21322485521322
6891.4309545115775 1719.5082311284166 -429.921776656791 -17.562546754425007
6910.603469089507 1882.887969410326 -462.5857378331309 -131.00727542343182
6938.647847909044 1939.6526944825164 -474.60093992110694 0
6970.915961640873 1945.6599303500795 -476.88734544808455 0
7005.07364099136 1928.9598684155728 -474.8537585779964 -19.55776455788341
7039.837598080453 1904.9740424804017 -471.4500957131947 -4.856995066138883
7075.036054215548 1875.7667523447549 -467.0736568582989 -0.34906437455149586
7109.628232612036 1853.845226209772 -464.0958182216808 11.252029593723355
7142.502624082472 1852.5666980766707 -465.0330144688383 -59.74485777521561
7172.618451842249 1884.4383961465917 -472.21180487587935 26.94452486086281
7288.5629981307575 884.8887705224879 -282.16042399011127 -28.30595018960731
3388.7156220797074 -676.5660036486555 327.3061939553952 -7.72578235589926
3420.6300737973493 -666.308738780705 322.2632776535891 -17.642962322437207
3831.4861991649677 -484.51396489293 245.35943618773723 -8.322680016544725
3868.584325547696 -536.5499822306581 256.26487367296653 -3.8904617147354603
3906.9657398104746 -604.007533369792 271.0528166723244 -6.554327517589416
3944.579202271019 -662.2364501080846 283.47382786846237 -7.1257539804370245
3982.697896180402 -726.5368368469307 297.40679768193695 -101.73854090830659
4012.985502632783 -696.7294385771978 287.48414948677345 -86.74909450723516
4039.140315833664 -617.2574157029376 265.0785213020879 -7.79344219688336
4068.558924194042 -577.0070890322528 252.63327414432163 -85.71028936812267
4560.664333352906 -584.0420710276605 219.69458561815495 -0.7891753686601408
4596.287183905026 -618.3493959637724 225.75970852351185 -9.845638209388147
4630.283189191883 -633.1065874981022 227.03343941159966 -20.70899719185903
4663.672916740135 -640.5780150317677 226.52168933361563 -6.2568283534006435
4696.284587857176 -638.6993787645808 223.73133085666143 -2.121329735476641
4729.66421077645 -646.0493768982353 223.18217904647835 3.6789961776958076
4796.443665872954 -660.9922319655662 222.12547399505956 17.93609977302013
6318.386284375643 1132.2798004157037 -277.84240492303275 4.303425598084245
6350.9171184608695 1135.129871882979 -279.94245548875307 1.3740163300448986
6383.8723469631195 1132.8799085497894 -280.9930132910693 -0.8532890104391727
6417.17113285058 1126.5013456162235 -281.19962501297647 3.2652652662677033
6451.076196476648 1112.8370186819934 -279.9218371787598 -87.14388468106212
6485.587537841321 1091.8869277470992 -277.16727821478355 6.007612825062659
6520.604110654834 1064.8653668116513 -273.19002116212573 5.269079423553604
6555.974345482534 1033.5937768758163 -268.3656577553169 -92.47909278810351
6591.688137695444 998.1935873396047 -262.72172655829286 4.263777549779577
6627.745487293565 958.6647982030169 -256.2606076691453 6.555692824921129
6663.984720213266 916.9502798662296 -249.37906242406567 1.8613998246567083
6700.729184581808 869.164291528889 -241.28903274303076 -10.505045491462376
6737.22103322593 824.4140381918252 -233.8409462779447 -0.9420862671154191
6791.157504892951 963.8079505385635 -265.22689728877754 -1.9098314119031015
6799.204822967449 1260.8814582326606 -326.0828487031721 41.905935644594926
6818.114617191982 1427.4183609148577 -360.40707225579814 3.5004078516349018
6836.680854031303 1598.0838631974311 -395.18724513511665 -10.092758113316554
6866.705740130288 1631.048425867452 -402.89809564733645 -17.330390039128027
6883.978584460583 1817.2568913514424 -440.17777851758433 -73.62854077519981
6909.517015293879 1904.136107626378 -458.0469586434978 0
6939.885458778075 1932.9720706960222 -464.714161530856 0
6972.931628941117 1929.6292427627332 -465.22297511330856 0
7007.008471259789 1913.9006160283147 -463.37950795676613 -23.308408750518712
7041.944207041487 1887.8504902929556 -459.5881991901846 -1.580174354042577
7076.718268759557 1863.7432349577734 -456.1832689852175 -0.5099564370485054
7110.441449064043 1852.2646372237427 -455.18593479884385 -9.845876489459451
7141.769832301032 1869.5648072923352 -459.630654942116 -5.578883253520753
7170.157768505779 1922.2009327641492 -470.70000029947136 30.369627862380273
4522.924356849529 -516.1008090743676 213.97140370588423 -9.087646145678836
4561.305771112309 -583.5583602135015 228.16356674441596 -23.75076220921542
4596.6760059400085 -614.8299501493367 233.48709878291632 -6.413431239536368
4631.096405643892 -634.6871764841313 236.00571616519116 0.9557231597719109
4664.051634146141 -636.9371398173208 234.2219141014701 -25.490749458300773
4697.441361694393 -644.4085673509865 233.70572881743664 -21.104831756536637
4730.831089242645 -651.8799948846519 233.18373457227804 -16.82388787687981
4764.907931561317 -667.6086216190702 234.656807950673 -1.8127001068764712
4798.034938756173 -671.922884752448 233.35608876305335 -7.9060629997712475
4831.677282028844 -682.4300472863903 233.54794034779894 -4.321701778366325
6203.667248729212 943.9548719445883 -223.90194706787628 5.725994293072973
6227.659671329062 1049.4127864212176 -247.480193742206 50.70201799407195
6255.875828841205 1104.1132116932197 -260.3764917419753 6.719790932356521
6286.58782971061 1128.8205751624873 -267.0097079473925 13.600936916649772
6318.51238605723 1138.9564106304272 -270.6144203415188 22.294107821472327
6351.043220142455 1141.8064820977024 -272.71130859662145 5.15725703690854
6383.8266699521 1141.6208185647008 -274.1824464498324 63.271772611632315
6417.206292871376 1134.2708204310468 -274.1867211825177 104.08334010328058
6451.283135190048 1118.5421936966284 -272.4844248673318 2.4587597500330527
6485.703534893931 1098.6849673618337 -269.9514060418367 -90.02936854690358
6519.871318873394 1081.8634760273158 -268.051445422841 75.90185612221514
6554.897996315884 1054.720485691857 -264.06386840731193 5.3313797088247386
6590.268231143584 1023.4488957560219 -259.2555587255782 73.69182661757611
6627.962530635941 964.2485438176407 -248.79347717073682 4.731393925195788
6666.00038751351 900.9195922788831 -237.51943355530287 33.54896363274283
6701.198843648604 871.7123021432362 -233.20497672196257 -63.02028701544651
6734.32585084346 867.3980390098584 -233.9562174466231 55.23641659809948
6762.370229662998 924.1627640820487 -247.04793504850463 19.2596546754524
6786.110036538428 1032.6564135589547 -270.44833336506525 2.252702622104799
6805.191609455566 1197.1290164409636 -304.8118611511882 25.070692354047765
6821.514618662042 1394.7518455259947 -345.3679910820798 1.9336263304929304
6843.435592321654 1525.102787004893 -372.3201072900657 2.723071085652717
6857.090979478264 1754.7829776928465 -418.2918072796769 19.141706698550387
6880.820681724716 1863.3980565697634 -440.4482713930971 0
6910.077616021467 1905.5912536406252 -449.7145450026655 0
6941.99206773911 1915.8485185085758 -452.83265868181655 0
6975.210016594756 1910.4413907750984 -452.9552593131709 0
7009.458637606034 1892.648464240492 -450.72551277171505 -18.711982730915416
7044.050816002522 1870.7269381055094 -447.7245055049174 -3.1503721209124667
7078.3903786745905 1851.8411469708035 -445.31509711220895 8.347030580487441
7110.830271099026 1855.7840830381783 -447.24121600937355 -23.89082277231297
7140.248879459404 1896.0344097088632 -456.01148030623835 4.900551347777575
4488.104618120441 -483.252643724274 216.8014116656666 -26.61996091255127
4524.596466764563 -528.0028970613379 225.4683787988982 8.443233639415691
4561.088315408684 -572.7531503984017 234.11021193348233 14.12502949820298
4596.9738863142 -610.2176397348014 240.9478022760327 17.04201952657106
4631.828785064084 -635.2963302700721 244.74104836911965 -9.603741692731129
4665.733848690152 -648.9606572043022 245.73644550367126 38.9595910972247
4699.113471609427 -656.3106553379565 245.1859409181759 -5.927993051367187
4733.109476896284 -671.0678468722863 246.42808128245014 44.26239012753953
4766.145542430349 -674.2892454055644 244.86244414219587 5.448826264006148
4799.87882736381 -685.8892725396063 245.32204926986927 -8.446841053298147
6202.8435152869815 962.0458457603523 -219.0838706962147 42.43661915190341
6231.059672799123 1016.7462710323545 -232.07820303897572 -39.17116788515122
6259.447609003871 1069.3823965041681 -244.57332659086137 17.652441593360617
6289.128937717646 1106.4755587745653 -253.788855070711 25.247035511515726
6320.012717279657 1129.118622443645 -259.9833830708092 -7.613161747478726
6351.512879209252 1144.3544927120495 -264.6311812912815 -13.553969248275145
6384.6398864041075 1140.0402295786719 -265.25435913626353 -84.91593659074273
6418.019509323383 1132.6902314450174 -265.2593160526875 -86.11513261769423
6451.581015564239 1123.1545041111635 -264.8233476145085 79.27819577799768
6485.405242158492 1110.4616123770222 -263.7507732547135 3.460762547985499
6519.9064788941905 1089.6329508421388 -261.0309244052662 -13.875599130707382
6554.761377644073 1064.5542603068682 -257.461592161756 62.93368887772325
6590.040670810983 1034.3755349711328 -252.87345672641237 -33.58549878310003
6627.997690656737 972.0180186324637 -241.77018253213936 -101.45481990002568
6665.8637688417 910.7533668938944 -230.91626842304942 -101.25652349289302
6700.637830559771 886.6461115587124 -227.63475940232462 38.877948638737585
6734.623731217652 872.0103494243938 -226.28924197355704 20.007989533293582
6764.911337670033 901.8177476941266 -233.93587635490965 -8.57088547214422
6790.368931471517 989.6683991691507 -253.21838805095678 -14.970379154697214
6818.241531598448 1048.4974240415293 -266.56578734910204 61.55172436684514
6824.995457163919 1361.113894937043 -330.1301935244267 -14.972676310609524
6833.56821594521 1651.8730738305644 -388.45478600395387 -5.30103529461613
6852.902404586766 1813.3099417122967 -420.9962193342848 0
6880.694167681884 1873.1104017847638 -433.7047987411028 0
6912.09328332171 1889.5605660532788 -438.0318795978554 0
6944.624117406936 1892.4106375205542 -439.74226263814455 59.984450772770025
6978.094681987002 1883.9677747868 -439.2952836443147 0
7012.171524305674 1868.2391480523818 -437.467345733635 -16.55415098888013
7046.511086977744 1849.3533569176757 -435.05090112618916 1.0485758083343955
7079.638094172599 1845.039093784298 -435.413908691898 10.378745500315373
7110.612815395401 1866.589292853278 -440.6745542358649 -10.880281659667585
7138.738031246753 1922.38258272538 -452.3638929290582 -11.577886857259088
4487.452663370816 -467.22596970869813 221.47065535080637 4.813450496489788
4524.894347138754 -523.3905866468025 232.92867491004407 -17.575522484869037
4562.154147585112 -577.3694743847076 243.8255217190804 5.498570257959009
4598.393380504813 -619.0839927214947 251.6998237032265 -0.35149342697598185
4631.86394508488 -627.5268554552489 251.43314584125005 51.22821821625982
4667.405958605184 -660.8627451912722 257.2222131623327 -5.962058887642053
4701.391859263066 -675.4985073255909 258.43926018630526 1.1635767865013056
4734.781586811318 -682.9699348592563 257.90490655997496 -28.09077248516628
4768.3430930521745 -692.5056621931101 257.86534166718496 -4.873732152649227
6229.9732190034965 1037.9944092484063 -227.89867846928456 -34.75377570074531
6258.795654254246 1085.4090705197443 -239.29341091129797 -23.482042147045302
6288.396145936207 1123.4736679902298 -248.69780047549818 -23.7952876638945
6319.279925498218 1146.1167316593096 -254.88172174806758 -19.61241521665972
6350.94176149144 1159.409731527537 -259.12079441132545 61.61755306730409
6384.068768686297 1155.095468394159 -259.7377322874525 61.76808245834996
6417.458496234547 1147.6240408604936 -259.7119613627524 65.18979929143042
6451.707117245826 1129.831114325887 -257.5837690635058 0.8425091709979352
6486.046679917895 1110.9453231911812 -255.2458235665252 105.45621123427078
6521.2451360529885 1081.738033055534 -250.8191622568719 14.765343233137967
6556.787149573293 1048.4021433195107 -245.5717491841658 41.028792836829936
6591.803722386808 1021.3805823840629 -241.6294392719004 15.74784785592911
6627.689293292321 983.9160930476633 -235.58492183092002 5.655186113260967
6664.878361335841 930.7872111098355 -226.38366135631549 125.61836084143941
6701.451047011777 885.0655225726832 -218.71243091371446 2.359064195130144
6735.699668023056 867.2725960380767 -216.72795217662392 15.492252597419117
6770.978961189964 837.0938707023411 -212.25058918254345 0.11334157495104308
6796.699275344842 921.7873577770775 -230.96671498583584 4.176151736783475
6809.92016345545 1156.6890126655067 -279.5540372917032 -24.644231323557985
6816.077915911291 1476.4698181616739 -344.23043886285853 -39.949366011362784
6828.177190205476 1724.850136451332 -394.03596586937437 -116.02298471806101
6851.826055420117 1834.4366505283374 -416.46377498703276 0
6882.194498904311 1863.2726135979817 -423.2026125275545 113.14713517210319
6914.462612636142 1869.2798494655449 -425.5325858219727 67.48021656971147
6947.417841138391 1867.0298861323554 -426.2765563168209 -11.596377448866345
6981.1511260718535 1855.4298589983134 -425.2364765800367 0
7015.227968390526 1839.7012322638952 -423.4182101444503 -7.098428881626661
7048.698532970591 1831.2583695301412 -422.99828658562654 19.39092045929965
7080.703926349025 1840.422769797992 -425.92730701378906 -25.86094152228243
7110.04169767759 1881.6445316687655 -434.9102577690396 -13.493076729521057
4486.45715123598 -447.0706960927459 225.13332992381837 -2.8058282414598072
4525.020448820341 -516.713976432079 239.88475197088613 -18.51584567586573
4563.0583056979085 -580.0429279708366 253.06609753093485 -2.0552384445975314
4600.065490419847 -630.986080708465 263.1938281770298 -15.627617507596941
4632.939881890282 -632.2646088415659 261.1752258570004 -20.31423791896675
4669.249847212824 -674.8291329784306 269.21186877213484 -21.490370378308892
4703.680351545681 -694.8077887132364 271.7244364373031 2.0967133241994205
4737.150916125748 -703.2506514469903 271.41850143417065 -45.55920814817043
6227.1689782818175 1079.8855454663399 -228.006195211013 -0.7399764439334819
6255.385135793961 1134.585970738342 -240.87526710542062 18.47222868846109
6286.188078324157 1158.20046960751 -247.26321757141116 -20.665578115279985
6318.193471702591 1167.3648698753611 -250.65239575773384 60.633279199826646
6350.552527095212 1172.2792411428247 -253.15973318612618 -85.96148776179758
6383.679534290067 1167.9649780094473 -253.77134140838163 -86.27843847741573
6417.241040530924 1158.4292506755933 -253.31837707403477 8.61861838942361
6451.570498574017 1139.6648889408984 -250.98851484907996 9.912740812117239
6486.4253973239 1114.5861984056278 -247.38479169419196 2.0195763766683426
6521.7956321516 1083.3146084697926 -242.53699684925854 -86.71413624115989
6557.25680864009 1050.9501539338578 -237.48725851527456 -81.04804310250286
6593.142379545606 1013.4856645974581 -231.4215455449216 -85.37134491204529
6629.1997291437265 973.9568754608703 -224.95937633772678 5.700800600423055
6665.6915777878485 929.2066221238064 -217.4607422251185 3.103665170038509
6702.001543110388 886.6420979869417 -210.430756300806 -83.51041519366342
6767.144048312654 891.3708057214039 -214.62272376222472 45.73492095644448
6788.377907201844 1029.978946401055 -244.1024996500323 3.484119724750429
6799.618288033003 1288.680763691654 -297.17537749371564 -36.259130415357376
6808.271883846108 1578.468507385087 -355.61947335897867 -16.34334932399371
6825.372949483797 1766.7412726692655 -393.55423917850084 0
6852.5483302113325 1833.9489261424078 -407.75918629887303 0
6884.220270833533 1847.120496610624 -411.4852161290483 -52.867830313807666
6917.084557674991 1845.9633978775341 -412.4480112151404 -1.9333810773276796
6950.383343562452 1839.5848349439684 -412.4112663649984 0
6983.944849803308 1830.0491076101146 -411.77592860833704 0
7017.33457735156 1822.577680076449 -411.54183821925 34.826836854016676
7049.9462484686 1824.4563163436358 -413.0933710456474 -31.29144585882918
7080.314691952796 1853.29227941328 -419.7581690345503 -21.809751197378638
4484.865465991514 -419.75108787614056 227.05028401549367 -3.1514621286125535
4524.712051455926 -504.81590201687953 245.5657290128103 -24.75876099226767
4560.516785329626 -541.3089561531907 252.19352131049854 -20.03214188525796
4706.211354923741 -717.0313757011473 285.7217314516876 -17.423144715250917
6317.723400274548 1181.2058146907377 -244.89599446292198 -26.466758589697537
6350.335071391587 1183.0844509579247 -246.7735890434094 0.507982150844367
6383.633857279048 1176.7058880243587 -246.95790846764956 0.5505017333682821
6417.538920905115 1163.0415610901287 -245.65754583113082 -90.09635824547344
6451.9593206089985 1143.184334755334 -243.103273297417 -67.72909466440794
6486.985998051488 1116.0413444198753 -239.0778847863854 -79.07350914316794
6593.521096951611 1017.1265398119049 -223.55902876215552 5.3261307683177455
6629.841166903128 974.4405862750291 -216.45525907607413 1.9741461905072566
6800.29407308832 1682.531496408688 -367.33391286740266 0
6823.6802179495635 1795.2751748859814 -390.47303104436105 0
6853.79604570934 1827.1468729559026 -397.8362322932726 -7.411474544487867
6886.498658487171 1827.9326446229898 -399.181821874841 -16.207012542040662
6919.625665682027 1823.618381489612 -399.5465701234813 -72.50529002575718
6953.015393230278 1816.1469539559466 -399.30933622039913 0
6986.2232374569485 1810.86125562248 -399.49606604884843 -6.828593395827916
7018.663129881383 1814.8041916898553 -401.4482327641373 -125.69329513418658
7049.385235379766 1839.390125759112 -407.3241649983129 -63.262667689857864
7078.197566001539 1886.9262164304612 -417.5221775763197 -13.477929096669532
4482.5765613476515 -384.05285105877135 226.9298597361524 -1.442266618431502
4523.635702289275 -483.6891932008387 248.99485499090719 1.9792908854310793
7129.913869829557 879.8530000857551 -212.89433091196312 0.08581147035248396
-330.0064301969567 786.4161824682614 238.85646869983822 -3.972044570210343
6673.937701549521 1707.7828214840763 -281.1614261091242 2.2576534643269506
6707.155650405168 1702.3756937505989 -281.35211622060547 5.315312310164337
6740.626214985233 1693.9328310168448 -280.9530963654236 4.34500873514693
6773.753222180089 1689.618567883467 -281.3666841480804 6.695590778272398
6807.486507113552 1678.018540749425 -280.36404985670595 3.7716270399241605
6841.048013354408 1668.4828134155716 -279.7718241167201 11.447473929655718
6872.629012315817 1682.7472484838875 -283.80449842758094 14.227670433304562
6562.583507352355 1479.021902809275 -222.01360839837645 7.53124019935351
6585.1915957823885 1601.1156450874207 -247.66188630114792 4.344913470985431
6611.689966368478 1676.4590683613044 -263.86554053331844 16.98585712726131
6642.3110255770935 1702.259296430672 -270.21368844058156 72.11271995123563
6674.922696694134 1704.137932697859 -271.83619237122707 -4.395420015664576
6708.14064554978 1698.7308049643816 -272.0284121967312 -0.520247318672353
6741.358594405427 1693.3236772309042 -272.2247848083388 -13.203020701672857
6774.920100646283 1683.7879498970503 -271.6192573638762 -7.751097856553494
6808.996942964955 1668.0593231626324 -269.8141695547493 -0.06313739466854816
6842.376565884231 1660.709325028978 -269.6509862053833 11.364708141487842
6872.926892690008 1687.3595588984228 -276.0897426015352 -96.32789523692398
6558.303990800068 1538.6417314288246 -225.30889322041978 19.232185330421448
6582.821854106711 1637.7853171048782 -246.32862201890057 39.570730936422606
6611.553347696668 1686.292842976316 -257.19874389234053 16.768830140147596
6643.0434049972855 1701.6501426447314 -261.4845531788785 -26.06040153751986
6675.9986334995365 1699.400179311542 -262.29621729887526 -7.731046287409353
6709.125640694392 1695.085916178164 -262.7046799815247 -12.134422177857383
6742.6063099034345 1686.521624044399 -262.28485638196423 -7.267557904498665
6776.420431868712 1673.9501617102687 -261.08909932835024 -6.826555926831991
6810.669052879988 1656.157235175662 -258.8849248549963 2.321536269002883
6842.674446258422 1665.321635443513 -261.9392003703401 -19.527586521835296
6556.793142587416 1564.9899044453416 -221.95292634738354 5.3467072200789545
6582.947955788297 1644.4619273196017 -239.04352902105245 53.9543259859403
6612.629284502072 1681.555089589999 -247.65414729665048 -1.2285045578486806
6644.543736219714 1691.8123544579496 -250.93801384019437 -6.478115843454452
6677.327186029359 1691.626690924948 -252.1596221466427 -2.790055214568928
6710.545134885006 1686.2195631914708 -252.3570348641986 -3.3222403296713754
6744.1975827866545 1675.5909712575174 -251.53665238487895 -2.484469381532796
6778.446203797931 1657.798044722911 -249.3246223947877 1.1424571802247776
6812.523046116604 1642.0694179884927 -247.52849127726455 13.627371074496068
6556.141187837791 1581.0165784609173 -216.53685112304072 -21.729704754537824
6583.932950932909 1640.8170385333842 -229.71245593845285 -8.69968400408548
6780.38103406636 1642.738792335653 -237.772244175151 -0.10969790274725809
6814.104214370845 1631.2601946016223 -236.81075972175103 -33.49231891686459
4662.779751523737 1896.110236694366 211.56012433997694 5.4752384622730315
4696.937430874223 1879.410174759859 214.07133706271486 5.350529007360375
4729.892659376474 1877.1602114266695 213.3676083340601 9.981286547288867
4561.271499358934 1942.808392511691 213.32228090991057 -2.0217496327215336
4595.954619416215 1919.7940017766086 217.27785248393963 1.220364162091976
4630.718576505307 1895.8081758414378 221.43352334978616 -0.12004937852797415
4665.573475255192 1870.7294853061671 225.81551187011158 3.664183230456505
4699.215818527862 1860.2223227722247 226.9424984380444 6.127373608691514
4731.827489644902 1862.1009590394115 225.31523060567653 7.29140602736697
4763.661104330731 1873.3296591074507 221.62213952680807 6.773439245381476
4795.33304495293 1886.5012295756671 217.51187776775245 0.6176416484621294
4827.247496670573 1896.7584944436178 214.0564793960296 3.4753470431851072
4859.172053017192 1906.8943299115574 210.6381602658794 0.6570752409296428
4461.066744332137 1973.8421557275883 218.49462634883903 9.993371982399223
4495.48714403602 1953.9849293927934 221.7805486374982 2.2988950125180954
4529.988380771718 1933.1562678579105 225.2694535097079 1.6912909618200338
4564.418885104578 1913.1776121231048 228.55331430891002 1.958990852395578
4598.8392848084595 1893.3203857883102 231.795540481482 -0.8770007312085942
4633.340521544158 1872.491724253427 235.23987001030946 -0.6517047276013126
4667.589142555435 1854.6987977188205 237.99334241572484 1.6737968135815735
4701.069811764478 1846.1345055850554 238.68251458714641 6.9538221686529385
4733.509704188912 1850.0774416524305 236.59100735722075 9.173018338049626
4765.252377213949 1862.3990063205692 232.64991603593396 2.4627554447943543
4797.005154867964 1874.5991415886967 228.74822418221495 2.2714587128409183
4828.929711214582 1884.7349770566366 225.31345601605474 0.05264495381002309
4860.935104593016 1893.8993773244874 222.10234390898137 43.87075652275415
4498.543588120872 1925.447013604307 236.79036240072222 -2.3595950458766914
4533.13576651736 1903.5254874693242 240.51543831164358 2.5683046633947066
4567.2934458678465 1886.8254255348174 243.05663313175046 0.1956304652146732
4601.46122984731 1870.0039342002995 245.6124924676565 1.6579430218202493
4635.538072165982 1854.275307465881 247.91204225574876 -0.06430063971016226
4669.523972823864 1839.6395453315624 249.95637792173724 4.451456222865694
4702.570142986906 1836.2967173982734 249.4789142513444 3.0700176178226903
4734.8382567187355 1842.3039532658365 246.92490371322648 -0.7104305177265685
4766.762813065355 1852.4397887337761 243.46339446339397 4.552646531002604
4798.505486090391 1864.761353401915 239.5296873942461 -3.3949118609998283
4830.601821129616 1872.8328890696664 236.5445094445158 7.8490959014067165
4501.771810898328 1894.844798015632 252.26902366864658 -7.983370698273626
4535.9294902488155 1878.1447360811253 254.81423173189987 -1.2007071641559872
4569.925495535674 1863.3875445467957 256.9120118750123 -0.4374454315870406
4603.648675840159 1851.9089468127647 258.2658027920267 -3.1516051898677393
4637.725518158832 1836.1803200783465 260.55917023876844 3.7901778692816857
4671.206187367873 1827.6160279445814 261.2444147350857 3.1778319552353556
4704.070474209333 1826.4589292114915 260.2758292890009 4.850375126478541
4736.166809248558 1834.5304648792428 257.2590915486369 -1.988782208006428
4768.091365595177 1844.6663003471824 253.79363852921983 -5.553610272756888
4800.096758973611 1853.8307006150333 250.55297400974837 -8.428712664489362
4538.72321398027 1852.7639846929262 269.11720112621157 2.7897959246117603
4572.4564989137325 1841.1639575588845 270.4988837834997 1.3796815711037855
4606.018005154589 1831.6282302250308 271.4099465051291 0.7423597690522284
4639.488569734655 1823.1853674912768 272.06961154204566 -1.5215897432760865
4672.797460251093 1816.6853751576998 272.2897148909564 0.6932614518384821
4705.4899683999465 1817.5925762247982 270.85720697614084 -2.2090967707989178
4737.6772450999615 1824.5712472924497 268.0785761635321 -4.388847310799093
4769.682638478395 1833.7356475603008 264.82310424605646 -5.096677345939404
4541.264321987306 1830.4189683050042 282.74267419206524 -24.36368182910102
4574.825828228163 1820.8832409711506 283.6533792820211 2.3327237199364657
4608.124614115623 1814.5046780375849 283.8502039706595 1.3533742258773298
4641.423400003085 1808.1261151040187 284.0420888358123 0.9132022604044066
4674.469570166125 1804.7832871707296 283.5522353380067 -2.5537956209202455
4707.172182943957 1805.5690588378168 282.1413558610967 -2.3374955453531268
4739.430192046809 1811.697724105391 279.54550089947986 -2.073596189498837
4771.526527086034 1819.7692597731425 276.52555601784667 -36.76503795486869
4576.932437189197 1803.7596887837044 296.10235994896874 -3.804166717019826
4610.150386044843 1798.3525610502272 296.07478461390394 -3.300805444160384
4643.358230271514 1793.0668627167609 296.0159223389161 0.22937051335405606
4676.404400434556 1789.7240347834716 295.5196701740833 2.2206462311885082
4709.107013212386 1790.509806450559 294.1019818272323 2.038913682639059
4741.365022315239 1796.6384717181331 291.498787144845 -52.4698905851983
4579.382603535441 1782.507536995882 309.47960786985414 -17.358700792329596
4612.337832037693 1780.2575736626925 308.7361103884907 0.4426594653551795
4645.293060539942 1778.0076103295028 307.99111205135705 -1.8907135818944183
4678.339230702984 1774.6647823962137 307.488461219497 2.599252959750792
4711.041843480815 1775.4505540633008 306.0639640027051 -61.72413867664656
4614.444440998726 1763.1340214752463 321.18175934079164 1.868629712746544
4647.318832469163 1761.855493342145 320.2120863542098 -0.2895686782333905
4680.183119310623 1760.6983946090552 319.21465153007983 -50.21245477323088
4616.470212927947 1746.9819044878886 333.41139850403584 -47.17376953225387
4649.334499769407 1745.8248057547987 332.40747049414404 -37.2796159936027
2257.147389498373 3035.1395883647365 211.14990630106735 -24.23909177665795
2290.7897327710434 3024.632425830794 213.00794546911277 -10.550602283963544
2324.088518658504 3018.2538628972284 213.8466820181032 5.321693256824221
2357.397409174942 3011.7538705636516 214.71016851281036 11.921779965739853
2390.777032094217 3004.4038724299967 215.7761085208199 8.872800414814792
2424.085922610654 2997.90388009642 216.62917991963062 23.76637398146836
2457.2129298055092 2993.589616963042 216.9454286228823 1.9711044247013827
2489.733659261759 2996.561117830329 215.48909143235403 2.721245140805811
2521.8299943009833 3004.6326534980803 212.8000407125469 -7.328830284959895
2323.87106295488 3029.0590727123285 219.8211430067037 -18.82231333019821
2357.3416275349464 3020.616209978574 221.1637898351174 70.90468888041504
2390.9031337758033 3011.0804826447206 222.766579651859 23.38610326634632
2424.636418709265 2999.4804555106784 224.86499302646322 -62.26033017636865
2457.7634259041206 2995.1661923773004 225.18186808950549 -5.5476102135142815
2490.2942599893463 2998.0162638445763 223.75579125318015 -5.474818253791382
2522.208711706989 3008.273528712527 220.53798493654978 3.723423094253537
2553.7088736365836 3023.5093989809316 216.12706471631648 -16.71187075184493
2584.855373551991 3042.995298249723 210.707041287555 5.9251280465226825
2458.233084970917 2997.7142029916477 233.1820572326035 -31.731156835948035
2490.7639190561426 3000.5642744589236 231.7572097818203 -112.36864147834606
2522.678370773786 3010.8215393268742 228.54083801887077 -197.7900019787942
2553.915812349984 3029.214573995566 223.36845462752717 -70.51523178267952
2584.9814752335774 3049.671908464447 217.71778419296544 3.904703312657326
