# x(um) y(um) residual(um) curvature(1/mm)
4824.912935935596 -2471.491421258877 -1009.9538231341218 0
4852.987493708572 -2466.012824576874 -987.9054247350103 0
4878.137082917999 -2457.1199485041607 -953.7319060083606 0
4783.2950991350635 -2444.777116935007 -980.0607140047355 0
4812.562362535895 -2440.690750684168 -962.9148891398644 0
4840.381340531472 -2434.913818909773 -939.7604910290294 0
4866.0420892956945 -2426.617613021844 -907.6496379711529 0
4889.970575124221 -2416.299358174367 -868.3357401111409 0
4740.938920755383 -2417.20095567756 -947.118723744503 42.383646590517586
4749.163449150488 -2388.5516668197624 -842.8300470346403 -28.84254272958445
4769.939784391114 -2374.553945832782 -790.4338585930849 15.301438868651342
4830.955735695319 -2407.5274277257754 -904.7166725010744 0
4854.8842215238465 -2397.2091728782984 -865.3797122297439 0
4881.510493891571 -2390.04001067274 -837.1960383395154 0
4909.329471887148 -2384.263078898345 -813.9376883503131 0
4845.458616687694 -2369.822781694301 -830.224526656755 0
4874.725880088524 -2365.7364154434613 -812.9489476853514 0
4905.441428894607 -2363.340614716178 -801.6699694586581 0
4937.150899057236 -2362.105006014865 -794.5083500045491 0
4805.999009118519 -2345.6277514839653 -809.1335728122937 0
4837.225717479396 -2343.828620941467 -799.9562391601754 0
4868.651210111583 -2342.2615288041616 -791.5972736711725 0
4902.064545456861 -2343.014820718796 -791.4834881866493 0
4935.932244850847 -2344.2984861310165 -793.2560448044932 0
4969.799944244831 -2345.582151543237 -795.0296321474812 0
5004.405985217965 -2347.7276738890355 -799.8718355499076 0
7262.214654727742 -904.5944387071877 1901.3878476551554 0
7278.943380445263 -907.7376719779925 1828.369121560246 0
7142.673801643501 -713.1630498576876 2499.9695863453126 0
7159.260538595802 -716.1405414104967 2427.6430625389426 0
6985.588669860366 -494.29069187921743 3265.1644973572743 0
7042.755795912777 -544.6371664351896 3014.43220054359 0
-7359.764541146947 13.323696385196858 -1106.2841285164866 0
-7292.994665962478 11.88340924312621 -1100.9952825075704 0
-6564.479770374561 68.5259672725086 -1047.1714790187068 0
4938.929823021268 -152.34152181189748 -1057.554263769405 0
4970.866475208249 -151.37109985937693 -1048.3992265152935 0
5003.314286950027 -150.99734809164087 -1041.4601575176869 -32.53254946111663
4908.699485191445 -138.91970327128072 -1074.0822642246185 0
4940.636137378427 -137.94928131876023 -1064.9123328908747 0
4972.572789565409 -136.97885936623967 -1055.7380384873131 27.08220772186393
5004.509441752391 -136.00843741371918 -1046.5593810139335 11.142259368829889
5037.184435518521 -135.89987239477608 -1040.585541725398 -3.3944940556600907
5069.603849507253 -135.49297228344088 -1033.498225266605 3.9250157776362147
5102.023263495987 -135.08607217210567 -1026.4079344670977 12.29127009033254
6035.734647335414 -72.08474955890094 -936.6620027452038 0
5984.404778993778 -34.0337117241274 -859.9289452098946 0
6035.481516732526 -55.40527335742344 -934.6697615085621 0
6070.825899284808 -58.41265263679906 -940.266075382451 0
6037.415013114039 -41.278219613079166 -942.2639479033439 0
6070.57276868192 -41.73317643532145 -938.2272680862611 0
6105.888753481157 -44.70740737109793 -943.6862469305054 0
6038.155803867697 -25.758935437571367 -944.5883037637084 0
6069.35411447553 -23.926656551473375 -931.9105525089117 0
6105.4084408539165 -27.76274442082724 -940.6008840751012 0
6071.543190634441 -10.09793789952131 -940.5615411732077 0
6104.445366424924 -10.254559629371263 -935.3599566727177 0
6048.287880065779 33.43169661725511 -837.1422898908924 0
6103.226712218534 7.551960254476805 -928.9619633450462 0
6138.571094770816 4.544580975101184 -934.4965927738524 0
6067.913176593806 26.907332299338584 -922.5241872143935 0
6102.036455765189 25.325331794725855 -922.6569660451845 0
6137.352440564427 22.35110085894937 -928.0480158276633 0
5998.2207820202975 48.143039941205416 -914.8619824433504 0
6032.088481414284 46.859374528984894 -913.8449864341987 0
6065.984578561312 45.54256077316513 -912.9541461804206 0
6101.300563360551 42.568329837388646 -918.3225067510456 0
6136.389366135433 39.859285650405226 -922.6940885085571 0
6171.7053509346715 36.88505471462886 -928.0717516072104 0
6032.573692390543 62.67699379688491 -914.8981428594032 0
6066.469789537573 61.360180041065135 -913.9889805032213 0
6100.564670955911 59.81132788005142 -913.9573398983147 0
6135.426291706442 57.36747044186109 -917.3087906673991 0
6170.515094481326 54.658426254877796 -921.6660784200164 0
6066.9550005138335 77.17779930896526 -914.996568810404 0
6100.822699907818 75.89413389674462 -913.9449496241257 0
6134.9459790792 74.31213339213178 -914.0218763249925 0
6169.523622299291 72.1997593899329 -916.1055801464313 0
6169.526071473799 88.5809004990183 -914.9011240071576 0
-3.786999116868552 955.7629144305241 -1150.5635790480967 0
546.9671101243738 886.6196761305179 -1302.1893664683155 0
-3.3017881406082745 971.5805336984241 -1153.730209789933 0
33.97364161867642 966.3190670543073 -1166.1274259857728 0
548.1622649267381 901.6085868084394 -1308.1522153186254 0
-2.5609973869505502 987.0998178739319 -1157.949962836181 0
34.20327281753922 982.4350214145995 -1168.1724949197576 0
70.51317897332234 978.3005984528534 -1176.481618484161 0
180.3800232911292 964.8034342288433 -1205.419328882554 0
217.14429349561894 960.1386377695112 -1215.6824064229013 0
549.1302377047491 916.8626842351542 -1313.1254294220203 0
967.0153226624119 888.0667684744565 -1338.6578163017714 0
34.20572199204867 998.8161625236849 -1169.228696243785 0
70.74281017218513 994.4165528131456 -1178.4834386294328 0
107.2798983523216 990.0169431026063 -1187.745960383695 0
144.55532811160631 984.7554764584895 -1200.1418420150442 0
181.09241629174272 980.3558667479504 -1209.4207990560922 0
217.6295044718792 975.9562570374112 -1218.7075354657543 0
253.9394106276623 971.8218340756652 -1227.0395283869154 0
513.5611223026237 936.516391372408 -1308.711652590037 -39.584017757294475
549.871028458407 932.381968410662 -1317.1080856950614 -16.211501167198094
584.4770694315403 930.2364460648638 -1318.2748688226686 0
813.1168325353188 931.0958462282623 -1268.6216645603195 0
850.6194443189568 925.5691928353527 -1282.1295881050055 0
889.8259212852448 918.0536388264949 -1302.9050946160876 0
929.0323982515326 910.5380848176369 -1323.694308107444 0
967.2449538612747 904.1827228347488 -1340.261615206067 0
33.72540936480738 1015.7608254739556 -1168.2136764766774 0
71.0008391240921 1010.4993588298389 -1180.5774899252428 0
107.76510932858184 1005.8345623705065 -1190.7868379737306 0
145.04053908786656 1000.5730957263899 -1203.169068445577 0
181.577627268003 996.1734860158506 -1212.4333537849761 0
218.59747724989026 991.2103544641262 -1223.7508638407235 0
254.9073834056734 987.0759315023801 -1232.0684504943122 -70.09157899458803
290.96170978405905 983.239843633026 -1239.3097794372197 -47.714705319605834
513.8191512545308 952.5991973891013 -1310.6325089630957 -19.848304019517762
550.3562394346671 948.1995876785622 -1319.9786336019783 -1.8635604250762101
585.4450422095512 945.4905434915788 -1323.1792114808309 -33.76281971987117
778.9960025384457 949.0589878419606 -1270.1820475669786 0
814.0848053133299 946.3499436549773 -1273.3905861783098 0
851.104655295217 941.386812103253 -1284.8292708438948 0
890.0555524841075 934.1695931867872 -1304.5048179849578 0
929.034847426042 926.9192259267224 -1324.3145675408152 0
967.2474030357841 920.5638639438343 -1340.8689922537244 0
33.98343831671432 1031.8436314906487 -1170.2937619610148 0
71.23047032295487 1026.615313190131 -1182.5234371242434 0
108.02313828048878 1021.9173683871996 -1192.8383878317495 0
145.042988262376 1016.9542368354751 -1204.124069065526 0
182.06283824426325 1011.9911052837506 -1215.4186624982422 0
219.33826800354797 1006.729638639634 -1227.8053987898818 0
256.10253820803774 1002.0648421803016 -1238.034585960493 -8.855878034178634
291.92968256207007 998.4939410597408 -1244.2980242334634 -5.172822081052233
327.5012471387049 995.221375031572 -1249.4833686809864 -38.072324477679516
514.304362230791 968.4168166570013 -1313.4904825560436 -26.127634956962073
550.8414504109275 964.0172069464624 -1322.8219354932774 2.5474745406403123
586.4130149875623 960.7446409182935 -1328.0576292517023 -11.178265645428882
620.2807143815475 959.4609755060728 -1326.0549689445556 -57.54740417561359
748.2829029068723 963.0443282237627 -1286.2606668470305 0
721.3510130333024 1032.7312664572887 -1025.2273910708682 7.533087679210031
817.2394050757415 959.0516186245587 -1287.44840182611 0
851.5898662714774 957.204431371153 -1287.5017075671662 0
890.5407634603677 949.9872124546872 -1307.1659193943667 0
929.2644786249048 943.0351802870147 -1325.874771078062 0
967.505431987691 936.6466699605273 -1342.5376592098849 0
33.985887491223814 1048.224772599734 -1171.2638609610244 -46.096437566061866
71.48849927486182 1042.6981192068242 -1184.5616947668357 0
108.25276947935158 1038.0333227474919 -1194.7417606278937 0
145.5281992386363 1032.771856103375 -1207.0961361872662 0
182.803628997921 1027.5103894592582 -1219.4600128077627 -46.09643756605839
220.30624078155904 1021.9837360663488 -1232.7965696957888 -32.75877680534325
257.0705109860488 1017.3189396070164 -1243.0119659877873 -18.409961158749038
293.38041714183197 1013.1845166452702 -1251.30824976729 8.318815414405984
328.6964019410693 1010.2102857094937 -1255.3942866264392 -4.868811481379624
364.750728319455 1006.3741978401398 -1262.6190395617507 -40.174164210463715
477.28696142341323 989.7610893178111 -1302.9107739352044 -50.77064682174821
514.7895732070513 984.2344359249013 -1316.3212101333736 2.001424085104326
551.3266613871876 979.8348262143624 -1325.6379913689584 -5.27717985741044
587.6081697899266 975.7335515962152 -1333.875973143294 2.1049946749845527
621.9870287387066 973.8532159992102 -1334.0297428459364 -17.257911176632525
655.1163865535434 973.431407520567 -1328.8704042796728 -60.89096646932823
687.0530387405254 974.4018294730874 -1318.63446937067 0
718.2797471014031 976.2009600155864 -1305.3719018015734 0
750.4435813127383 976.9061952193138 -1296.0936691031218 0
775.6215682752091 985.7659229484282 -1257.050941641515 0
820.6211868625065 971.488106845347 -1302.4539769203461 0
853.0406008512392 971.8950069566824 -1294.2624499733565 0
891.025974436628 965.8048317225872 -1309.7997747881577 0
930.0052693785625 958.5544644625224 -1329.5869322195329 0
967.7350631865538 952.7626243208197 -1344.0573115018456 0
34.21551869008658 1064.3407269600264 -1173.1675615646902 -23.36251866421329
71.49094844937129 1059.0792603159098 -1185.4893163478096 -6.123680162116875
108.73798045561185 1053.850942015392 -1197.700232893518 0
146.01341021489654 1048.5894753712753 -1210.040957293388 0
183.0332601967838 1043.6263438195508 -1221.3075418779208 -16.05889615766795
220.3086899560685 1038.3648771754342 -1233.6669758505554 -10.00052773641228
258.03848376405983 1032.5730370337315 -1247.9634211277903 11.608140842304413
294.34838991984293 1028.438614071985 -1256.2452986397209 1.5891158789805242
330.14713652083117 1024.9008612950233 -1262.3647362072359 2.193809612298626
366.20146289921684 1021.0647734256694 -1269.5753232740294 6.301008148342397
403.22131288110404 1016.1016418739449 -1280.8931422451246 -19.300459747497737
440.26956061603545 1011.1053619786212 -1292.3405117675045 -33.67742669514534
477.7721723996735 1005.5787085857113 -1305.7275926434504 -2.7488737313354884e-13
515.2747841833116 1000.0520551928015 -1319.1246916950859 -4.5381459175090795
552.2946341651987 995.0889236410773 -1330.4793117891097 3.4059003011498943
589.0873021227326 990.3909788381458 -1340.876695043152 15.714223435936116
623.6649453428217 988.2786048359467 -1341.859754755919 15.005417662771455
656.5671211333052 988.1219831060966 -1335.7159227397358 -9.860855035719704
689.0149328750822 988.4957348738328 -1327.6363114257092 0
720.440425507269 990.0628270111376 -1315.2004332351876 0
752.3770776942508 991.0332489636581 -1304.9361438781866 0
786.2731748412801 989.7164352078385 -1303.0170953237084 0
819.1753506317636 989.5598134779884 -1296.8625437443714 0
854.7469152083985 986.2872474498198 -1302.0883025688195 0
892.4767090163898 980.4954073081169 -1316.5242824092174 0
930.717662379176 974.1068969816297 -1333.1514053443084 0
968.4758539402116 968.2819084963276 -1347.7301921194125 0
71.72057964823408 1075.1952146762019 -1187.3511169344756 4.097387903322549
108.74042963012133 1070.2320831244774 -1198.585016682568 -8.706691847993703
146.01585938940602 1064.9706164803606 -1210.911537329466 -13.116791237783769
183.03570937129325 1060.0074849286361 -1222.1635577881389 -17.938737450520495
220.53832115493128 1054.4808315357266 -1235.4726049037135 -6.482891309205445
258.2965127159668 1048.6558430504244 -1249.876249853131 -1.2578690773934809
295.316362697854 1043.6927114987 -1261.1564226248604 8.437254006877367
331.3706890762397 1039.856623629346 -1268.345948112378 7.710438107738391
366.94225365287457 1036.5840576011772 -1273.4917068475074 -2.5904480306842417
403.70652385736435 1031.919261141845 -1283.710017256758 -0.6215092389615104
440.75477159229575 1026.9229812465212 -1295.143421606667 -3.637962937353932
478.2573833759337 1021.3963278536113 -1308.5171653360787 -6.098337009409731
516.2427569613226 1015.3061526195163 -1323.9535319502686 7.735094978024409
553.0354249188565 1010.608207816585 -1334.3285139776365 3.313752816136934
589.7996951233463 1005.9434113572527 -1344.5910707799837 15.037219375723895
624.6329181208329 1003.5327022626615 -1346.644645433996 7.694179265108215
658.2734354904645 1002.5142235992339 -1343.6247563096147 1.355567102354504
690.6928494791973 1002.9211237105691 -1335.4056353398737 0
722.8850814435766 1003.5932105706975 -1326.2158301498503 0
754.566153853161 1004.8619676156101 -1314.8443075526814 0
787.723909421042 1004.4070107933679 -1309.7620693057077 0
820.8532672358788 1003.9852023147247 -1304.5578446286863 0
856.4248318125136 1000.7126362865563 -1309.7690795051674 0
893.9558413491958 995.1528345500473 -1323.345310930898 0
932.1683969589379 988.7974725671592 -1339.8400172282277 0
969.4438267182226 983.5360059230424 -1352.3462507161435 0
1006.2364946757566 978.8380611201109 -1362.8007715063202 0
71.72302882274356 1091.5763557852872 -1188.2218708518653 15.718083347224736
108.74287880463079 1086.6132242335625 -1199.4412064740975 5.570180259103692
145.762728786518 1081.6500926818383 -1210.6694542952691 -3.9236319735860663
183.26534057015607 1076.1234392889282 -1223.9548568842192 1.4343940641921922
221.27911190858902 1070.0001157112342 -1239.419568848757 3.818793316700901
258.78172369222705 1064.4734623183244 -1252.7255861978886 0.9281173491932623
295.80157367411425 1059.5103307666 -1263.9917545455262 1.6809071765517065
332.08308207685326 1055.409056148453 -1272.1308621299206 4.939955767075105
367.65464665348816 1052.1364901202842 -1277.2608969528196 -8.660730994828858
404.1917348336246 1047.736880409745 -1286.4996462527733 -10.399699666278135
441.4671645929093 1042.4754137656282 -1298.884818602369 -1.2773797468544557
479.2253561539448 1036.650425280326 -1313.3322177247546 5.801790736534925
516.7279679375828 1031.1237718874163 -1326.7031887583023 -1.3398691244560328
553.5206358951167 1026.425827084485 -1337.0638523486098 1.1812433090466743
589.8021442978556 1022.324552466338 -1345.2576466453052 -1.0938848836404278
625.3737088744906 1019.0519864381693 -1350.4365484703092 11.594915101711312
659.7241700702265 1017.2047991847634 -1350.4213525925886 -1.067164891902807
692.3991638363565 1017.3133642037064 -1343.2718887962085 -39.25509669636524
724.080236245941 1018.582121248619 -1331.885133071417 0
756.2724682103203 1019.2542081087474 -1322.672046710116 0
789.9129855799522 1018.2357294453197 -1319.6305417877613 0
822.8151613704355 1018.0791077154697 -1313.4403264543105 0
858.131146169673 1015.1048767796934 -1317.546982287214 0
895.633757953311 1009.5782233867836 -1330.9901068076128 0
933.1363697369488 1004.0515699938738 -1344.4432495037008 0
970.4117994962337 998.790103349757 -1356.9363844255831 0
1006.9488876763701 994.3904936392179 -1366.2855703933933 0
70.75995439375146 1109.084540576743 -1184.9695021556158 -33.089398529051245
108.26256617738949 1103.5578871838331 -1198.2209849716726 2.259494258898571
145.76517796102752 1098.0312337909234 -1211.4824859634184 5.079557769005684
183.26778974466552 1092.5045803980136 -1224.754005130853 -1.6776537837450967
221.76432288484926 1085.8177349791342 -1242.254996324431 6.916287515477906
259.2669346684873 1080.2910815862244 -1255.5476765270282 0.9464445309190437
296.28678465037456 1075.3279500345 -1266.7998404505743 -4.25185469015336
332.5682930531135 1071.226675416353 -1274.9239230687303 -11.788155457930497
368.87819920889666 1067.0922524546065 -1283.1758627589263 2.3173914755064273
405.41528738903315 1062.6926427440674 -1292.400816906788 2.2633375633532737
442.207955346567 1057.9946979411359 -1302.7203499523805 -6.615036008890652
479.71056713020505 1052.468044548226 -1316.0679656637046 -3.1733983194180886
517.4403609381965 1046.676204406523 -1330.392154558513 7.779612227007749
554.005846871377 1042.243446352385 -1339.7719447039658 1.3145434167367398
590.0317754967185 1038.4405068266303 -1346.862729254502 -2.2687666415296595
625.6033400733534 1035.1679407984614 -1352.0253071851432 1.7435946379072405
660.4649608238841 1032.7240833602712 -1354.1693539201929 16.991603107972466
692.8843748126168 1033.1309834716064 -1345.9112459299877 -5.55780327955958
724.8210269995988 1034.1014054241268 -1335.5924759575967 0
757.7232027900823 1033.9447836942768 -1329.3861069274349 0
791.5909021840672 1032.6611182820561 -1327.2961841857239 0
824.4930779745507 1032.504496552206 -1321.0879386739307 0
859.8374605268323 1029.4971172728308 -1325.3009287894838 0
896.6017307313219 1024.8323208134984 -1335.5802050673483 0
934.1043425149601 1019.3056674205885 -1349.0205568918825 0
970.897010472494 1014.607722617657 -1359.4386243807987 0
1007.6896784300279 1009.9097778147255 -1369.865074317113 0
69.79687996475936 1126.5927253681991 -1181.6857629373144 -19.8762008537596
107.52667377275068 1120.8008852264963 -1195.8862831506021 -0.9351506901708135
145.28486533378617 1114.9758967411942 -1210.2178659314986 -3.5672293294127506
183.270238919175 1108.885721507099 -1225.5245593799664 -1.113295333407281
221.76677205935874 1102.1988760882198 -1243.0130686021512 -1.7110477816548835
259.75214564474754 1096.1087008541247 -1258.3425208405497 -1.7524406752954307
297.25475742838563 1090.5820474612149 -1271.6318820723013 1.7035816264025914
334.0474253859195 1085.8841026582834 -1281.9139803525036 5.31879450358234
369.8461719869077 1082.3463498813217 -1287.9790533836992 -7.37718519571194
406.3832601670441 1077.9467401707825 -1297.189908958468 -4.037091200544222
443.4031101489314 1072.9836086190578 -1308.4620381483746 -0.49982132719728134
480.4229601308186 1068.020477067333 -1319.7430795372209 -3.6703021883496345
517.6983898901034 1062.7590104232165 -1332.120764327515 -4.5800165297134425
554.4910578476372 1058.0610656202853 -1342.4527910437034 5.162739477453063
590.5169864729787 1054.2581260945303 -1349.5281973634126 1.896530332844909
625.8613690252604 1051.2507468151548 -1353.7070719383935 2.0941876731174514
660.694592022747 1048.8400377205637 -1355.7128406887437 12.550151774849317
693.1140060114797 1049.246937831899 -1347.4340054612287 -11.01750012540086
725.306237975859 1049.919024692027 -1338.183556611504 -34.86245672710703
758.2084137663425 1049.762402962177 -1331.9574916722029 0
793.041636763829 1047.351693867586 -1333.9685471780672 0
825.9438125543126 1047.195072137736 -1327.7419542058753 0
861.288195106594 1044.1876928583604 -1331.9398366529376 0
897.569703509333 1040.0864182402133 -1340.1443784397923 0
934.5895534912204 1035.1232866884889 -1351.50986926854 0
971.8649832505051 1029.861820044372 -1363.9762544648866 0
1008.4020714306415 1025.462210333833 -1373.2966701579555 0
68.83380553576725 1144.1009101596549 -1178.3706531969613 -20.52451318571907
106.81917912115607 1138.01073492556 -1193.6414164823393 -5.669508848622582
145.06013248394234 1131.6222245990725 -1210.0084414746002 -2.577171430474325
183.27268809368448 1125.2668626161844 -1226.2665196315595 -8.705528805472287
221.99640325822156 1118.314830448512 -1244.7076261486243 -5.013067864303461
260.46453864536113 1111.6611333732317 -1262.0754428383289 0.9011248350425579
298.22273020639665 1105.8361448879295 -1276.4379988067376 1.5155008814154274
335.24258018828385 1100.873013336205 -1287.6721854845773 -0.4218938990353466
371.2969065666695 1097.036925466851 -1294.8093209613603 -0.713638968570232
407.6068127224527 1092.902502505105 -1303.0402645435524 -4.018560470986927
444.6266627043399 1087.9393709533804 -1314.2992453238373 0.5664982883948173
481.39093290882965 1083.274574494048 -1324.4793572569638 -0.6966385415039503
518.410782890717 1078.3114429423233 -1335.755866122426 1.1628695308930859
554.7206890465001 1074.1770199805776 -1344.0180072429418 -9.402927638141868
591.002197449239 1070.0757453624303 -1352.1664194567047 3.1880295842244175
626.0910002241231 1067.3667011754471 -1355.2399577069566 -5.946220653208345
660.6970411972565 1065.221178829649 -1356.2600617108246 3.2693301352834334
693.3720349633866 1065.3297438485918 -1349.0498876052638 6.135113565632557
725.5358691747218 1066.0349790523194 -1339.6573152393714 -12.182017625114788
758.6936247426028 1065.580022230077 -1334.5016304013532 0
794.0096095418401 1062.6057912943004 -1338.5559760464832 0
826.6846033079702 1062.7143563132436 -1331.340484867924 0
862.2561678846051 1059.441790285075 -1336.4925298674732 0
898.5376762873442 1055.3405156669282 -1344.6826269249452 0
935.5859240222755 1050.3442357716044 -1356.1560101074579 0
972.6057740041628 1045.38110421988 -1367.5170013364555 0
1008.8872824069017 1041.279829601733 -1375.7304136578434 0
67.842333353731 1161.6422432947102 -1174.9036199461143 -39.907104119751025
106.56604851826806 1154.6902111270374 -1193.2952610183845 -2.948503696590444
145.03418390540767 1148.036514051757 -1210.6140764356792 -8.777680558310687
184.01347884734218 1140.786146791692 -1230.1166305054749 7.798478732032319
222.73719401187927 1133.8341146240198 -1248.5463589202946 5.630902307784693
261.20532939901886 1127.1804175487393 -1265.9024480063822 1.095919547877828
299.19070298440766 1121.0902423146445 -1281.2181906538826 1.1165036487211382
336.6933147680457 1115.5635889217347 -1294.4919883182167 8.505254083998205
372.7476411464314 1111.7275010523806 -1301.614957926482 -2.8857636828159583
409.0575473022145 1107.5930780906344 -1309.8320746881466 1.4517818536856255
445.82181750670424 1102.928281631302 -1319.99034666649 2.9774601274728862
482.3589056868407 1098.5286719207627 -1329.1897100894157 -0.6202532684920482
519.1515736443746 1093.8307271178314 -1339.4852835043437 -5.057737959214142
555.6886618245111 1089.431117407292 -1348.7005090854987 -3.9930798407670056
591.4874084254992 1085.8933646303303 -1354.7773955343791 -13.985960883492988
626.8317909777809 1082.8859853509548 -1358.923629569897 3.8165324445116555
660.9550701491634 1081.303984846342 -1357.8683970174695 10.648356869977425
693.374484137896 1081.7108849576773 -1349.5478241648584 -3.6365623893832004
725.7938981266287 1082.1177850690124 -1341.2242769715333 -9.174480611422242
759.178835718863 1081.397641497977 -1337.0185231148853 0
795.2331620972486 1077.561553628623 -1344.2085767742326 0
829.8392030703819 1075.4160312828249 -1345.2205591299598 0
862.9685608852187 1074.994222804182 -1339.9275197598804 0
899.0228872636045 1071.1581349348282 -1347.1321189720156 0
936.298317022889 1065.8966682907112 -1359.5625459311866 0
972.6082231786721 1061.7622453289653 -1367.874560195658 0
1009.1453113588087 1057.3626356184259 -1377.1653627778726 0
106.56849769277754 1171.0713522361227 -1194.0053976320435 1.8976051131533382
145.7749746590654 1163.5557982272649 -1214.4486726608104 8.943708548795728
184.01592802185166 1157.1672879007776 -1230.8024438392606 -3.2264544477914163
222.9668252107421 1149.950068984312 -1250.1857179063536 2.1806039499475216
261.91772239963245 1142.7328500678466 -1269.5821669579307 5.719408842908145
300.15867576241874 1136.3443397413591 -1285.9724576137367 3.7645967720581726
337.6612875460567 1130.8176863484493 -1299.2334644065172 -3.186271970054071
374.4539555035907 1126.1197415455176 -1309.4835202664399 13.389529901797161
410.2527021045789 1122.581988768556 -1315.5113877035246 1.0157173598725024
446.7897902847153 1118.1823790580167 -1324.6888731847434 4.836054153817739e-13
483.32687846485175 1113.7827693474776 -1333.8741380345766 -3.8123520805669906
520.3751261997832 1108.7864894521538 -1345.244732049162 -6.011710468483097
557.1393964042729 1104.1216929928216 -1355.4142272633903 -3.3251523770065794
593.1937227826586 1100.2856051234678 -1362.565992417441 6.655272234488379
627.5441839783944 1098.4384178700618 -1362.459678500023 -0.6442161857720888
660.9575193236728 1097.6851259554273 -1358.3587904173978 -8.360133543661098
693.6041153367588 1097.8268393179696 -1350.9864370837645 0.40405144324593245
726.0235293254915 1098.2337394293047 -1342.6421626531298 -17.782746298297926
759.8912287194765 1096.950074017084 -1340.4780684152563 0
796.6838966770105 1092.2521292141525 -1350.8061061289834 0
831.0343578727462 1090.4049419607468 -1350.710233695435 0
863.7093516388765 1090.51350697969 -1343.457236469965 0
899.7636780172621 1086.677419110336 -1350.6468072321939 0
936.7835279991493 1081.7142875586112 -1361.9711408031364 0
972.837854377535 1077.8781996892574 -1369.1751240454812 0
1008.8921807559207 1074.0421118199033 -1376.38572697254 0
1044.4637453325556 1070.7695457917348 -1381.537125069674 0
106.3437648429337 1187.7176800940015 -1193.7216329166713 5.72753017503358
145.77742383357486 1179.9369393363504 -1215.1187343413576 5.682318742796221
184.24555922071448 1173.2832422610697 -1232.4254497106717 -0.746978575100157
222.96927438525154 1166.3312100933977 -1250.831095934139 -5.452245611580174
262.1757513515394 1158.8156560845396 -1271.3027490792142 -1.713060513221757
300.8994665160765 1151.8636239168673 -1289.7342991774874 3.6698855775581416
339.1120221258186 1145.508261933979 -1306.0033655910954 15.070591790749562
375.1663485042043 1141.6721740646249 -1313.0974169069805 -3.4993946489897088
411.2206748825899 1137.836086195271 -1320.1980879075795 -4.1230349784446245
447.7577630627264 1133.4364764847319 -1329.3614748157058 -3.454602035080458
484.55043102026025 1128.7385316818004 -1339.6214606074134 -3.555357012851572
522.3086225812958 1122.9135431964983 -1354.0042450928104 9.048364938822733
559.0728927857855 1118.2487467371661 -1364.161083048562 4.800488740533657
594.6444573624204 1114.9761807089974 -1369.240914114275 1.6106994926714673
628.5121567564055 1113.6925152967767 -1367.0591718624444 -4.736385785742191
661.6699123242864 1113.2375584745344 -1361.849539596367 -3.971118431213519
693.8621442886657 1113.9096453346626 -1352.5182919499498 -20.437799189439684
726.7643200791492 1113.7530236048126 -1346.2143816149076 -5.86636646792523
760.6320194731342 1112.469358192592 -1344.0322687487242 0
797.9074492324189 1107.2078915484753 -1356.4085385302724 0
832.0023306507574 1105.6590393874615 -1355.2038277765762 0
864.42174463949 1106.065939498797 -1346.8390233161417 0
900.4760710178757 1102.229851629443 -1354.0135311252086 0
937.7515007771605 1096.9683849853263 -1366.417208358844 0
973.8058271555461 1093.1322971159723 -1373.6064391773264 0
1009.1218119547834 1090.1580661801959 -1377.6426850058435 0
1044.466194507065 1087.1506869008201 -1381.8052844918461 0
105.60787243829492 1204.960678136664 -1191.235950764102 -19.98248668043443
145.29711120633357 1196.881602286621 -1213.7077408001112 -6.39405559249869
184.50358817262142 1189.366048277763 -1234.141262051651 -2.177396254665485
223.4544853615118 1182.1488293612977 -1253.5013594964012 -0.33304388155089265
262.66096232779967 1174.6332753524396 -1273.9620305922033 0.6351069069379288
301.3846774923367 1167.6812431847673 -1292.381931363646 -1.664979982900145
339.59723310207886 1161.325881201879 -1308.638641921245 0.19125868988995634
376.16271903525944 1156.8931231477404 -1317.893861311217 -1.4743683699235648
412.4442274379984 1152.7918485295936 -1325.9474220535988 2.413563306223632
448.9813156181349 1148.3922388190542 -1335.097013809633 -0.7380229862941146
486.00116560002215 1143.4291072673298 -1346.311687601334 -0.881339520857836
523.5037773836601 1137.90245387442 -1359.5931225340073 -4.301997023536396
560.7792071429448 1132.6409872303032 -1371.9159207421983 6.1518221344868165
596.3507717195797 1129.3684212021346 -1376.981263153011 8.45691346185308
629.9912890892115 1128.3499425387072 -1373.8135521512697 -2.8361664701588785
662.8934648796949 1128.193320808857 -1367.4951935105707 -1.4720771092841152
695.3128788684276 1128.6002209201922 -1359.114218749028 4.330744292654342
727.4767130797628 1129.3054561239196 -1349.6387805779925 -36.08778737895777
761.5999922511453 1127.7234556193068 -1348.5304427973576 2.5028587055213363
799.3581838121808 1121.8984671340047 -1362.9565052839525 0
833.9642247853142 1119.7529447882066 -1363.919931236781 0
865.900876972296 1120.7233667407274 -1353.4726612352467 0
902.182385375035 1116.6220921225802 -1361.6047063225521 0
938.7194735551714 1112.222482412041 -1370.8373510272602 0
974.773799933557 1108.3863945426872 -1378.011829421881 0
1009.8626027084413 1105.6773503557035 -1381.0598227527607 0
1045.1785875076785 1102.7031194199271 -1385.0848245695634 0
105.8375036371577 1221.0766324969563 -1192.8249016345042 -31.709634952326297
145.52674240519633 1212.9975566469132 -1215.2861198908101 -0.03635332632773236
184.98879914888167 1205.183667545663 -1236.7956149121576 -1.5874373679654998
223.93969633777206 1197.9664486291977 -1256.1443770430456 -2.8789749739773853
263.1461733040599 1190.4508946203396 -1276.5940660895744 -4.264890016714734
302.0970704929503 1183.233675703874 -1295.969446068935 3.3735031055192413
340.3380238557366 1176.8451653773866 -1312.3349703793212 -0.26066841251856604
377.3578738376238 1171.8820338256623 -1323.5111419571865 4.738415476184087
413.4122002160095 1168.0459459563083 -1330.582618639361 -1.5678277912359833
450.2048681735434 1163.3480011533766 -1340.8073164656316 -0.33244699875339434
487.45190017978393 1158.1196828528591 -1352.9772839827149 -0.5419210940555217
525.2100917408194 1152.294694367557 -1367.3362573709476 3.6059938939572675
562.2299417227067 1147.3315628158327 -1378.5567265544428 0.5706832026925246
597.8015062993416 1144.058996787664 -1383.6072626727557 1.2507628450979913
631.9247854707241 1142.4769962830512 -1382.4824658866992 8.04760958308213
664.3441994594567 1142.8838963943865 -1374.0854775814896 0.8415390045487858
696.508033670792 1143.589131598114 -1364.5940508694105 -7.408783063756481
728.9274476595247 1143.9960317094492 -1356.19074983216 17.706408994707843
763.7890684100555 1141.5521742712588 -1358.220823559639 0
802.257203797195 1134.8984771959783 -1375.6703559495502 0
836.3804829685776 1133.3164766913656 -1374.5554570186323 0
870.2481823625625 1132.032811279145 -1372.3491576173058 0
903.6331199547967 1131.3126677081095 -1368.0784625223403 0
940.4257879123307 1126.6147229051783 -1378.3913479212913 0
975.9973524889655 1123.3421568770095 -1383.4853785555226 0
1011.0861552638498 1120.633112690026 -1386.5176365069 0
1046.1465602856897 1117.9572168466418 -1389.432477370504 0
1081.0081810362203 1115.5133594084516 -1391.4997536641383 0
145.7847713571033 1229.0803626636064 -1216.957355397877 0.10413666630504102
185.70119214949526 1220.7361000647702 -1240.3894503310964 7.750080375024395
224.6804870914298 1213.4857328047055 -1259.847985890314 -0.21955668844586207
264.11414608207093 1205.7049920470547 -1281.2541551179695 1.3188088576357306
302.58228146921056 1199.0512949717743 -1298.5629002368255 -7.662923295438358
341.30599663374767 1192.0992628041017 -1316.9724392239775 7.970108992727266
378.3258466156349 1187.136131252377 -1328.1351660795196 2.247623346610947
414.38017299402054 1183.3000433830232 -1335.1918903378325 -7.355550536850095
451.4000229759078 1178.3369118312987 -1346.3713221877167 -1.1902412458221256
488.9026347595458 1172.810258438389 -1359.6182497515558 -0.5502407960647748
526.6608263205812 1166.9852699530868 -1373.9653175912065 -3.209091956740118
563.936256079866 1161.7238033089702 -1386.2633164037532 9.666388394557947
599.5078206565009 1158.4512372808015 -1391.2993638671658 4.503507611288357
633.6027020748392 1156.9023851197878 -1390.0369485261435 11.99531498804766
665.7949340392186 1157.574471979916 -1380.6511310398691 -3.8543156164722685
698.2143480279512 1157.9813720912512 -1372.232180509565 -0.9486398403001464
730.1510002149331 1158.9517940437718 -1361.7472700569797 -36.45325877953556
763.3087557828142 1158.4968372215296 -1356.4778838789694 -64.90702728783538
803.9635181543543 1149.2907176891158 -1383.2637529936387 0
839.0523209292385 1146.5816735021324 -1386.2619551661612 0
872.1816787440752 1146.1598650234894 -1380.8813962861532 0
905.0838545345587 1146.0032432936393 -1374.5275881095886 0
941.8765224920926 1141.305298490708 -1384.8272871119939 0
977.6752690930808 1137.7675457137464 -1390.8793285828094 0
1012.5368898436116 1135.323688275556 -1392.9233226886217 0
1047.1429308167449 1133.1781659297578 -1393.8758805899229 0
1081.9761538142316 1130.7674568351665 -1395.805113757907 0
146.0144025559661 1245.1963170238987 -1218.4798615423056 2.98641466784622
185.7036413240047 1237.1172411738555 -1240.9346561217724 -2.2785996448495975
225.39288009204338 1229.0381653238126 -1263.4041420273618 6.462538907881811
265.082118860082 1220.9590894737694 -1285.8883192590736 8.404739342896008
303.80583402461906 1214.0070573060968 -1304.2742966762366 6.122399892267485
341.7912076100079 1207.9168820720017 -1319.5269980494197 -6.949480820397207
379.29381939364595 1202.390228679092 -1332.7332653145618 2.0549327401276063
415.8309075737824 1197.9906189685528 -1341.8333551112605 -0.3996309254693334
452.6235755313163 1193.2926741656213 -1352.0311141241823 -4.0235016219746305
490.3817670923518 1187.4676856803192 -1366.3557153096629 2.318759397597426
528.5943227020939 1181.1123236974308 -1382.6294968778168 4.284632577738481
601.1857372606161 1172.876626117538 -1398.8462792374175 8.362084203091689
634.8262546302477 1171.8581474541102 -1395.6271179596788 -2.9093923811756954
667.501248396378 1171.9667124730533 -1388.2839282340146 0.4722979529041991
700.1478444094638 1172.1084258355954 -1380.8171403986269 4.76927832433021
732.0844965964458 1173.078847788116 -1370.313302715625 -0.5687547106710911
764.9866723869293 1172.922226058266 -1363.9337158494309 -10.097552253211203
804.1931493532171 1165.4066720494081 -1384.5174209859906 0
840.7302375333535 1161.0070623388685 -1393.6947818930382 0
873.632413323837 1160.8504406090187 -1387.3242387212606 0
906.0518273125696 1161.2573407203543 -1378.8853623907632 0
943.5828368492517 1155.697538983845 -1392.3330361616995 0
979.3815834502401 1152.1597862068834 -1398.3708870085238 0
1013.9876244233734 1150.0142638610853 -1399.3043782578034 0
1048.3380856191093 1148.1670766076793 -1399.1454305461855 0
1083.1713086165958 1145.756367513088 -1401.0585494405816 0
1118.2601113914798 1143.0473233261048 -1404.071310326837 0
146.01685173047557 1261.577458132984 -1219.0072735667075 -25.563997839615897
185.96167027591167 1253.2000471905487 -1242.5395547523613 5.192287106350759
225.39532926655284 1245.4193064328979 -1263.9099535892708 -0.4724279568256141
265.3117500589448 1237.0750438340617 -1287.3511537563807 2.786703278482526
304.5182270252327 1229.5594898252039 -1307.782337291714 0.8047818434575496
343.0147601654164 1222.8726444063243 -1325.20130322622 7.549495870292071
380.26179217165696 1217.6443261058066 -1337.305439662313 -2.004849517717238
417.28164215354417 1212.6811945540821 -1348.450189272149 8.469232655448417
454.07431011107815 1207.9832497511507 -1358.634761888525 1.1325594558004786
491.5769218947162 1202.4565963582409 -1371.85694318864 -3.453723188308983
636.532568987407 1186.2503879472476 -1403.254247423043 -0.3007444329386668
669.1791650004931 1186.3921013097895 -1395.7714238194349 -0.4722979529042627
701.8541587666233 1186.5006663287327 -1388.4076555101376 5.554417954029606
733.7908109536052 1187.471088281253 -1377.8845606776858 -3.452805780546079
766.920168768442 1187.04927980261 -1372.4587120806834 -3.3904135171261354
803.9684165033733 1182.0529999072864 -1383.799157981211 0
842.1809721131153 1175.6976379243981 -1400.1313411760048 0
875.0831479035988 1175.5410161945483 -1393.7424505438282 0
907.5309596453757 1175.9147679622845 -1385.406196178127 0
944.2952298498656 1171.2499715029521 -1395.557346518007 0
980.3495562282511 1167.413883633598 -1402.6748854125121 0
1015.1827792257377 1165.0031745390067 -1404.565377548197 0
1049.5616381745178 1163.1228389420019 -1404.5114194702885 0
1084.3948611720043 1160.7121298474106 -1406.4084605921096 0
1119.4836639468883 1158.0030856604271 -1409.4054860988624 0
185.70853967302367 1269.8795233920262 -1241.939285710563 -5.165881754096878
225.39777844106231 1261.8004475419832 -1264.3871711536597 1.9074560297213294
265.31419923345425 1253.456184943147 -1287.8178914209795 0.060632313553167776
305.2590177788904 1245.0787740007115 -1311.3848028570656 11.388641823522118
343.72715316603 1238.425076925431 -1328.6710036007375 3.707572717810656
381.48534472706547 1232.6000884401292 -1342.9416644409605 10.866111254170795
418.02243290720196 1228.2004787295898 -1352.0138605124744 -3.987094269369344
455.29786266648665 1222.9390120854732 -1364.2443854985306 2.1135234834231427
493.02765647447796 1217.1471719437702 -1378.4237157438702 -0.5586233864378837
531.2686098372643 1210.7586616172828 -1394.79585005762 -2.92828850288588
638.4660653689197 1200.3774416915917 -1411.8281593411248 1.2729444651849626
670.8854793576523 1200.784341802927 -1403.3562712001642 -2.580305225893682
703.3048933463851 1201.191241914262 -1394.8814087184892 -4.8068814375551465
735.4687275577203 1201.8964771179894 -1385.3103984588865 -3.566107584534531
768.6264831256012 1201.4415202957473 -1379.988321275792 -26.581547581280926
801.7842386934822 1200.986563473505 -1374.6653417489215 -68.58515968927183
841.9562392632715 1192.3439657822767 -1399.3707103729869 0
876.3067004590073 1190.496778528871 -1399.163173512455 0
908.7261144477401 1190.9036786402062 -1390.685997812651 0
945.2632026278766 1186.5040689296668 -1399.850172458566 0
981.3175290062622 1182.6679810603127 -1406.9529589292092 0
1016.889093582897 1179.3954150321442 -1411.9925975585475 0
1051.239554778633 1177.5482277787382 -1411.8007974700224 0
1085.1356519256622 1176.2314140229184 -1409.6620873547 0
1119.4861131213981 1174.3842267695125 -1409.4743146928824 0
1153.353812515383 1173.100561357292 -1407.2165247051998 0
225.1446478381743 1278.4799237434609 -1263.7465263661136 1.3624980086983554
265.3166484079637 1269.8373260522324 -1288.2560350880583 5.179898301849737
305.0058871760024 1261.7582502021892 -1310.7227314036977 -1.557874345485084
344.21236414229026 1254.2426961933313 -1331.1451589344406 11.860948788969656
381.9705557033257 1248.4177077080294 -1345.402835892718 1.4847948405795026
418.990405685213 1243.4545761563047 -1356.5204326688406 2.531636856455878
456.2658354444977 1238.1931095121881 -1368.7378590888636 -5.990390878136787
494.4783910542398 1231.8377475293 -1384.9658576865606 1.8224448594602234
532.9749241944236 1225.1509021104205 -1402.4181976413593 4.848794343529033
672.818975739165 1214.9113955472712 -1411.8885196936596 -4.123203167335574
705.2383897278977 1215.3182956586065 -1403.3953569787618 -1.108670947349768
737.1750419148796 1216.2887176111271 -1392.8337066075305 -9.39946497060447
770.5599795071138 1215.5685740400916 -1388.4662960668134 0.5703439502114553
803.7177350749947 1215.1136172178494 -1383.125975243605 -8.608198670316682
841.958688437781 1208.725106891362 -1399.553725155802 0
877.5302530144158 1205.4525408631937 -1404.5586601431526 0
909.6940872257511 1206.157776066921 -1394.9669974390117 0
946.2311754058876 1201.7581663563817 -1404.1170735118342 0
982.5410815616707 1197.6237433946355 -1412.300897028327 0
1017.8570663609081 1194.6495124588591 -1416.2293399133218 0
1052.4631073340413 1192.503990113061 -1417.116922417063 0
1085.8480449262759 1191.7838465420257 -1412.76730526007 0
1119.4885622959075 1190.765367878598 -1409.5145492893819 0
1152.6179201107443 1190.343559399955 -1404.0672386163847 0
1187.2239610838774 1188.1980370541567 -1404.9619825895218 0
305.00833635051185 1278.1393913112747 -1311.1214808420098 19.011876614946836
343.73205151504897 1271.187359143602 -1329.472773195009 -10.957859979110252
382.455766679586 1264.2353269759294 -1347.8367613288578 2.2153156245828476
419.70279868582656 1259.0070086754117 -1359.910108886148 -8.679411064421474
457.7165700242595 1252.8836850977175 -1375.2666732156135 -0.1063010824236588
495.7019436096483 1246.7935098636224 -1390.513115652352 -5.220831660501563
534.4256587741853 1239.8414776959498 -1408.9247828948999 1.3378223597347114
572.1554525821767 1234.0496375542473 -1423.1021429639181 4.303872451906362
675.008051898075 1228.7401141992232 -1421.4905104479428 -4.364701400527471
707.4274658868078 1229.1470143105587 -1412.9794115504355 -0.6711621372377794
739.3641180737897 1230.117436263079 -1402.3992051077003 -1.0522714025153534
772.4934758886264 1229.6956277844358 -1396.9209076664706 -5.359517701239346
805.9068112339048 1228.9423358698014 -1392.6577892217126 -37.18438366324992
842.1883196366438 1224.8410612516543 -1400.6813465188195 -0.9429104456418906
878.7254078167803 1220.4414515411154 -1409.807226859329 0
911.1448218055131 1220.8483516524504 -1401.2913877396063 0
947.6819099856494 1216.4487419419113 -1410.4279383678925 0
983.7362363640351 1212.6126540725572 -1417.5018065461556 0
1019.0806189163166 1209.6052747931817 -1421.536610644406 0
1053.4310801120523 1207.7580875397757 -1421.3110259083755 0
1086.5888356799335 1207.3031307175333 -1415.9678066898605 0
1119.9737732721676 1206.582987146498 -1411.599233292067 0
1152.6203692852537 1206.72470050904 -1404.0588294133106 0
1186.743648456636 1205.1427000044273 -1402.861254166779 0
382.94097765584627 1280.0529462438294 -1350.24344074938 43.4961949140647
421.18193101863255 1273.6644359173422 -1366.547115764539 1.2219152541214504
459.16730460402135 1267.5742606832468 -1381.7708567298237 -2.478373167405646
497.40825796680764 1261.1857503567596 -1398.0975688677984 -0.23488641313234457
535.8763933539473 1254.5320532814794 -1415.4067375359004 -3.4644706521358484
574.3445287410868 1247.878356206199 -1432.7280557724644 7.048854865044404
610.1716730951192 1244.3074550856381 -1438.7701207886887 0.2576625618739097
644.7493163152084 1242.1950810834392 -1439.474406876933 14.546085653786905
677.4243100813385 1242.3036461023821 -1432.0417359710054 -1.2886653662821923
709.8437240700712 1242.7105462137174 -1423.513024491433 0.5638913354683753
741.2976144553022 1244.244490007423 -1410.847831694519 -13.600617499758318
774.938131824934 1243.2260113439957 -1407.5411971823119 -3.186443508979987
808.5502514415216 1242.2406810241673 -1404.1133296794133 -1.7630818870987572
841.9635867868 1241.4873891095326 -1399.8339727288712 -39.01803487114864
879.6933805947914 1235.6955489678298 -1414.0567060974154 0
912.5955563852748 1235.5389272379798 -1407.5911474276606 0
948.4227007393071 1231.968026117419 -1413.6692722094886 0
984.9597889194436 1227.5684164068798 -1422.799233925741 0
1020.275773718681 1224.5941854711034 -1426.6967790393244 0
1054.8818146918143 1222.4486631253053 -1427.5515604264315 0
1087.7839904822977 1222.2920413954553 -1421.092851687405 0
1120.686166272781 1222.135419665605 -1414.6325304831928 0
1153.3611600389113 1222.243984684548 -1407.1944203276792 0
1186.7460976311456 1221.5238411135126 -1402.805602614254 0
1221.579320628632 1219.1131320189218 -1404.6435463992639 0
460.84522120813654 1281.9996495199832 -1389.2210149957452 46.23324585326925
499.0861745709228 1275.611139193496 -1405.5367094161284 -6.889643257044097
537.8098897354599 1268.6591070258235 -1423.9276395705447 -3.287290181831506
576.2780251225995 1262.0054099505433 -1441.2385134799047 -0.2772237593332661
612.5879312783826 1257.870986988797 -1449.3313810000857 3.5991007166872846
647.193972251516 1255.7254646429988 -1450.1422856087788 1.0636121735601554
680.0961480419993 1255.5688429131487 -1443.664590222022 -3.01566635055258
712.5155620307321 1255.975743024484 -1435.118630210998 -4.442468685708778
744.1966344403165 1257.2445000693967 -1423.40785606099 -6.752577303037184
777.8371518099482 1256.226021405969 -1420.085814628205 -1.6446988914181142
811.4776691795798 1255.2075427425416 -1416.7641916569976 0.6141108685436735
844.8626067718142 1254.4873991715062 -1412.3474586105167 -40.382344202087296
882.1096387780548 1249.2590808709888 -1424.4899867232025 -48.03180529327252
914.0462909650366 1250.2295028235094 -1413.8662765031759 0
949.6178555416715 1246.9569367953407 -1418.833423739512 0
985.9277616974547 1242.8225138335945 -1426.9746079003328 0
1021.7265082984427 1239.2847610566328 -1432.9287700853035 0
1056.3325492715762 1237.1392387108347 -1433.7674643319478 0
1089.2347250620594 1236.9826169809846 -1427.2904081325223 0
1121.9097188281896 1237.0911819999274 -1419.8355788878607 0
1154.3291328169223 1237.4980821112626 -1411.2799551463918 0
1187.2313086074057 1237.3414603814126 -1404.7970700449819 0
1221.3545877787885 1235.7594598768 -1403.5645507704398 0
1255.7050489745243 1233.912272623394 -1403.3111479719014 0
501.5024327541862 1289.1746710966552 -1416.1080399104046 58.82579029319961
540.2261479187233 1282.2226389289824 -1434.489369990414 59.24202587644636
578.722681058907 1275.535793510103 -1451.9117721639584 21.968769488015123
615.004189461646 1271.4345188919563 -1459.870518587719 -2.6058817308501627
650.0929922365301 1268.7254747049728 -1462.732493581323 0.975395331199812
683.4779298287643 1268.0053311339373 -1458.3050380588195 -1.669154690092045
716.3801056192477 1267.8487094040872 -1451.8100796439587 2.5681471312191415
747.6068139801256 1269.6478399465861 -1438.136576323175 -6.319742744321255
780.9917515723599 1268.9276963755508 -1433.7046735194913 4.156872148770597
814.376689164594 1268.2075528045154 -1429.272493272574 -3.43615549946883
848.4999683359767 1266.6255522999027 -1428.0058033991606 -6.481514348256927
884.5542947143623 1262.7894644305488 -1435.0229389483816 -30.294258988846618
919.1603356874956 1260.6439420847507 -1435.8333698995068 -65.33363146720495
951.3241698988307 1261.3491772884781 -1426.16596525896 0
987.1513142528631 1257.7782761679173 -1432.2212202109877 0
1023.2056406312488 1253.9421882985632 -1439.258071860978 0
1057.783283851338 1251.8298142963642 -1439.9587376249242 0
1090.6854596418216 1251.6731925665142 -1433.4633339651 0
1123.1332713835982 1252.0469443342502 -1425.0133909546 0
1155.7798673966843 1252.1886576967925 -1417.4152442581985 0
1188.4548611628145 1252.2972227157354 -1409.93690588434 0
1221.584218977651 1251.8754142370924 -1404.4111666693943 0
1254.9975543229295 1251.1221223224582 -1400.106614152063 0
1289.5751975430187 1249.009748320259 -1400.8142921415808 0
1323.9540564917988 1247.129412723254 -1400.668842170106 0
618.1587892240577 1284.1361938615373 -1473.547125486719 97.65304873770995
653.474774023295 1281.1619629257611 -1477.3682832149182 3.417194925695963
687.5980531946776 1279.5799624211481 -1476.0872634976984 0.6707634704789238
720.2730469608077 1279.688527440091 -1468.60460262613 -0.23514014283678286
751.7269373460389 1281.222471233797 -1455.8875979858872 -1.2830701670588498
783.4080097556233 1282.4912282787095 -1444.138570228664 -14.331752929946495
817.7584709513592 1280.6440410253037 -1443.8297539895407 -0.6690612760363851
853.330035527994 1277.3714749971352 -1448.7603418618103 2.3830143188674144
889.8671237081304 1272.9718652865959 -1457.8384585517404 14.908220925643306
922.0593556725098 1273.6439521467244 -1448.2793429925591 -20.42035976954397
955.444293264744 1272.9238085756888 -1443.8366642117405 36.1002654175888
988.8292308569783 1272.2036650046537 -1439.3937079876887 -41.846575150944794
1024.4007954336132 1268.931098976485 -1444.3430265532324 0
1059.7451779858948 1265.9237196971092 -1448.3216591616645 0
1092.6473537763782 1265.7670979672591 -1441.8086219260686 0
1125.2939497894642 1265.9088113298014 -1434.1951207941163 0
1157.2306019764462 1266.8792332823218 -1423.525902757465 0
1189.650015965179 1267.2861333936569 -1414.9293289065208 0
1222.3250097313091 1267.3946984126003 -1407.4297314061707 0
1255.2271855217923 1267.2380766827503 -1400.905934947164 0
1289.350464693175 1265.6560761781375 -1399.6392048329753 0
1323.4453461115133 1264.1072240171238 -1398.251855589245 0
1357.8242050602933 1262.2268884201185 -1398.0898338153013 0
692.2009383623416 1290.5910718671737 -1495.9192137321713 111.31534148433072
724.8759321284718 1290.6996368861167 -1488.4223475687595 94.33458230002528
756.3298225137029 1292.2335806798226 -1475.6897394917855 -0.7746822632530004
788.0108949232873 1293.5023377247353 -1463.9253684178098 -1.7129769188218498
820.9130707137708 1293.3457159948853 -1457.3929626930715 -8.527892747227671
857.2229768695539 1289.2112930331389 -1465.4783409885256 29.5313827400965
892.5389616687912 1286.2370620973627 -1469.3058417517636 24.81247864078182
924.4756138557732 1287.2074840498833 -1458.6320719407895 -2.2488417700654937
951.8118300496004 1293.5479376654635 -1428.1984488140622 -40.484030732791396
989.5700216106361 1287.7229491801613 -1442.5167528921822 -1.7963905026629408
1025.3687682116242 1284.1851964031996 -1448.4265272928585 30.46304318099603
1060.230388962155 1281.7413389650092 -1450.3145291120281 0
1094.5808501578908 1279.8941517116034 -1450.0085288204923 0
1127.0002641466235 1280.3010518229385 -1441.3999674683664 0
1158.9369163336055 1281.271473775459 -1430.7114922822652 0
1190.8735685205875 1282.2418957279795 -1420.018654026346 0
1223.5201645336733 1282.383609090522 -1412.3778328328276 0
1256.1951582998036 1282.492174109465 -1404.8569762059863 0
1289.3529138676843 1282.0372172872226 -1399.413552566033 0
1322.7378514599186 1281.3170737161875 -1394.9482102213753 0
1357.343892433052 1279.1715513703891 -1395.7462479798585 0
792.6137800909514 1304.513447170761 -1483.6953267510082 109.39302860108272
824.8060120553307 1305.1855340308891 -1474.1033626769818 -3.228339597704429
857.4526080684167 1305.3272473934314 -1466.457623014281 -44.09351816264436
893.7625142241998 1301.1928244316855 -1474.5349458091316 -10.628723147709506
929.0784990234372 1298.2185934959089 -1478.3518096510868 31.111482201917834
950.593175843211 1311.3544575493117 -1422.8902236652496 12.76004124728865
960.0104098661709 1338.6115159759456 -1315.3895652392848 -29.303437426732472
985.6427608773483 1346.940870207474 -1277.5296762926746 -17.259601642781906
1037.4578401952451 1324.7074516406005 -1352.2699317811514 -25.309149938740365
1094.327719555003 1296.573627913081 -1448.7810404088323 0
1127.4854751228836 1296.1186710908387 -1443.3275341399485 0
1160.6432306907648 1295.6637142685966 -1437.8731255272887 0
1192.8070649021001 1296.368949472324 -1428.13904303535 0
1224.9992968664794 1297.0410363324524 -1418.5235466115678 0
1257.4187108552119 1297.4479364437877 -1409.8830887605018 0
1290.065306868298 1297.5896498063298 -1402.2186402837863 0
1322.9674826587814 1297.4330280764798 -1395.6535755248697 0
1356.608000028413 1296.414549413052 -1392.2706371730085 0
1391.2140410015465 1294.269027067254 -1393.0527281055593 0
861.0899696325791 1317.4654005218274 -1482.0371969424932 18.281748185446585
894.9576690265641 1316.181735109607 -1479.6168761903132 12.66868629370468
929.0809481979467 1314.5997346049944 -1478.2953632607675 1.644232748745887
966.5835599815848 1309.0730812120844 -1491.4947434801848 1.5263625984131606
945.9559712838192 1371.4010871666026 -1254.7923744537434 -16.271195488961677
910.8171307804859 1450.667896700278 -955.2920338544159 4.959784851070897
921.4270704313005 1476.5327246957486 -852.5179823340657 -2.0220529007701615
1020.9503748633925 1398.6100888823294 -1132.7759270056988 0.5132240526850409
1127.9706860991441 1311.9362903587387 -1445.227854795913 0
1161.128441667025 1311.4813335364965 -1439.754103538703 0
1194.5133792592592 1310.7611899654612 -1435.2577608820563 0
1226.4500314462412 1311.7316119179818 -1424.522375176453 0
1258.6138656575763 1312.4368471217092 -1414.761594210031 0
1291.2888594237063 1312.5454121406524 -1407.2005093648452 0
1323.9354554367924 1312.6871255031945 -1399.5147236395715 0
1356.8376312272758 1312.5305037733444 -1392.9290247306997 0
1390.4781485969074 1311.512025109917 -1389.5274834026266 0
934.422174944759 1324.7489871174423 -1501.1483341398805 22.993767425273862
968.5170563630974 1323.2001349564287 -1499.6949218049406 25.298409945622183
1002.4131535101266 1321.8833212006089 -1497.3885731309458 26.23312021163971
938.1165784080758 1511.6849482700895 -775.445894039198 1.714382663025705
1005.8911949367928 1470.8221606005025 -919.037980699257 12.341637839985225
1100.8140633757303 1398.2695564501432 -1179.6804684905908 -2.3933978215082474
1194.5158284337685 1327.1423310745465 -1435.0128826578423 0
1227.1624244468549 1327.2840444370888 -1427.3149999793477 0
1260.064600237338 1327.1274227072388 -1420.7164652300053 0
1292.484014226071 1327.534322818574 -1412.0346932188509 0
1324.9034282148036 1327.9412229299091 -1403.349946866982 0
1357.322842203536 1328.3481230412444 -1394.6622261743992 0
1390.2534157470636 1328.1583529677953 -1388.1777883407196 0
1423.1555915375473 1328.0017312379453 -1381.5692082525939 0
1070.8893430517544 1334.8352745516752 -1495.5302382977723 11.884937407436677
1007.3311095288519 1523.7750446875787 -776.0550235097212 -0.2030439748944095
1076.554011462821 1481.2216914944358 -926.018714602999 4.924746265464956
1170.000196743462 1410.3928012112317 -1180.5176645456204 0.9664263268683174
1260.3226291892452 1343.2102287239318 -1421.5039270202171 0
1292.969225202331 1343.351942086474 -1413.7813750203252 0
1325.6442189684612 1343.460507105417 -1406.1790211265406 0
1358.0636329571937 1343.867407216752 -1397.471301297874 0
1390.4830469459266 1344.2743073280876 -1388.7606071284938 0
1423.1580407120566 1344.3828723470303 -1381.1507826518016 0
1456.06021650254 1344.2262506171803 -1374.52021996498 0
1352.8519619523456 1502.949639757981 -779.116937962883 37.0056630438152
1136.2133820054798 1351.466694042246 -1480.0004833197547 15.913168015267303
1088.160321644691 1522.307468573022 -826.7541006741457 0.12395094383228693
1159.08708876131 1477.7652147639312 -984.195715776538 2.5213667766614503
1240.4358312451373 1421.057518853958 -1186.6611542507521 8.502076242231974
1303.6100117806996 1385.5647628474308 -1310.6678531031405 0
1358.548843933454 1359.6850264846526 -1399.1503639749267 0
1391.2238376995842 1359.7935915035955 -1391.5231398662283 0
1423.643251688317 1360.2004916149306 -1382.7894722200501 0
1456.2898477014028 1360.3422049774729 -1375.0346593837842 0
1488.7092616901357 1360.7491050888082 -1366.2953666567225 0
1199.8335557765558 1370.0870141487646 -1457.00380624285 0
1181.8253181364923 1505.8568411516567 -932.937723374331 40.782206904853105
1191.4697341838055 1532.8487128294973 -825.5392366268595 1.9031944238358138
1300.6374546632107 1481.9179486939192 -999.4582423208531 17.327328610919775
1421.9418356801766 1378.570533339964 -1374.9507504397004 0
1448.056948493105 1386.336365730307 -1338.934177532526 0
1454.8047937299134 1416.7093684552597 -1219.1116495804035 0
1522.0966484568794 1376.4101026268584 -1361.1921872467724 0
1554.7716422230096 1376.518667645801 -1353.5332628511783 0
1587.1910562117423 1376.9255677571364 -1344.7657356170487 0
1261.5226823406285 1390.9614216200243 -1425.537549406497 0
1293.2321525032569 1392.197030321338 -1413.7084547625818 0
1289.4687669036612 1549.5886973390109 -801.2114089169238 5.786589120530597
1416.0727077521833 1478.3048502335641 -1050.8336247852078 -7.524860820691135
1463.258953323881 1461.4746116733497 -1105.9038112948338 0
1508.2585719111785 1447.1967955702685 -1151.529359090389 -47.391673157471914
1528.8361228804947 1461.4265549624427 -1091.360951268653 60.93277701840482
1542.3426333418142 1483.9102519108014 -1000.4885280185005 5.260407583980351
1653.9633805707201 1391.866421724151 -1334.9401586297904 0
1688.0866597421027 1390.2844212195382 -1333.5305165730338 0
1722.692700715236 1388.1388988737401 -1334.215644173679 0
1390.2372638665668 1410.0972068568212 -1385.7788013724228 25.40978399399507
1469.0545441194001 1471.0934906882121 -1130.3232170921126 0
1447.489829571177 1534.5153919815014 -887.4288705472667 14.93903250833632
1553.6933637462869 1525.2943640817798 -899.3587095337494 10.778248208338505
1633.849400602259 1469.9788986029703 -1097.5859765482624 0
1678.3662573878055 1456.2646043410741 -1141.193920328947 0
1760.6805234751344 1398.4298647487303 -1348.8346333563165 0
1490.167343793426 1424.5831040015935 -1370.326268071219 0
1524.2906229648086 1423.001103496981 -1368.8798062437538 0
1558.1583223587936 1421.7174380847603 -1366.328036683858 0
