# x(um) y(um) residual(um) curvature(1/mm)
-1143.7331053217088 -23.690802164457455 -153.61043015133416 24.015230985212007
-1135.80069881254 -20.543111329396606 -162.59678111109417 191.9659949520284
-1127.764222943593 -18.657309492152244 -170.27021176874464 81.7839936000415
-1126.8801514771826 -21.185083872658783 -157.39492051244267 -1.0464130769739348
-1118.7716275899272 -20.172897495441227 -164.15030764848336 -0.14045756767630926
-1110.5670396782614 -20.32553173159268 -169.698365817616 12.617490420082039
-1102.1863343885097 -22.61367042558749 -173.0695413113017 122.88197124183736
-1093.645522391406 -26.843176808530746 -174.46842473145935 60.71734939491744
-1085.0967050589352 -31.169751575921428 -175.7494059957596 146.33056844804597
-1076.4758397081562 -36.36994180333891 -176.13810605430214 73.56529177574554
-1067.8629796927448 -41.47306364630891 -176.60630118679202 135.44886163133606
-1059.2100930004956 -47.06152741151608 -176.57454603262764 138.16869110470697
-1050.493163625306 -53.42653825230263 -175.75694053243149 115.93737076885452
-1041.672164890338 -61.05343809090567 -173.67811693660664 76.12528869811271
-1032.85116615537 -68.68033792950872 -171.59236886992062 35.662422486302795
-1023.9901407435642 -76.79257969034882 -169.02165443313746 17.71093719081603
-1118.1277161845437 -19.788620342525153 -154.2060499808757 2.077028869575148
-1109.8911069314074 -20.329528116466296 -159.36060609424027 1.0572513604139824
-1101.4783803001849 -23.005940348250792 -162.3396489516765 -1.214739946002698
-1092.9615843091844 -26.944241577851784 -164.028537739932 -0.4103185134222953
-1084.3807456352433 -31.65908988303215 -164.9192149137789 -4.668323698978445
-1075.8639496442427 -35.59739111263314 -166.5656813049048 -1.4156569168426243
-1067.2510896288313 -40.70051295560314 -167.03010906253792 -2.449612353370647
-1058.598202936582 -46.28897672081032 -166.99458992887284 -2.0505622673283264
-1049.8812735613924 -52.653987561596864 -166.17322588174628 -2.127305328105158
-1041.0922961678948 -59.892613862410215 -164.47486633062124 -0.1508568248835524
-1032.2392760914565 -67.90778723880295 -162.0011547812276 -3.6627103600526962
-1023.3862560150183 -75.92296061519562 -159.52229930077814 -3.2146087869544395
-1014.4932092617422 -84.42347591382547 -156.56141053469065 1.50219625850486
-1005.5040984840555 -94.0888118258244 -152.4560194727943 -5.054640261459593
-996.5790303893092 -102.97760066224392 -149.11259233756124 -3.7237672221077553
-962.0795583154583 -123.97249834080864 -149.8350203665272 39.12772993515856
-953.7709010440142 -125.38702157477664 -153.68477590543748 36.91593591477972
-945.5663131323483 -125.53965581092815 -158.72448714515934 32.484164502068325
-937.3537198853151 -125.78935843152703 -163.63681351918146 35.89555767227193
-929.1811533151196 -125.55371912988885 -168.9837869614519 38.76464576242362
-921.0486134217617 -124.83273790601356 -174.7635759044923 104.12318559259002
-1109.3752808919048 -18.392156812391402 -150.97364123477425 -0.2052484757128984
-1100.97055959605 -20.971500659728477 -154.0444043153958 -2.6386533115962343
-1092.4217422635788 -25.298075427119155 -155.33833519071743 -14.529797676873892
-1083.9049462725784 -29.236376656720147 -156.9999732861159 -11.496214079479943
-1075.3881502815777 -33.174677886321135 -158.63970357661748 -1.5945652411718545
-1066.7752902661662 -38.27779972929113 -159.09715646142925 -6.020532628669098
-1058.122403573917 -43.866263494498305 -159.0545629665274 -2.831189784837831
-1049.4054741987275 -50.23127433528486 -158.2259653766993 -3.7291157692487773
-1040.5844754637594 -57.8581741738879 -156.135899849289 -7.423259431191084
-1031.7954980702616 -65.09680047470125 -154.42232261872974 -0.08561643056772132
-1022.9424779938234 -73.11197385109394 -151.93499538188527 0.13651401653262518
-945.0184657513753 -123.99055804464295 -149.8462541599098 -8.500555293772303
-936.7818564982393 -124.5314658185841 -154.47253144877905 -3.8648044896662297
-928.6092899280437 -124.29582651694592 -159.81508964478036 2.251943127383037
-920.33265399807 -125.32207621312422 -163.90767076830005 -0.16090220451566126
-911.9519487083177 -127.61021490711904 -166.75565056622054 18.45200486149785
-903.1309499733499 -135.2371147457221 -164.4535260317603 81.97926990788297
-893.7335670919174 -149.8529382645395 -155.4598794721635 77.83428574326432
-815.777533507999 -201.1197959958782 -150.78507960456975 63.75511674937299
-1092.1140549436327 -20.836926127411335 -149.46829293684215 5.3675342323312405
-1083.6052642879997 -24.678158972564905 -151.21663670187985 8.062125123138964
-1075.016420278691 -29.490075662192698 -151.9735199139073 -4.072253440638542
-1066.4355816047498 -34.204923967373006 -152.80845816530305 4.353437413559773
-1057.7506735710303 -40.181661270369865 -152.3693458088115 -2.524971006326515
-1049.0657655373109 -46.15839857336673 -151.91617379912793 7.218908672756525
-1040.2447668023428 -53.78529841196978 -149.8148735655584 0.7786470696666236
-927.9573731872924 -124.00861774847726 -149.70993439110856 -2.965668310647982
-919.6487159158482 -125.42314098244528 -153.42552912373682 0.897357575968812
-911.1719466016855 -128.87610028980913 -155.15142404320014 -0.11913114678537265
-902.3829692081877 -136.11472659062252 -153.22249957828706 0.7843427965453362
-43.982839005325786 -868.4697272570329 150.40703422052937 68.38832693106527
-34.68152014830414 -881.9207301624813 157.70554617945692 99.05070768516427
-25.45224930959056 -894.4981176079028 164.3394870931848 108.8979270360231
-16.695293257563062 -901.3484703709265 166.76867322710692 21.881635752207377
-8.522726687367525 -901.1128310692883 164.0383786286381 616.066233792791
-0.7664375562851602 -895.8296357763842 157.66251355216792 -316.66657817864433
6.757696849137936 -887.7314573345049 149.27858650954957 46.59404203820161
-35.23040371268692 -867.0732637268993 157.34632097019016 -8.710793746969756
-25.72895147147627 -882.9509762435332 166.4507784848963 -29.30641505132283
-16.803883376729996 -891.8397650799528 170.40033061387803 -97.73571037120168
-8.599295465064213 -891.9923993161043 167.96870966232999 -103.21060723426535
-0.9710916998628234 -885.1561098720413 160.46708506159737 -29.349937087594235
6.44897334578198 -875.7960424323454 151.16762303849623 -6.868438034626956
-36.53178880162044 -843.1013691532595 150.20496990528284 -11.763803376448761
-26.62206445666418 -863.9295692767121 163.0413130967776 -28.01127667326703
-17.456836300891073 -875.7304096465542 169.17804563968699 -61.66521545771497
-9.212221712387494 -876.3683858049428 167.1260591599303 -66.22489633443679
-1.5519966057158534 -869.9203698986696 159.91881348330242 -30.608190848275555
5.932111122869437 -861.336849534553 151.19321406362312 -17.652573429195677
-19.302584194818756 -845.1578649304897 157.2627876181037 -26.371301727495656
-10.689724179407357 -850.2609867734598 158.5442021951834 -33.400673032471225
-2.7493123348710875 -847.2103643228463 153.8515039436429 -26.87484942167866
-1255.9854959440318 207.892531277084 149.45903761916824 -95.63369975188621
-1264.0585139138377 214.64181927078664 158.57805450330738 48.47833655950554
-1256.0220380448907 216.527621108031 150.66588925540702 -5.439102131185237
-1264.1991253744748 224.53879809955012 158.43100551575395 70.3375992731552
-1256.0986068225873 225.64805286121515 151.3525495141961 7.693489477029381
-1264.2756941521716 233.65922985273428 159.09577454986308 104.85433198331779
-1256.1671702649162 234.67141622995183 152.1333351626867 58.67853845659604
-1272.1085520609504 237.49646631301425 171.26698854427974 33.839602681826726
-1263.9680068322252 238.12037915244213 164.68776275614573 11.449105556466883
-1255.8995096218082 239.61790745189683 157.2199586533222 25.775200228014963
-1247.7589643930826 240.24182029132467 150.7129968034487 19.11318940209173
-1271.4646406555667 237.88074346593035 181.1726453227228 -9.815564199848813
-1263.3561167683115 238.8929298431479 174.18557523544504 -0.07545189828282566
-1255.319640899365 240.77873168039227 166.31080810773372 -0.25931744063486817
-1247.2831650304176 242.66453351763664 158.47448954455638 -0.6013886594138935
-1239.2867158383085 245.03567727711814 150.16413686867696 -8.552952838471406
-1270.6446118720967 236.12951616100315 193.34221328807445 -6.848369240950285
-1262.5761146616794 237.62704446045785 185.8421855564306 2.923232752468444
-1254.6036814756726 240.28939337328157 177.14770014114487 -1.2189726277931567
-1246.7753443262825 244.69897320615894 166.64642467398212 -14.295192278433966
-1239.0110498598326 249.88510011461568 155.36769996572974 -20.62427314534204
-1277.6929469148547 230.4540509454357 215.62127988461125 -37.10323415007721
-1269.760540405686 233.60174178049658 206.33397775042405 1.6211609206744462
-1261.8281338965173 236.74943261555745 197.0875593449742 -5.057852466242542
-1254.0318180885972 241.5472859862245 186.13654566911146 -24.071246082375197
-1246.4756623417036 249.2571908903142 172.1498289521644 -24.105912553101906
-1239.0475919606913 258.52018994556266 156.5671883148972 -7.44670519871813
-1277.049035509471 230.8383280983518 225.5240504114456 -40.900044419502485
-1269.1806716832425 234.76256600899205 215.417543379225 -10.339853950647319
-1261.3843558753226 239.56041937965912 204.42828500420524 -25.187991780354718
-1253.8602214698994 247.6585978215385 189.9896289527568 -13.923245077157967
-1246.648295143811 259.5424432568674 171.59017191317835 0.13033533118313734
-1239.5644541836039 272.9793828433551 151.59231887330228 11.449445915063572
-1276.6773055065842 234.52293032248028 231.92743194644737 -130.73172622014243
-1268.808941680356 238.44716823312052 221.82703872472928 -52.903341801652346
-1261.2207645919923 245.76879959942053 208.17007544955496 -21.64679056579875
-1253.936790247596 256.77902957472264 190.65152635014346 -5.77860194481711
-1247.0210613301078 272.25440523460617 168.4466516293862 5.729131330080445
-1284.7823448178603 241.66049185397262 240.63016903776582 -33.338575248639145
-1276.6818262659729 242.76974661563762 233.48830775959487 -66.15951530937897
-1268.8454837812149 247.08225806406756 222.98572041137578 -34.340246585021546
-1261.321349375792 255.18043650594694 208.5117865244643 -11.876939169208763
-1254.1734657326438 267.84082901685525 189.24550048620085 1.7295406810596665
-1247.3377901688311 284.286888521213 166.00677240404033 6.617115001178543
-1285.1631163395243 254.46952221615882 237.3178926046283 -98.6927404851234
-1276.9185017510208 253.83154605777017 232.05093486510137 -67.42634421038157
-1269.0261219186898 257.46457881506814 222.28141468974627 -39.207774705732355
-1261.5019875132668 265.5627572569476 207.81372270067487 -6.682777903421821
-1254.2820558518108 277.34953430782906 189.47594392006917 0.025265546547660576
-1247.4063536111603 293.31025188994965 166.7497696852732 3.374948144604183
-1285.6479572209666 268.54044157616147 232.6424754166906 -77.91454288396105
-1277.3392999495227 267.1259183421935 228.22420010652553 -44.10754247899015
-1269.3028240805754 269.0117201794378 220.32706832757387 -46.22564575872177
-1261.5705509555958 274.58612062568426 208.54876166032346 -29.20345468062899
-1254.2865766111997 285.59635060098634 191.03850872125486 -3.5418519557566612
-1247.3068050107706 300.29517918529046 169.65279425554886 0.8874542521554756
-1295.1139035447281 292.17962846371563 223.64825705313328 83.28417068631023
-1286.3329314865978 285.0380705473497 225.35357039244363 -10.402309463769637
-1277.816135495597 281.0997693177487 223.6534031802047 -27.158236309695948
-1269.6115475839317 280.9471350815972 217.94482801579696 -52.851666195944354
-1261.7431837577033 284.87137299223747 207.93283626923542 -24.99600448847219
-1254.2510706937505 293.35782497190655 193.11068434351944 -6.266209591474188
-1247.1432137274408 306.50355940505193 173.3777743856958 1.317660554137404
-1240.0913941087035 320.3287725293293 152.96711845522276 4.215728478695067
-564.6173873332413 275.1007196061248 -154.04266832539332 18.015849683285413
-556.3407514032675 274.0744699099465 -155.98246460775516 -0.01860448594248503
-548.1681848330719 274.3101092115847 -159.09051162775415 -0.6015240947858895
-540.0996876226548 275.8076375110394 -163.36204730994675 70.1963877832397
-531.6549396499621 272.7429517414652 -163.27021190556303 63.11627984881408
-522.4256688112486 260.1655642960436 -154.15837366090605 35.71868497032732
-1295.5667230847002 305.8622742859286 219.30737327446883 109.6332756979365
-1286.7777456912024 298.62364798511527 221.14874015116226 -6.208472898508976
-1278.1969070172613 293.90879967993493 220.30450631391227 -20.186816211524725
-1269.8882497458171 292.49427644596693 215.96105994726366 -31.360330218648194
-1261.8197525354 293.9918047454216 208.54653357464377 -45.286105669997106
-1254.1915487701986 300.8280941894845 195.4870651694243 -2.699244187969849
-1246.9075744258023 311.8383241647866 178.02968594742833 2.6620100319155444
-1239.6876427643467 323.6251012156681 159.7920923837816 2.7965830568649506
-582.0237455015392 295.6892840430655 -157.25783819547033 27.23265060426367
-574.2274296936189 300.4871374137326 -164.80715444112877 102.78205957113474
-566.0228417819533 300.3345031775811 -167.5764634180171 98.14581751889958
-557.5380671324227 296.7844754857698 -167.06780862225128 71.10529370175426
-549.0292764767896 292.9432426406162 -166.25836511288685 78.45515770143678
-540.4804591443187 288.6166678732256 -164.96504384907522 75.50165273705771
-531.7955511105993 282.6399305702287 -162.08497887455934 58.82539101874358
-522.8384616743828 273.3628681960195 -156.06619206917287 36.092112913620745
-1295.9074679295263 318.18596272587763 216.40427149264232 99.40033672012513
-1287.0864691945585 310.55906288727465 218.69087675404884 1.6984517588893462
-1278.4736091791472 305.4559410443046 218.28666394362344 2.931052946535787
-1270.0288612064542 302.3912552747304 215.7244239753137 -23.622780171630318
-1261.8562946362586 302.6268945763686 209.66917826623242 -26.729062066044953
-1254.0199521515008 306.93940602479853 199.30607274064158 -6.48814176699865
-1246.5678657643857 315.91119992670474 184.02367734188456 2.890136790516917
-1239.2118434016813 326.04781444198005 167.54731105122863 2.235046150966854
-1231.6556876547882 333.75771934606973 153.70272909006033 0.31805033143002964
-1154.3480862356423 290.3534007549723 150.18930631538342 53.30436206522643
-590.2728808494313 304.57407649461146 -152.24483812534206 87.68286231038535
-582.2684263219546 306.8481518696455 -157.40242737170107 80.97224214093188
-574.095859751759 307.0837911712837 -160.56663301334513 47.96422890015925
-565.7551811388447 305.28099439952604 -161.74514763368302 22.878307005998252
-557.2704064893144 301.73096670771474 -161.2254342681857 19.55759882046564
-548.689567815373 297.0161184025344 -159.57185994720433 13.156728231377937
-540.036681123124 291.42765463732724 -157.06807612927415 2.0407881971393254
-531.3517730894044 285.45091733433037 -154.18005892308247 1.8123018754475915
-522.4987530129663 277.43574395793763 -149.34735891588576 -6.362077065037319
-1304.5968967226345 332.40951632203183 217.3410713881449 93.54284659031866
-1295.8799673474448 326.04450548124527 218.2822826100971 14.572523912431942
-1287.2270806551956 320.45604171603816 218.40336158532614 22.309593464612664
-1278.5741939629465 314.867577950831 218.54007740680407 22.66350687705058
-1270.033381965843 310.6380715678877 217.24068811203838 5.3365625830711885
-1261.7167193590315 309.1264799494723 213.06293309819156 -27.71635817072015
-1253.7522915083925 311.8858972467435 204.36353737191664 -8.085574818872823
-1246.124087743191 318.72218669080644 191.36132707212394 2.0247072917039577
-1238.6399800146057 327.30570705492295 176.54355312264227 -0.18382322477077367
-1230.979754907934 333.75372296119616 164.04685058092554 -1.702615775817988
-1223.079369740236 337.28968733404673 154.6946032294836 -4.075424092664448
-1214.8667764932025 337.03998471344784 149.40799872395195 0.3903971981034319
-1162.8613976506638 302.4414498932832 153.23405840935183 -36.11112840113206
-1153.2558760496752 285.30184837883274 165.84082080534665 -86.59479294281044
-1144.8831760952903 283.1107780692854 162.7853305338686 -92.6268639144106
-564.9351523553745 303.52976709459887 -149.50533250013214 -0.7956592406075212
-556.5224257241523 300.85335486281434 -149.82052626056424 0.3790852138442253
-548.0456564099893 297.4003955554505 -149.36916616087365 -0.705055109090217
-539.560881760459 293.8503678636392 -148.8018202128709 -16.999695227923898
-1304.1931453782774 335.70584500837066 224.10752495240033 54.33213785781601
-1295.676349387277 331.7675437787696 222.44987222269467 20.16935307137937
-1287.0955107133357 327.0526954735893 221.64735629559945 25.761007194914487
-1278.4106026796162 321.07595817059246 222.2153263327948 10.326491909106531
-1269.8297640056753 316.36110986541206 221.44850838207867 4.676020788365074
-1261.4170373744528 313.6846976336276 218.52525503571746 -31.744039861454898
-1253.3805615055055 315.570499470872 210.76481435120002 -2.3035230998328626
-1245.5842456975854 320.36835284153904 199.9401603565168 0.8641146391692708
-1237.9240205909139 326.81636874781225 187.4014072864008 -1.2346200645563221
-1230.2637954842423 333.26438465408546 174.9079726211062 -7.604601049696264
-1222.3313889750737 336.41207548914633 165.97157099309285 -2.4821795717885156
-1214.1908437463483 337.0359883285742 159.75830721344136 3.9359334024532666
-1205.9142078163745 336.0097386323959 155.3319933899066 -14.778516600402616
-1197.6775985632382 335.4688308584547 150.4225709512381 -52.04204485306185
-1154.0769410165549 303.44963988562716 157.1797317711053 -94.62020406132388
-1303.6452979973044 337.2549427746558 232.75499465689882 9.596343364864271
-1295.2725980429198 335.06387246510843 229.22416538331598 13.03935534783033
-1286.723780710449 330.73729769771774 228.01347127045054 8.367897479561382
-1278.0708940181999 325.14883393251057 228.1752406012975 2.3453604812829387
-1269.4580340027883 320.0457120895406 227.83365685193542 -5.622117113099584
-1261.0453073715662 317.36929985775606 224.91894034975246 -11.224947837465638
-1252.8727408013706 317.60493915939423 218.92538500422242 -6.873921959260253
-1244.900307615364 320.26728807221804 210.38113857919504 0.5863505997743168
-1237.1039918074437 325.065141442885 199.60318515381792 -0.1941337798403701
-1229.3477026763615 330.3483367357892 188.35217639931267 1.2290531096565434
-1221.5433815330737 335.0491217220088 177.76468924138248 -0.4295112719168463
-1213.6510017007427 338.6821544793068 168.35533363462147 -17.485293305354883
-1205.6145258317956 340.5679563165512 160.84290379527596 -54.51806311216529
-1197.610071304319 342.8420316915852 152.9570926619399 -57.01391108295904
-1311.2059745035865 337.79185416372343 248.41001114225213 -103.25101552904171
-1303.0734346102288 338.5128353875987 241.7162856957465 -3.1957220005842917
-1294.7967986802548 337.48658569142043 236.93749345797968 7.782745809926346
-1286.280002689254 333.5482844618194 235.31678809866744 -0.4812407843959733
-1277.6671426738428 328.4451626188494 234.96632343959448 3.530013933953667
-1269.0142559815936 322.85669885364223 235.15255653296376 -8.936099338766015
-1260.5695080089008 319.792013084068 232.65961078057518 -8.99281969494919
-1252.332898755765 319.25110531012683 227.5002203069945 -3.564155723089729
-1244.2243748685098 320.26329168734446 220.71890790642647 -1.0476023440517572
-1236.2919683593411 323.4109825224053 211.70109664354266 4.3875421106608545
-1228.5596952343615 328.9853829686517 200.14262340036996 1.4857973084416345
-1221.0035394874683 336.6952878727414 186.357402735432 -6.826370992711376
-1213.5114264235156 345.1817398524105 171.79266459715154 -10.990962810589783
-1206.1233827193407 354.9300808298961 155.9327586722707 9.531933909527474
-1310.9383138604778 342.73834538566837 253.38991773875813 -291.2154520973089
-1302.7337259488122 342.5857111495169 247.64609427885838 -28.707664641680747
-1294.4250686773682 341.17118791554884 243.2934699273909 -6.587482682099927
-1285.9082726863674 337.2328866859479 241.68176463928305 -2.7838818227543904
-1277.223364652648 331.25614938295104 242.2771836301863 -13.122349045651621
-1268.5784832957663 325.7647540021913 242.367418903114 -16.88892283837808
-1260.0616873047657 321.82645277259036 240.81499342112366 -37.02931302902331
-1251.7530300333217 320.4119295386223 236.59297830616006 -43.12380886359359
-1243.580463463126 320.64756884026053 230.64326658307152 -27.44083093304436
-1235.5119662527088 322.14509713971523 223.38532083869828 -17.2130619197125
-1227.8117144691994 328.1077711237513 211.41651035582143 -16.717458195871977
-1220.6318094845813 340.37989009686993 192.7816589188856 -17.972801188280457
-1213.860176603709 357.602496676807 168.92265574920475 -0.23126229221078365
-1302.7062253667305 350.44425390488453 249.49446664142073 150.60564125028444
-1294.2934987355084 347.7678416731 246.51453497732948 -3.4335659515364267
-1285.6726333847294 342.56765144568254 246.27306955654143 -24.964856871637497
-1276.9557040095394 336.20264060489603 247.2980256251137 -39.74686474965713
-1268.3028173172902 330.61417683968887 247.50424929107942 -69.60570545391192
-1259.8260480031277 327.16121753232494 245.44426003802545 -96.42166457386907
-1251.5494120731537 326.13496783614664 240.8183701303612 -79.45840342200464
-1243.3128028200176 325.5940600622055 235.7064422404339 -104.03021497030404
-1235.2042789327627 326.60624643942305 228.97365760699662 -124.05783795721139
-1227.6801445273397 334.7044248813025 214.73770284948858 -47.43183966131547
-1221.0446023477157 353.5771939968458 189.07407983788897 -13.908649675525329
-1215.0574923328643 380.31250225263034 155.0559942770128 -1.6867718347534757
-1294.3620621778373 356.79120504183675 247.11719415440066 13.62883229404256
-1285.749202162426 351.68808319886665 246.79123199539728 -13.454282708474121
-1277.0242674518686 345.2260039736327 247.9417253973504 -47.01388981905413
-1268.475450119398 340.899429206242 246.81610985986242 -58.23345393550174
-1260.1667928479537 339.484905972274 242.59522073337746 -47.73704431661337
-1252.034252954596 340.2058871961493 236.1220265749189 -4.11852606177902
-1243.8616863844004 340.4415264977875 230.20287994511105 -29.343755980908988
-1235.8572318569236 342.7156018728216 222.14425928522897 -44.62151480022448
-1228.6052788539976 354.1141053859133 204.3956473194488 -27.030689173037736
-1222.6501901806166 381.2376871794876 169.89849004731056 -11.938301031179009
-1285.9858776474737 362.7498826409992 245.21047954704738 1.4451623821145891
-1277.437060315003 358.42330787360856 244.09105271716987 -29.870587174624376
-1269.0963817020888 356.6205111018509 240.2831867120485 -48.4025290927201
-1261.0599058331418 358.50631293909527 232.54922755702572 -13.052917394852377
-1253.2956113666914 363.692439847552 221.31693356949506 11.584560659112297
-1245.4352528758313 367.71374614263965 211.37630458850217 -3.199777695309553
-1237.8070491106296 374.55003558670256 198.46457581313686 -19.04828861829583
-1231.003394888287 391.38436862885004 174.89150287678893 -13.193677021847336
-1286.126489108111 372.64686146976277 244.87241884393092 -185.30981738459934
-1277.8498531781372 371.62061177358447 240.22104177800443 -9.417323187929258
-1269.8854253274983 374.3800290708556 231.52960301052403 11.380678629190967
-1262.2972482391347 381.7016604371556 217.97368215360189 18.715391728853213
-1255.005268559371 392.6148220280103 200.60203738177847 23.582664366424083
-1247.7212942149745 403.6250520033124 183.17285101013906 14.367346013304525
-1240.5413892303568 415.89717097643097 164.43296317809356 -6.145744887129525
-1277.7903312545855 379.0908809911624 242.50461711123347 25.340311655623108
-1270.1301061479137 385.5388968974356 229.8513996263605 32.10115198187592
-1262.982222504766 398.1992894083439 210.55296695479848 33.14993223998155
-1256.1385416055857 414.54828052825417 187.32451123012345 34.9299174263097
-1249.366908724713 431.77088710819135 163.19521461894902 35.342440648321244
-1269.7183494681892 388.73815719932696 236.7390282447327 -3.7522049389854413
-1262.778604544598 403.9223277058682 214.72345202031545 -8.250566886400117
-1256.1750837064444 423.1833703592012 188.35280339035077 6.982348746770755
-1249.7076535695396 444.0945755481404 160.23520916818018 15.01918941246972
-1261.7904637184092 400.13266432754517 229.1460062297222 -7.183105060194494
-1255.2589908985635 420.267322440905 201.84238523691116 -16.59506162302244
-1248.927651462907 442.8286901654503 171.9513822728585 -18.290423316534202
-1260.4660988067826 392.26612880243033 247.95509221959324 50.93705760125656
-1253.9266206515697 412.3037185313427 220.77123037964938 5.947184068528468
-1247.5632598744428 434.4768127180984 191.31726247226047 -14.583439432983605
-1241.3039684570942 457.9117959026705 160.52749370171173 -1.5254756357903865
-1252.602255739943 404.4371830062279 239.5859789136659 -27.411213876992754
-1246.134825603038 425.34838819516705 211.50968188745352 15.074585805425992
-1239.8435128442193 448.39509784194956 181.16009366964232 8.181107110590883
-1244.8104606914114 417.48185267005226 230.33106860550578 -0.9884492183463913
-1238.447099914285 439.654946856808 200.94195893365335 -23.921250419288143
-1232.355920539655 465.128366114776 168.01628519354827 5.407442405462029
-1237.146751008761 432.0796164850354 219.45770717324282 -0.6686778318533775
-1231.0235502926612 457.1647622052138 186.9715940804304 -12.039037231530763
-1225.2766003388365 486.812121994421 149.56983656540308 3.682118484439249
-1235.9904981398531 426.2515170333165 236.084247194934 -39.212139456594905
-1229.835276082283 450.9483892157051 204.03354471588943 -46.10114552000062
-1224.0883261284587 480.59574900491236 166.653412187151 -6.918148871034674
-1228.9512046158725 448.4206148351986 217.11468415550135 -157.7330830436247
-1223.2682973449882 478.84452169998514 178.90790908210212 -20.41659532763915
-1222.7924979823235 481.2672349262971 186.6524576524667 47.72057571897234
-1221.5722024304753 474.66258839899876 204.14895315483474 -135.72628452452145
-1216.7778873853904 515.8610859374493 154.28987090488891 -0.5524767858183137
-1216.3341093641957 518.6720727015509 161.61288052150357 10.274024833202676
-1208.542314315664 531.7167423653752 152.62510652408673 17.57484711550887
-1200.1341084438304 537.2871464267481 151.79406261999182 19.854087261276405
-1198.9458342334524 531.0707734372395 168.90470617687959 -120.78430045877779
-1190.8738524470562 540.7180496454041 163.7124178874292 -9.69591305119059
-1183.0100093802166 552.8891038492017 155.84299506793877 -2.11163678567947
-1173.9578921029993 558.8437850634906 165.14683749129566 -91.70681189747009
-1165.6217342494735 565.2878045848903 163.587478738608 -12.95126687152009
-1157.0774376763911 569.2080461106569 164.80791213964534 -21.573150783659706
-1148.5971837862496 573.9048347120029 165.23882023526195 -15.207839908614245
-1141.2171454174422 583.750244073936 149.75894024949812 34.080644330341606
-1147.51297893565 568.9503507203108 180.98657655380802 -173.49551363892397
-1140.020865871697 577.4368026999799 166.97650428113704 -26.390721998703523
-1132.6328221675224 587.1851436774655 151.6519984955252 25.947595492177644
-1139.0647463869784 574.0354128594465 181.04864009358192 -0.6870063044868179
-1131.6126599998634 583.0072067613527 166.56505377627903 -15.518859592669488
-1124.2646429725264 593.2408896610755 150.7679738511935 21.865166965784386
-1130.5924978322041 578.8292698452401 181.4752105967212 3.1681732812909513
-1123.2364754694997 588.9658843605152 165.78672069706045 -15.672934633980068
-1115.8564371006926 598.8112937224483 150.4589441724706 21.644748760177663
-1122.1842919603703 584.3996739066127 181.1159983408922 3.6990963149258747
-1114.8602909391361 594.9245619596778 165.0603386108808 -15.151888863483668
-1107.448231228859 604.3816977838212 150.20135769397567 20.219880288953142
-1121.2681991524894 581.4836259883166 194.6660448168601 -210.5369045042365
-1113.840128771477 590.746625043565 179.9725848035997 1.5991596496867597
-1106.4520850673025 600.4949660210507 164.80374486587493 -12.566380050662296
-1098.9999986801874 609.4667599229568 150.5174482831689 17.564309229632027
-1112.8599932806558 587.0540300496893 194.35992744370841 1.4164865180754158
-1105.4319228996435 596.3170291049379 179.7167861073948 1.6810739184922774
-1098.0118578539987 605.6770965446337 165.01614872329048 -7.373494564009233
-1090.5917928083536 615.0371639843297 150.36241873064967 16.20694210066465
-1104.4838087502922 593.0127076488519 193.68789098937842 -0.4172393255721265
-1097.0637437046475 602.3727750885479 178.99077242140837 -1.7646869642759577
-1089.603651982165 611.2475006060066 164.86217779915643 -7.817863129079387
-1082.1515655950498 620.2192945079129 150.6760705260066 14.456152062233068
-1096.0756028784583 598.5831117102248 193.4849235962668 1.868691374326826
-1088.655537832814 607.9431791499208 178.83818960013957 -1.1087701370740466
-1081.1954461103312 616.8179046673795 164.75965007525033 -1.9748894007362385
-1073.7753810646861 626.1779721070754 150.20668922629523 9.711495979396206
-1095.1595100705777 595.6670637919285 207.0386314414944 -80.83188054897592
-1087.699418348095 604.5417893093874 192.91654491478826 1.25428840336569
-1080.3113746439205 614.2901302868729 177.90338825275953 -3.4250056144475027
-1072.8592882568055 623.2619241887791 163.7708200748906 -5.1737151285220255
-1065.3671751928525 631.7483761684482 150.20598927445985 13.05947700538328
-1086.7112775219061 600.7521259310643 207.40956643701824 4.634792010759633
-1079.2912124762613 610.1121933707601 192.8167275017167 2.3635810334851763
-1071.9031687720867 619.8605343482458 177.854218991115 0.24749830872780498
-1064.483103726442 629.2206017879416 163.35522814734475 -5.209927979922742
-1056.9989959978566 637.8041221520582 149.73614602779338 15.640797863560982
-1078.3430983269104 606.8078719146741 206.79032962085392 2.146678706142198
-1070.9550546227356 616.5562128921598 191.83154598942005 2.490206905957227
-1063.6310536015014 627.0811009452248 176.08694497826335 -2.061851606280796
-1056.243009897327 636.8294419227103 161.22209851595247 -2.5052657467913995
-1070.0709831563252 614.0284385116532 204.97461207278536 -1.8887483493274018
-1062.6829394521503 623.7767794891388 190.06653584732786 1.8443220210375484
-1055.3589384309164 634.3016675422039 174.37300478728093 -1.567053698178679
-1048.0109214035797 644.5353504419265 159.0385878977772 4.343985308966637
-1069.1148636716061 610.6270486711198 219.05260612139543 -247.24572298155613
-1061.758841308902 620.7636631863951 203.73225319664706 0.1854384869558461
-1054.4428456230355 631.3856196239075 187.9388318021513 1.6630982941008925
-1047.1588712786393 642.3958495992097 171.77625302453137 -1.7601154831209873
-1039.874896934243 653.4060795745116 155.6605149566847 6.07850112433744
-1060.8107271595509 617.4593417303092 217.70825234403412 2.865410256769382
-1053.5587741566248 628.8578452434009 201.08731804762218 -0.8616960594970584
-1046.3068211536988 640.2563487564927 184.5131070977993 -0.0368057965193161
-1039.0228468093026 651.2665787317949 168.4016166187405 -2.127971176006996
-1031.8109204832144 663.1504241671238 151.40083583969184 6.436076589676875
-1052.602654671906 625.4564554028675 215.16996010609088 3.0079824228191
-1045.4227496872882 637.7285743759861 197.66493091302243 -0.8701057588754714
-1038.1707966843621 649.1270778890779 181.14190722730996 -2.2869662762951584
-1030.8868223399659 660.13730786438 165.08150504681223 1.3328220177267847
-1044.5066568794073 634.81252645769 211.23122247924115 -0.23675142323637682
-1037.222682535011 645.8227564329919 195.12837417299843 2.2215014187857127
-1030.0027508735552 657.6095334838735 178.24096301898874 -4.301319748324062
-1022.6867551876887 668.2314899213858 162.64745859582763 7.51286181203418
-1043.654606754467 632.673025614973 223.96519950016193 -62.85074652799492
-1036.3706324100706 643.683255590275 207.86659878270694 -0.9724697210039154
-1029.0866580656746 654.6934855655771 191.8148387750253 0.46840603926475954
-1021.8347050627484 666.0919890786689 175.39432634707464 -7.888773668677849
-1014.4466613585738 675.8403300561546 160.7869648697636 12.60014099355649
-1035.48656094366 641.1554812097686 221.01934014182453 -0.6567668190068935
-1028.1705652577934 651.7774376472809 205.387234156296 -0.2433767703641826
-1020.8785855780297 662.6905992381356 189.4905090263503 0.8995053094584695
-1013.5625898921631 673.3125556756479 173.95221949726547 -3.961681282852487
-1006.2786155477669 684.3227856509501 158.04538845253498 7.8976641632734665
-1027.246467114545 648.7643213445372 219.06193882137646 2.2805785256480307
-1019.9624927701489 659.7745513198394 203.06572294430083 -0.3691315961267179
-1012.6464970842824 670.3965077573516 187.531592304154 -0.6611933679740364
-1005.290474721578 680.533122272627 172.56344646932558 -1.6895291215232875
-998.0065003771819 691.5433522479291 156.7079119664133 9.280329543167772
-1026.4664650079128 647.4984359618471 230.86753143000598 -226.66471461512572
-1019.0784213037382 657.2467769393327 216.22442828906358 0.3316012175593648
-1011.7624256178717 667.8687333768452 200.69442690579814 -1.738343037201034
-1004.4064032551673 678.0053478921205 185.73020116495135 -0.7021379906804703
-997.0503808924631 688.1419624073957 170.81293858455587 3.8476758107741853
-990.0065666090937 702.0642439161205 151.8946517440751 -8.814520829841625
-1018.1623284958573 654.3307290210364 229.7968681541598 3.8565695185124067
-1010.8063061331529 664.4673435363118 214.78961155109113 2.8560358916145367
-1003.4903104472864 675.0892999738242 199.31072543707722 0.18531700200096424
-996.1663094260524 685.6141880268891 183.9824870263944 -4.157838692397768
-988.8182923987157 695.8478709266118 169.01237798131635 7.341025192167263
-981.59836073726 707.6346479774933 152.42934699155532 -1.9608457363848493
-1009.9942826850504 662.813184615832 227.01671706577963 -2.8077984924877386
-1002.6062389808758 672.5615255933176 212.47506010684535 0.6847885355936675
-995.2822379596419 683.0864136463825 197.15090912046412 -0.3796606166535286
-987.9662422737753 693.7083700838949 181.76999835183193 -4.027072862339602
-980.5461772281305 703.0684375235909 167.78401428225914 7.997881559302852
-973.4623362679232 716.5053771100785 149.48944951481226 -10.207580196602182
-1001.7221675144654 670.033751212811 225.63826842884464 0.05668092260406088
-994.3661451517609 680.1703657280863 210.73277155450418 0.8175009787286991
-987.0501494658945 690.7923221655986 195.3560196748099 0.4681160715218844
-979.6941271031901 700.928936680874 180.54444234123437 -3.4237686438205173
-972.3461100758533 711.1626195805967 165.676178191702 8.556426912757354
-1000.8380960480547 667.5059768323046 238.80035040307482 -234.06172646228003
-993.4820736853504 677.6425913475797 223.8987736227161 0.41135759453568715
-986.1660779994838 688.2645477850922 208.52615099990325 -1.23478513418388
-978.8100556367796 698.4011623003673 193.71849376030943 -0.42212309965886424
-971.4540332740752 708.5377768156427 178.95779968116676 -0.7016482317207802
-964.2741282894572 720.8098957887613 161.96438016387208 4.516739697499144
-992.5980022189397 675.1148169670731 237.06364934315906 0.49951269449061975
-985.2419798562355 685.2514314823484 222.21295581723336 1.3226540488764496
-977.8939628288986 695.4851143820711 207.30566654852475 1.24743156040587
-970.5699618076646 706.0100024351361 192.13464484645456 -0.20978847841441564
-963.2539661217979 716.6319588726485 176.90698358139335 5.98744892372144
-956.4102852226176 732.9809499925589 155.61288415746597 -7.148200503245741
-984.3979350666625 683.2089990240789 234.86303460678326 -1.2851261148053548
-977.0419127039582 693.3456135393543 220.06321755515268 0.47298204774554903
-969.757938359562 704.3558435146564 204.37859978165653 -1.8830525976063253
-962.4339373383278 714.8807315677213 189.25854267121065 -6.162367044415729
-955.1579683292991 725.9880299274708 173.5641137458136 12.090654897705075
-948.5544474911457 745.2490725808037 149.21252722712677 -11.559580424945203
-976.1578412375476 690.8178391588477 233.23388993092092 -0.3830763638475069
-968.8418455516811 701.4397955963601 217.9675307993091 0.43136382827645
-961.517844530447 711.9646836494251 202.8515859036319 1.2873621594423752
-954.265891527521 723.3631871625167 186.85102053975018 -3.6205351341556966
-947.2220772441515 737.2854686712416 168.20502911333315 9.086468408081172
-975.2417484296666 687.9017912405515 246.81718168486992 179.6531486851818
-967.9497687499029 698.8149528314061 231.24465173928735 -0.543066317116562
-960.6337730640363 709.4369092689185 216.02934861281418 2.051526496308571
-953.3818200611104 720.8354127820103 200.03324716645352 -0.5254004975140444
-946.2019150764924 733.1075317551289 183.15244028290715 3.7726290500565045
-939.5023302139281 751.2037537950927 160.1042412285851 -9.111576585941407
-967.033675942022 695.8989049131098 244.8307620299163 -208.05033280442012
-959.8217496159338 707.7827503484388 228.27524032513938 -1.8165708610649367
-952.5297699361698 718.6959119392934 212.800626896107 -0.014139165219498472
-945.3178436100817 730.5797573746223 196.33838097258246 -9.606274841327487
-938.0658906071558 741.978260887714 180.44003631618787 16.678727776554332
-931.5664391287804 762.5011925388635 154.8550184051913 -13.064503099326245
-958.9376781495231 705.2549759679322 241.45112683200335 -208.3493007904038
-951.6456984697593 716.1681375587868 225.98076815759245 0.3226060650288845
-944.361724125363 727.1783675340888 210.45387111182458 3.072008551381514
-937.1818191407451 739.4504865072074 193.62931457561535 -6.1731474362130045
-930.1059835159053 752.9844944781424 175.5060071429952 12.787735125768902
-923.5024626777519 772.2455371314755 151.3183929290077 -11.017914239148142
-950.8336750216567 714.5139786383071 238.22959401362306 -201.48083515047094
-943.5497006772605 725.5242086136091 222.7068833086262 0.1074903705103564
-936.3617903572749 737.6992592022802 205.99031473594565 -4.043781691374303
-929.0778160128787 748.7094891775823 190.56113845525473 0.8314061231522347
-922.1700924307577 764.2819332219133 170.31657044403843 2.571516587689661
-942.69765055232 723.3847077708922 235.47611445759938 -220.79682208150507
-935.4456975493941 734.7832112839839 219.59109318899777 0.6210867084210165
-928.1617232049978 745.793441259286 204.16626249392155 -3.8018670486129174
-920.8777488606016 756.8036712345881 188.78827250861866 10.72118727756499
-914.1781639980371 774.8998932745521 165.90650951377467 -3.0895290159968027
-934.5936474244537 732.6437104412671 232.36390883723527 -220.45732860733514
-927.3496997568952 744.1392823388063 216.42667362623698 -1.3897136451031251
-920.0256987356611 754.6641703918713 201.56958333443194 -6.652423378578856
-912.7817510681027 766.1597422894105 185.72590704694642 14.45903831702997
-906.3143209311976 787.0709474783497 159.8957283691003 -6.03832178406253
-926.4976496319549 741.9997814960894 229.20311076472962 -143.283648539981
-919.2136752875585 753.0100114713915 213.83355470898556 -1.0195344719760573
-911.8896742663245 763.5348995244565 199.02742900880497 -1.594333880008786
-904.9819506842036 779.1073435687874 178.89390255668857 5.145876936683842
-898.450477864358 799.2420016821471 153.93975525333212 -0.6158854373576885
-918.3936465040885 751.2587841664644 226.2003318413722 -214.6454683250202
-911.077650818222 761.8807406039767 211.2949606255968 -4.846417771344284
-903.7936764738256 772.8909705792788 196.023333578187 9.471516949221114
-897.3262463369207 793.802175768218 170.25478749025007 -3.5812616287149392
-910.2576220347519 760.1295132990494 223.66527325883445 -232.2456416134924
-902.9736476903556 771.1397432743516 208.39784480179898 -3.910052370680407
-896.0018814252941 785.9356402431032 189.1485603027086 8.113059979980559
-889.7425900079456 809.3706234276754 160.73744151562636 -4.517526640466167
-902.1936455837232 769.8738578916616 220.25564682872135 -205.8629628117398
-894.9737139222673 781.660634942543 204.21315595869427 2.5497581109425225
-888.4102197609516 801.4070195181131 179.74405271764937 -2.319285031240941
-882.0788803252951 823.9683872426585 152.3077062243194 -2.7477191436188777
-894.0896424558568 779.1328605620364 217.41699800097498 -201.63288874951851
-886.9097374712387 791.404979535155 200.90949049985633 16.192603536433307
-880.6824673953606 815.2282362575169 172.15012007779816 -4.285317508939025
-886.0576873462984 789.2654786924381 213.7042200445779 213.66407338137566
-879.1499637641774 804.8379227367691 193.73699951476095 10.916346279543214
-872.8906723468291 828.2729059213412 165.43768941993005 -4.520375273226769
-877.9216628769618 798.1362078250233 211.38790407356132 -40.59089400796152
-871.2941260327054 817.1060453250141 187.85832229555484 6.6103755690732715
-865.0988772982975 841.3175755851655 158.7796733306009 -4.4340078686963045
-869.7536170661549 806.6186634198189 209.53874156583947 -112.19983291918957
-863.4943256488064 830.053646604391 181.3111953061875 1.1707977329515544
-857.235034231458 853.4886297889632 153.10752270824617 -1.2471222693027435
-861.8257313163749 818.013170548037 204.6495873081286 -137.7810477207342
-855.7025306002748 843.0983162682153 174.715187668835 1.1663925134980722
-847.9747782346838 856.9195330076192 167.34654363996813 1.2865843786368554
-840.2550312044604 870.8378181314703 159.928376017387 0.8597947398734493
-832.5272788388693 884.659034870874 152.66749542355646 -1.903820832428914
