# x(um) y(um) residual(um) curvature(1/mm)
-633.0148320303502 -6589.273761937527 -276.9502660590707 174.12043349980692
-619.792916183562 -6588.797705308544 -280.32249007378147 29.663641932037667
-606.3727759741781 -6588.351491661997 -283.14316625152946 -10.933686348711277
-593.596864943231 -6587.808288322538 -287.87170729143145 -0.8257562452421816
-581.8616318159128 -6587.1084093253 -295.6607544107421 -9.612886884476529
-629.0730490453839 -6524.331203423925 -257.394428075778 4.614925376544199
-615.6529088359997 -6523.884989777378 -260.25707360991584 -0.7632892972114365
-602.2327686266158 -6523.43877613083 -263.1477179825715 -4.638729266456858
-589.4568575956687 -6522.895572791372 -267.9429541716562 -4.675604971957413
-577.5234001057544 -6522.225536776568 -275.2163259816204 -4.412587841919272
-566.6306205194692 -6521.3988251039855 -285.540251937817 -0.5301615623228828
-555.7873970238329 -6520.5646526857945 -296.027452680105 -0.09585298000312317
-544.8946174375478 -6519.737941013212 -306.3896230946072 3.580643789017647
-533.3576086728256 -6519.00821903354 -314.8995483540452 4.177134124905921
-521.4241511829113 -6518.338183018736 -322.2797835175187 4.1304102129348275
-509.2924693304011 -6517.697989986367 -329.1074933895624 58.09590814951039
-574.622295024417 -6457.126302605187 -259.01904249902833 -3.495977463787484
-563.5312910755357 -6456.32943391504 -268.82234451464564 -0.23741881855829355
-552.4402871266545 -6455.532565224892 -278.6454412369455 0.360656733569981
-541.1510588151772 -6454.765539517177 -287.91318723715875 3.3236231420610536
-529.0193769626673 -6454.125346484808 -294.75843826136133 3.1111402560945045
-516.24346593172 -6453.582143145349 -299.7600367696406 1.1388270937703633
-503.2197744475279 -6453.076243533933 -304.06963807482003 -0.7853820980307795
-490.2456390539848 -6452.562883176908 -308.5491666925625 2.870828637526162
-476.8254988446007 -6452.116669530361 -311.76503366438936 12.66107359991101
-462.1664563689918 -6451.856974524027 -311.4281248798865 19.46511507405792
-446.21895553650893 -6451.791258903513 -307.40302912576806 14.58153573553373
-429.62722552558904 -6451.822532975912 -301.5573895297161 -12.785299669495176
-561.3239712632842 -6391.125749305141 -254.74917675855698 -0.9091032273223036
-550.232967314403 -6390.328880614992 -264.627296554947 4.363281284020183
-538.0517293712438 -6389.696148328231 -271.3672398930122 1.7350122267967505
-525.4740427028928 -6389.123102006338 -276.9830224006389 4.555973905373896
-512.1034585841577 -6388.6694276141825 -280.3299235262579 1.6146831855698285
-498.43553792152863 -6388.260517695678 -282.8450656458049 -2.6610615978311563
-485.0649538027935 -6387.8068433035205 -286.2481527062909 4.550130004891936
-471.0005844149725 -6387.457619349884 -287.6760783953417 4.494443076424611
-456.2919858487146 -6387.205385089158 -287.27596079120775 7.715612993172137
-440.59226546947673 -6387.102365740602 -284.0518285184506 3.6622334232710254
-424.39698418374877 -6387.073953848133 -279.4376514924452 -6.791607789061235
-408.8954881671068 -6386.941091517144 -276.85992965142276 -7.179539205487335
-393.9886652382529 -6386.718700238852 -276.0290609517256 -6.351138644521846
-379.52784712523993 -6386.429162250083 -276.5140039127028 -1.6440483355081923
-365.06702901222695 -6386.139624261315 -277.03106641650527 -4.121961580075164
-350.80443526180994 -6385.820243290113 -278.1491517819472 -10.34991228379366
-337.1365145991808 -6385.411333371608 -281.00408847414343 4.0133697344490695
-535.7948534683434 -6324.499924463939 -257.3154242463477 4.211987643802389
-522.6224937122042 -6324.016407089349 -261.2749829802953 2.375313819281829
-509.0041291402243 -6323.600036425236 -263.9735821042413 1.3365294689468854
-495.1379841149992 -6323.220969489164 -265.9858686777346 2.770232397396108
-480.8753903645822 -6322.9015885179615 -266.8845639467002 0.9333068330625505
-466.4145722515692 -6322.612050529193 -267.2433197021773 0.8750539001092033
-451.75552977596016 -6322.352355522859 -267.06335343781655 7.041106343068997
-436.20447766866937 -6322.226953937477 -264.3494487203423 0.8244268313065313
-420.45520119878245 -6322.131395334531 -261.1023131944432 -6.633409590679009
-405.35015390733247 -6321.938847038673 -259.74377874921345 -4.518727839550872
-390.69111143172347 -6321.6791520323395 -259.7005915866029 1.7996772372477021
-375.7842885028696 -6321.4567607540475 -258.9794423222782 -0.2274748352776707
-360.8774655740155 -6321.234369475755 -258.29226465168864 -5.40497604911793
-346.6148718235986 -6320.914988504554 -259.48469853197076 -1.9109544517795483
-332.6000585264265 -6320.558303805308 -261.4178203360317 -4.599088202768294
-319.1799183170424 -6320.11209015876 -265.08261054323555 1.419884373409925
-305.5615537450624 -6319.695719494646 -268.2086571253216 4.574353664224176
-291.4971843572414 -6319.34649554101 -270.08917823885133 5.558006597625914
-277.03636624422836 -6319.05695755224 -270.86832886957774 14.840201169525795
-261.7330945901825 -6318.894252238818 -269.2761314632054 57.01097383419684
2145.865284632491 -4984.4431589866645 590.4308742969653 16.176264175563155
2194.9658101091522 -4989.3686821782585 666.7055200518045 -16.691103759368897
2021.4246031507164 -4917.43887780097 580.5543502651326 -12.51070800932604
2061.7041444918564 -4921.036388274245 636.0458074007381 -22.61680774712132
2050.395795467391 -4916.867262569041 566.0471317840539 20.62067452782627
2006.3308705239394 -4907.766584016599 416.27441450909765 0
1962.6623943056793 -4898.725591429026 267.2331560944601 -19.519782946952844
1992.6742645259833 -4898.310651854876 255.48439701822187 -22.763888446995093
2068.832415496997 -4907.309742148726 398.2970461223077 14.292303447545462
2151.135521708486 -4917.233964898035 555.1886136812475 45.38243266771119
2213.616191660377 -4924.173889403931 663.4428838990455 -4.763263806833473
1972.8769257819013 -4842.127313981477 414.96534832438186 0
1954.1351631600867 -4836.839076434992 326.77163537567486 0
2087.2845726856253 -4842.085106391965 395.3441917492825 0
2182.6704868284496 -4853.978965981924 583.1693699390077 0.19015654399444032
2321.825743679011 -4862.595821863989 704.3080223506814 -12.524622354976966
2336.6830105172157 -4862.365969840088 697.239820395635 -1.1059051530038804
2351.7880578086656 -4862.173421544229 690.7289405745911 31.082006180030675
2468.7535007131496 -4857.583021313445 585.6283105802003 7.891697529593332
2418.0976157133814 -4847.490063595069 422.89556353691654 0
2422.448991333999 -4845.67853350216 390.6557274092318 0
2071.245690782552 -4771.667791691668 308.8008820342523 -18.403639072022994
2095.4195026627685 -4772.8405598421705 324.71034893385007 -15.935206723273533
2312.347386454593 -4798.099476996935 717.9260764227607 -48.843697025988774
2327.204653292798 -4797.869624973035 710.8117679496632 2.0098118819675865
2342.309700584248 -4797.677076677177 704.2540029508265 -0.20291318838808498
2357.414747875698 -4797.484528381319 697.6614266548556 -3.524131927637161
2372.1233464419556 -4797.232294120593 690.0912340648827 -6.12037378381091
2386.187715829777 -4796.883070166957 680.9571374361182 -2.5085328521465686
2461.6042797492346 -4793.437331489992 604.300612695764 -5.256900887090256
2470.762596162805 -4792.349493721111 583.3745284867992 -15.786518587381419
2469.1672409055427 -4789.6426741551795 537.0199860278377 53.50890130194687
2467.1754369230894 -4786.876168624379 489.7283808103942 -9.627896163263543
2476.33375333666 -4785.788330855497 468.78990354642923 45.085647294645476
2501.597799211154 -4787.125235409389 485.8524460597698 11.852716910403002
2128.8567199403815 -4714.805220672104 442.450617922767 0
2161.7028476841724 -4717.2836193041 478.89533801134866 19.03594353810544
2278.893441712555 -4732.460206961812 716.957889946414 -5.1026745270989196
2301.5805708733014 -4733.4091527440605 728.5177411228922 -37.58529300101747
2317.3298473431882 -4733.313594141113 723.4843153565072 -5.432923158783161
2332.4348946346386 -4733.121045845255 716.8805099816332 0.10171765908696388
2347.5399419260884 -4732.928497549398 710.2418933096253 0.2028359442033583
2362.6449892175383 -4732.73594925354 703.5684653404834 -1.35888590305416
2377.5518121463924 -4732.513557975249 696.3898612569093 -4.854647714099018
2391.8144058968096 -4732.194177004046 687.6499209460417 -7.5989724011108235
2404.9867656529486 -4731.710659629456 676.2959780896048 28.217560751033524
2418.0104571371403 -4731.204760018039 664.5630587192871 -8.770680398083458
2443.3640548364388 -4730.088510356689 639.3779741527807 -5.225667451573769
2454.8515075105115 -4729.351327631408 623.9386273637817 -16.649959504875007
2465.10005791836 -4728.427626265914 605.5540488240947 -13.570571899487746
2473.4654768815467 -4727.2204165672965 582.7100482649463 -5.584597262429737
2482.425568932521 -4726.102735815983 561.2561836882395 -19.997814725909326
2486.9751689157347 -4724.321048705508 529.3945473674229 4.26114159256436
2494.448578247239 -4722.979545585936 504.417254842284 1.2476654584908673
2501.9715436693928 -4721.645503211974 479.54680913442456 1.1142457215277133
2511.1298600829628 -4720.5576654430915 458.515131327431 4.567910700357858
2522.220864031844 -4719.760796752944 442.01481611630805 135.13193169959695
2124.9686406028068 -4648.683864352355 427.611197601286 0
2210.4433366158314 -4659.0855748206095 589.9500888677817 5.560891208586692
2283.429897785309 -4667.607177395515 721.5801304831845 -5.9500962725556175
2306.563031761897 -4668.6232698882395 734.0824997271076 -32.8935992852099
2322.560088685029 -4668.565015013334 729.55418172955 -5.757931173052146
2337.8633603390745 -4668.402309699911 723.3401164711232 0.19920333216037128
2353.1666319931205 -4668.239604386487 717.0903900154493 0.22215033152635782
2368.4699036471666 -4668.076899073064 710.8050023625286 -1.4466882125072065
2383.5749509386164 -4667.884350777206 704.0146442204481 -7.898466385776903
2397.837544689033 -4667.564969806003 695.1966486157878 13.763887418234837
2411.2576848984177 -4667.118756159456 684.3561248925096 -30.675853601013447
2423.8353715667686 -4666.545709837563 671.4979061273433 1.2515348796057058
2436.6112825977157 -4666.002506498105 659.0826331863008 -4.752179002196725
2448.5447400876296 -4665.332470483301 644.6550643934016 4.001538985300226
2459.437519673915 -4664.505758810717 627.7523905807101 -6.834949021157636
2468.595836087485 -4663.417921041837 606.7454820866008 -3.8020464793016493
2476.3170258722353 -4662.113721650309 582.3414007027695 18.835390691718352
2488.052258999553 -4661.413842653072 567.3709197677858 -16.994280182693373
2488.141810824357 -4658.960688437829 524.9931648111957 12.572768613267677
2496.2594493342986 -4657.716175011168 501.4941677766971 0.2329368536285045
2503.584190393856 -4656.352289654772 476.1205707745914 0.30163965863916486
2511.7018289037974 -4655.107776228111 452.5998103497882 2.3014939435632558
2521.5043744958048 -4654.116928152142 433.02282965469027 2.6783736581339084
2532.198929719494 -4653.260373497124 415.52245294309483 6.836504907030988
2544.3306115720043 -4652.620180464756 401.372274286648 -59.67320533655844
2130.793555032435 -4584.0248141718785 436.0666295298155 0
2237.1809212993367 -4597.574959286932 647.8185276353369 4.203122076490363
2289.3043683055866 -4602.955587960647 729.3094583483688 -6.295397989368052
2312.4375022821737 -4603.97168045337 741.6870092007408 -34.62072548855412
2328.1867787520605 -4603.876121850423 736.4842737892158 -1.8174785304023786
2343.6882747687027 -4603.743259519434 730.6570080897799 0.5484587934452742
2359.2393268759934 -4603.617857934053 724.9104974909009 -0.3322225526181224
2374.7408228926356 -4603.484995603063 719.0100810539184 -22.22765484624694
2387.318509560987 -4602.9119492811715 706.1660524630321 32.12261376857415
2403.9102395719065 -4602.94322335357 702.7722500604519 -24.152207385727042
2417.330379781291 -4602.497009707022 691.8580622600601 -2.3584856223014814
2430.3045151748343 -4601.983649349997 679.8648963141438 -1.8351031971014449
2442.882201843185 -4601.410603028105 666.9119212016707 -4.680192118685256
2454.369654517258 -4600.6734203028245 651.3688393908376 -3.452880769197652
2464.4199805625103 -4599.719875954896 632.4253681774289 -3.287810486088009
2472.785399525697 -4598.512666256279 609.5055217776453 -0.5033241019843643
2479.862360132009 -4597.111477171839 583.5469883954501 3.015784282616579
2491.1515884434866 -4596.344451464126 567.4691062668693 -16.14502277747246
2490.596911089854 -4593.7943075559715 523.5770381250818 10.726827072489934
2499.358778778232 -4592.6467838222225 501.5485485807974 -0.4537722052278847
2506.68351983779 -4591.282898465826 476.13711845617405 0.7797593520312297
2514.602933985135 -4590.008542056731 452.11000564667506 0.7469200015437882
2523.1170212202687 -4588.82371459494 429.46507188344015 0.2720518848472422
2531.6806645460506 -4587.646347878756 406.9238034575554 -0.08055161794014933
2539.7983030559926 -4586.401834452096 383.3263987012884 1.6177761019894756
2548.6097268350195 -4585.261771463955 361.34022403890094 5.471684228440581
2559.8989551464965 -4584.49474575624 345.13214448124853 45.82973297630915
2144.894336600445 -4520.611708508025 464.2267098810227 0
2246.6234303463416 -4533.460543535877 664.2236672790302 15.880835341701054
2296.417741092089 -4538.49051716599 739.8895993717297 -9.118403745756048
2318.708421527643 -4539.37977698337 750.1437162962912 -34.93260375500415
2334.408141906881 -4539.276757634814 744.737232899914 -3.587303522575613
2349.760969651576 -4539.121513066999 738.4735221992678 2.8317263917913817
2365.510246121463 -4539.025954464053 733.1100325156181 -19.420169832205087
2378.880830240198 -4538.572280071896 722.0973161277129 26.821968646083995
2395.472560251118 -4538.603554144294 718.6495382364642 -11.872840462417589
2410.577607542568 -4538.411005848437 711.6596030445428 -11.550788182718465
2424.1959721145477 -4537.994635184324 701.1370145717024 -1.4786848667612036
2437.616112323932 -4537.5484215377755 690.1196475963128 -7.257854100086391
2449.7973502670907 -4536.9156892510155 676.163932703068 -5.829076345441677
2460.4423494001317 -4536.051673850389 658.5783394838346 -2.265621768439311
2470.046670629543 -4535.030982791985 638.5327455526594 -3.7542738586226587
2477.5696360516963 -4533.696940418022 613.591152802397 -0.9132118345168719
2484.0023674795716 -4532.198761640671 586.0840699034699 1.2852140825993728
2489.9890940916066 -4530.633436152846 557.5243358486928 -0.42682893411896977
2496.02537679429 -4529.075571410626 529.0739332659642 1.1259729721923124
2503.102337400602 -4527.674382326187 503.0531014934605 0.10296972486307299
2510.6253028227557 -4526.340339952225 478.0669544575203 0.36655825253610597
2518.5447169701015 -4525.06598354313 453.9980578135799 0.09018010452635215
2526.464131117447 -4523.7916271340355 429.9182743761303 -1.1130228319066657
2532.896862545322 -4522.293448356685 402.3540356334033 -1.1777424323378658
2537.396906437887 -4520.504300500603 370.2680629312944 0.7031603281090405
2541.302277242664 -4518.625623697217 336.7892731818266 2.105309180282326
2547.7845647611884 -4517.134905665475 309.3223597843592 -10.10081081609781
2559.2720174352617 -4516.397722940195 293.52363942736105 5.058282386881111
2574.5752890893077 -4516.235017626771 286.5967344118798 71.52452698657275
2260.079982735915 -4469.950448179114 690.0218074607722 9.219071528455112
2303.283333425346 -4473.988142643292 749.7837912794967 -4.900524680640155
2324.1368872320795 -4474.661040838025 756.5194226204562 -50.54128193079705
2339.4401588861256 -4474.498335524601 750.0927931484812 -0.6615778964403427
2354.7434305401716 -4474.335630211177 743.6305024792589 3.341842666897717
2370.4927070100584 -4474.24007160823 738.1833456567515 11.212473746425317
2387.6791101087656 -4474.3608746279315 736.0811151105756 -12.349119183915292
2403.676167031898 -4474.302619753026 731.138174484742 -26.78968939491441
2416.452078062845 -4473.759416413569 718.5890700412484 8.104115382651084
2430.466891360017 -4473.402731714324 708.9228273545899 -4.50193954889511
2443.887031569401 -4472.9565180677755 697.8314172372452 -7.545066885816966
2456.0187134219113 -4472.316325035406 683.6921434356171 -11.749587308263052
2463.095674028224 -4470.915135950967 657.689162116595 1.8750109216476765
2469.9744102719405 -4469.484103884092 631.2130395154583 17.104441075544397
2482.9485456654834 -4468.970743527068 618.9931622149755 -14.178857611912989
2489.430833184008 -4467.480025495327 591.5662693667518 1.4732910549417721
2495.2193354334463 -4465.884857025067 562.5096809506712 0.3452153343802304
2501.25561813613 -4464.326992282847 534.0257839818044 0.6178530858492386
2508.0847982891974 -4462.888499470365 507.3872339442463 0.4386379572431681
2515.8059880739474 -4461.584300078837 482.8229180658773 0.16338802646839015
2523.725402221293 -4460.309943669742 458.7107526785646 0.252628959878147
2531.2483676434463 -4458.975901295779 433.66303614611314 -1.749091167505437
2536.194416351852 -4457.253900150174 402.59750344631 -1.3753581951977483
2537.57242653353 -4454.994725320754 363.2099674790799 20.776234142582737
2537.8602027209295 -4452.5714140879445 321.2803899664892 2.083403549393534
2541.1213443472693 -4450.595747591649 286.280452539868 71.44980859171899
2549.486763310456 -4449.388537893032 263.16841092854656 11.195290715388465
2572.986787788664 -4449.22654812459 253.95831354804454 24.470365336788653
2584.999359592798 -4449.801741081429 260.5842521825072 21.570335141495725
2358.685213525138 -4409.393071697577 746.2615364281985 -15.7229845265562
2375.276943536058 -4409.424345769976 742.7135232554418 -4.435226088873056
2391.422668731136 -4409.388473131896 738.0766206190511 -4.896260983664939
2406.9737208384277 -4409.263071546516 732.0050311440509 -5.178584302470591
2421.8309876766325 -4409.033219522615 724.2703145394363 -6.350343549868229
2435.8953570644535 -4408.683995568978 714.6446917751001 -6.046963539100394
2449.1172729112413 -4408.207938939996 703.0169301356759 0.07791346104917816
2462.0914083047846 -4407.694578582972 690.7824837204741 -14.78480694221005
2469.812598089534 -4406.3903791914445 666.2454789406213 -4.27273181459511
2473.519744531715 -4404.481859405624 632.3194520264362 28.47227052588928
2488.6247918231647 -4404.2893111097665 625.0080498074278 -26.222455152999267
2494.6115184351993 -4402.723985621939 596.3884421792454 0.2524712702125182
2500.2017963220424 -4401.098974169245 566.8372968637976 0.6956320275256389
2506.4363033873215 -4399.570952409459 538.7823549192492 0.7773072620273169
2513.513263993634 -4398.1697633250205 512.6837194682736 0.20353145064012323
2521.2344537783833 -4396.865563933492 488.0768780950601 0.39992736440971915
2529.3520922883245 -4395.621050506831 464.3826688659822 -2.026867211483869
2536.0326041694457 -4394.160175457524 437.33270286737104 -71.65854732171265
2539.6901945209775 -4392.2441949260965 403.24213252964563 -11.859846392127837
2539.82930243643 -4389.798501456463 360.9639580272815 -19.34610996245211
2538.2339471791684 -4387.091681890531 314.6507791148233 0.9887071121774988
2539.5624012701974 -4384.825046315502 275.1393663689607 92.77699239173452
2379.0205021584275 -4344.45194427394 744.7274589901267 23.738010057376
2395.8104565319436 -4344.513061328772 741.517381892023 -8.290206289526036
2411.7579573644266 -4344.4473457082595 736.2926336967247 -5.305787799914781
2427.0612290184727 -4344.284640394836 729.5225352557449 -11.756273983510416
2440.8778179530486 -4343.898112713157 719.2424152911613 -5.250117653396808
2453.9015094372407 -4343.39221310174 707.081207445215 3.333054597517763
2467.519874009221 -4342.975842437627 696.2810619623796 -7.690524838819044
2478.809102320698 -4342.2088167299125 680.0217753450235 -21.557801472610695
2481.872019584442 -4340.203307251182 644.5702372164595 14.403110774356717
2493.409028349164 -4339.47358527151 628.8607182311041 -8.730375651743532
2499.8417597770394 -4337.97540649416 601.2467918712085 -1.440141162162991
2505.432037663882 -4336.350395041466 571.6644812165258 1.2909630821415468
2511.8647690917574 -4334.852216264115 544.0361824952302 0.13892090190727027
2518.7435053354743 -4333.421184197242 517.4374454739941 3.1503146308344667
2526.6629194828197 -4332.146827788148 493.2490354298736 0.2917179611962406
2534.7805579927613 -4330.902314361487 469.51022024532307 11.326407356264165
2541.6592942364778 -4329.471282294613 442.8834607950425 -41.297950262674156
2545.118660225414 -4327.525458780751 408.3114188498885 3.73899122228169
2544.3657585091846 -4324.945471890164 363.95997032237005 -29.694576246059704
2541.9279497108896 -4322.111819648887 315.69749201711437 -41.27400464411538
2541.6210528105016 -4319.598979468777 272.3817674143582 39.4043440286663
2417.186423068863 -4279.728609562914 742.0100601280724 -11.183933374396952
2432.489694722909 -4279.56590424949 735.1576473827295 -14.579868694542473
2445.909834932293 -4279.119690602943 723.8785507803452 -10.177992867480661
2457.595511968962 -4278.412350860097 708.5300021087221 -3.9789303705743917
2468.4882915552475 -4277.585639187514 691.3133842221895 -0.6751005735812868
2478.9350663256914 -4276.6917808044545 673.0397241995202 -6.08152970406434
2487.4987096514737 -4275.51441408827 650.3687174593906 -2.9659659498515563
2491.6023048188467 -4273.6655802673195 617.3164366804234 10.845148386603094
2502.941089220973 -4272.906015305214 601.0746146989093 -7.1708541140275015
2509.5720450114445 -4271.437679510297 573.8800218807096 -0.8425352287649825
2516.6490056177568 -4270.036490425859 547.7127580751132 -0.6014562584234138
2523.9241905866656 -4268.665144323853 521.9964629280029 36.13340292831034
2532.2896095498522 -4267.457934625236 498.7990690785116 -12.10664093689389
2540.8532528756346 -4266.280567909052 476.0491183437508 -10.018083605498846
2547.930213481947 -4264.879378824612 449.8427781512306 -4.302447662177816
2551.389579470883 -4262.93355531075 415.2500534553231 6.76387291155617
2549.9924485762167 -4260.2565787272515 369.4084863999929 -46.34875176166854
2546.712186236889 -4257.29609381063 319.20554115301496 29.64051081931293
2437.918160427345 -4214.847168104146 740.7109568153448 -62.94556200483273
2448.3649351977892 -4213.953309721086 722.4409010547981 -6.445311518428511
2457.9692564272004 -4212.932618662682 702.1938993927338 -0.781291214538723
2468.416031197645 -4212.038760279623 683.8895815902072 -2.314125793671673
2478.0203524270564 -4211.018069221218 663.6107978076941 -9.475833749411215
2485.097313033369 -4209.6168801367785 637.4496732682591 -9.500950701407504
2484.592191770385 -4207.074196974234 593.6817353887449 7.323403673877519
2490.8266988356645 -4205.54617521445 565.5560909772653 5.899364201177382
2502.3141515097377 -4204.808992489169 549.6057061360069 2.0791212684293012
2515.536067356526 -4204.332935860188 537.6530770157092 9.42974721723978
2526.181066489566 -4203.468920459563 519.7070637304626 -11.029724953273668
2536.4296168974147 -4202.545219094069 500.8253376049173 -23.534617876938135
2545.8357137642297 -4201.494685053231 479.9783110149893 -44.53795060987838
2553.110898733138 -4200.123338951225 454.1914869686456 -2.0921884790227376
2556.372040359478 -4198.147672454929 419.1207031142051 6.282035146426703
2555.420914280653 -4195.537842581907 374.31507145227096 9.67045997635128
2551.744203216134 -4192.517671700418 323.2111317103281 23.98980884138081
2443.3275054187934 -4145.192280545883 660.9598742433014 -16.239961970274628
2454.814958092867 -4144.455097820602 645.045165368886 -11.257198101335474
2463.1803770560527 -4143.247888121984 621.8667293284063 -7.596858006906915
2462.8239240650164 -4140.727587196266 578.4471740398373 -15.187432866599957
2447.3033073353863 -4135.924298114337 499.8349623104032 2.00155680287509
2412.554927433946 -4128.226239736298 376.4949765412294 4.49448675716384
2442.2294653762006 -4130.227150649348 402.87474086294407 13.883971311937595
2496.6324925523045 -4135.950973621055 486.41253257754806 17.05129341022758
2517.8824950842304 -4136.683557780655 492.9716788880831 7.564872982788952
2534.672449457746 -4136.744674835487 489.1654021013898 -25.115818899237468
2547.448360488693 -4136.201471496029 476.05441814484294 11.062651524434974
2556.8544573555087 -4135.15093745519 455.1465963396924 -30.867438277290432
2561.602281701318 -4133.39909332715 423.48548381673385 -30.807458573381712
2561.29538480093 -4130.8862531470395 380.1681023593856 6.600846055592625
2409.2997626101346 -4072.066715189689 532.2118927790841 -0.49895527343430796
2416.574947579043 -4070.695369087683 506.5206006021743 6.703235909975529
2406.109052095611 -4066.653076057825 439.632437902827 -43.144485184703726
2390.588435365981 -4061.8497869758958 360.98514760276254 3.699049013974781
2385.0685885909543 -4056.085492800431 262.9909521823406 11.1844471477174
2446.062575823375 -4062.8015949380715 361.96698111796593 28.889365114226287
2483.765200450767 -4066.0111466397034 406.6294409252363 4.060871498516158
2515.3724259283335 -4068.303026631486 437.03158459821367 -0.13310934220556078
2539.9922426243907 -4069.542941492466 451.1962428722343 -3.6112826992821603
2556.980421360502 -4069.633901529732 447.7111075238132 -16.544434061383196
2565.544064686285 -4068.456534813549 424.80653029157736 -1.9142964770634732
2336.6182690952583 -3993.1217682588417 313.73851680330915 -18.349323319544222
2421.9956072351642 -3991.1756394491917 256.44435899975787 0
2470.501459624038 -3996.011633693483 326.00002376775166 40.775384845022685
2514.349039491906 -4000.146317850573 384.50739547964815 -9.944984790304574
2548.03762077673 -4002.7515491579134 419.4074014639105 13.279898151919237
2595.6078093081937 -3864.0414958699976 256.92992357213154 -38.61114551704809
2610.273705740421 -3799.480150927414 260.98430317552913 -22.659661705074488
-1895.985693247813 -2212.950377305796 262.7153559833013 -186.226495101569
-1883.0229099877465 -2179.66730786763 263.0480880345957 -7.061858863068739
-1881.9935842175946 -2147.054274444268 271.8663612319156 -11.504029304600433
-1872.191038625587 -2146.0634263682973 257.34381031602453 -0.556149313861993
-1881.2120389006873 -2114.403937292863 279.98174167055504 -91.91479244467465
-1871.8059420338718 -2113.353403252024 264.3303458630249 -1.0171710875453324
-1871.8668502579976 -2080.5762334252736 270.06593731356793 -1.4301767554252127
-1872.07642675407 -2047.776681361698 275.3809687758311 -2.05670048622209
-1863.5623395189366 -2046.5918538999058 257.19053948580955 0.012654942893095607
-1872.3355593407919 -2014.9696685525132 280.55200325457383 -65.42448268903254
-1863.7719160150095 -2013.79230183633 262.4797412396073 -1.0075384132964924
-1864.2292729643273 -1980.9554460447114 267.07469308413465 -1.6735815657767952
-1864.9344103668898 -1948.0812865250502 270.97703954979806 -2.1081561921642313
-1865.7882160413992 -1915.1847447685636 274.46318661096325 52.01497248807878
-1859.4163928376493 -1880.9093961644633 256.079812810335 -0.6942733889417695
-1860.2701985121591 -1848.0128544079766 259.54319596184075 -0.538874271384204
-1860.9753359147214 -1815.1386948883157 263.4142477600612 -169.88789872807922
-1064.7627613962168 39.89482494855101 -309.9541679388346 1.0649800583442888
-1067.0023458319156 42.69863420739393 -357.65764923307626 5.744352299171282
-1044.7116653963612 41.809374390014824 -343.46445977201654 2.0435321397200394
-1004.432124055221 38.21186391673957 -284.0572948949763 1.9885842828570985
-1104.8363097952497 71.29605010761563 -281.434389181521 1.4107213109991688
-1122.2400579695413 76.38284752266853 -367.4919090139401 0.5492845177075678
-1142.468503310826 81.8949074374076 -460.7361532476461 4.960981277198133
-1127.759904744568 82.14714169813348 -465.53821261291034 19.06235477524613
-1099.968498246975 80.42973911820762 -437.30529512728384 1.469716075013058
-1079.3627248934863 79.79414465151851 -427.3146635825581 -5.7464069170794865
-1070.2044084799159 80.88198242039968 -446.2544740102482 55.12203835413866
-1049.1526303105863 80.1792412432338 -435.23185252375066 20.950317787240394
-997.9211929360181 74.93290599047357 -348.37861156641816 3.7531899745711605
-1147.2389944547854 103.04793031028112 -258.88289966384247 -0.7530007989564239
-1158.1013386634095 107.14990930500815 -328.4262552008859 -0.9706841127027537
-1197.9539959016965 115.61642448072483 -471.5055702125153 14.417527304766981
-1178.190676089241 115.10766268938073 -463.4015698190519 6.5453158929790085
-1148.912586872178 113.16643774119899 -431.26401930073814 -11.866872640695924
-1144.1647625263686 114.91828186923928 -461.283946913876 -0.29126418615418603
-1133.7179877559242 115.81214025229868 -476.8935362858216 37.87530547772829
-1117.5722625608453 115.8480128903772 -478.1188857595201 37.77881337538976
-1096.7682648447608 115.182575441254 -467.62522682132567 24.702306076873594
-1072.5448968738956 114.00234654514225 -448.5753255250672 3.0575699307289907
-1047.3304070900504 112.67290273685991 -427.1150307774259 -14.837330194660215
-1021.86813685296 111.3061552005349 -405.1230525421164 -22.255148302691158
-1012.2142595328997 112.31938551333081 -422.9221971307556 46.170528949495896
-958.0590128100406 106.63286626966733 -329.1305231696336 3.3792604141027596
-1212.8339295380513 138.29143945773833 -295.25995619862067 3.8922433473532894
-1228.4041023583302 143.10218928527564 -376.82424955303634 -20.2076997996014
-1218.998005491515 144.15272332611417 -394.9589625876815 -5.569645584923128
-1236.2035293032106 149.20967775873297 -480.6847997653304 1.8047780722896012
-1220.2560284707279 149.27539337924563 -482.2015875713885 22.859158669455283
-1194.1990851458497 147.81911689561827 -458.11986447925165 -21.137062729342407
-1183.3063055595644 148.64582856820093 -472.54180837205115 5.378394516407195
-1170.0843897127763 149.1218851971827 -481.0856089148913 26.1534013816322
-1154.5828936961345 149.2547475281721 -483.8898072004067 27.48911118930863
-1136.7027053283407 149.0294940699521 -480.7188562304111 26.28635861417536
-1116.741161153289 148.4908892961739 -472.34111824043123 12.652764136835469
-1095.7389390746084 147.79560886461655 -461.39782123567477 2.9248917850072513
-1075.9756192621528 147.28684707327247 -453.63937089120736 7.4558427442373
-1057.3025334439753 146.94222168531599 -448.68152615467767 10.369486220338992
-1039.2241207135855 146.68712524466187 -445.27012399663016 22.107616107188143
-1017.3298890032231 145.857551392151 -432.32629310702936 9.187746948687517
-985.5244391630612 143.53582841793428 -394.6049981638841 -1.7276988224137273
-943.4113224679082 139.66227035714343 -331.24262099329803 2.671856002500941
-1260.9355646222218 170.90130540538473 -287.4627483588498 -0.4046281639005994
-1276.5057374425007 175.71205523292204 -369.08902896064313 -11.20919821897621
-1296.8828510557323 181.24649738448673 -462.98503098543887 -9.801408278385624
-1283.462710846348 181.69271103103435 -470.8244503740034 18.009630010838798
-1257.40576752147 180.23643454740701 -446.5599665368559 -6.259069658626378
-1247.7518902014097 181.24966486020287 -464.0467462047394 -6.455870222552269
-1236.4626618899324 182.01669056791732 -477.3968850516173 -10.892149942000225
-1224.9752092158592 182.7538732931976 -490.2645279558947 18.777212241993503
-1210.266610649601 183.00610755392347 -494.98665062484537 34.17670785842927
-1192.4359783724562 182.788314841312 -491.8343607787938 26.726051273016726
-1172.8708829225968 182.30939603240202 -484.34123215609713 16.1668952596071
-1152.7111143849493 181.74094827618967 -475.4016691115854 7.662223237058056
-1131.4611118530238 181.0083641165897 -463.7697353026641 -0.8566874308286979
-1110.2606654117471 180.28324070259825 -452.3286454225353 -5.025119566335186
-1090.0513407834505 179.70733220077736 -443.4492214669869 -10.934171633015158
-1071.7747036904648 179.4223927776891 -439.4920206803678 -18.35029266803119
-1055.827202857982 179.4881083982018 -441.4388434771415 -9.915640031921555
-1041.1681603823731 179.74780340453623 -446.66017489366567 24.189886193843005
-1024.5764303714532 179.71652933213798 -447.06450771513624 37.35736825619702
-1000.1548380379919 178.5064574535921 -427.88497475596574 -3.0518667960367845
-978.7066111434705 177.744030311558 -416.23299939099047 24.05712531407871
-1326.0749345331528 203.60959213590607 -281.21702741297935 -0.156279140773828
-1327.6702897904147 206.31641170183812 -327.2917177919155 1.6982240768869241
-1314.6465983062226 206.82231131325398 -336.1017856310127 -12.963174339719933
-1341.4164476131748 213.3191896483189 -446.3643880814759 5.154510011379234
-1328.1945317663867 213.79524627730072 -454.64803573392663 15.83095440221896
-1303.5747150703294 212.55533141632074 -433.9298953876645 -13.2481861483612
-1296.4977544640167 213.95652050076015 -457.92628623320684 -6.007741303964774
-1287.7358867756384 215.10404423450953 -477.6454886947161 1.0903576969755102
-1276.644882826757 215.9009129246581 -491.4563732836681 21.7410790309701
-1262.5805134389361 216.25013687829482 -497.7337357206095 18.84894504700509
-1247.0790174222943 216.38299920928424 -500.39412451841974 25.21382169524818
-1230.2890630487784 216.32188215445188 -499.82391065461445 31.485596326674877
-1210.9717480521638 215.88026707358458 -492.8940317711576 13.894567077272624
-1190.3659746986752 215.24467260689545 -482.7592095315701 4.904252060312123
-1168.9177478041538 214.48224546486134 -470.5575365561595 -1.0698822103219412
-1147.4695209096324 213.71981832282722 -458.42292925185495 -3.241158481298256
-1126.2195183777067 212.98723416322727 -446.85515678671015 -4.007148947210429
-1105.2172962990264 212.2919537316699 -435.97727706160373 -10.618767768477275
-1085.6522008491665 211.8130349227599 -428.7790086752106 -21.553983379799824
-1068.465797750459 211.69223190305934 -427.61498869927954 -27.69227719903842
-1053.7571991842008 211.94446616378522 -432.7169690801448 -10.5888714322296
-1039.9406102496248 212.33099384546463 -440.0902639985324 5.764142925368486
-1025.2320116833669 212.58322810619052 -445.25667363476407 43.57735322541842
-1004.8740187831232 211.98493736754403 -436.3063724472137 16.15941340337134
-969.2527499629888 209.08873698147056 -389.2510592799773 -0.9158012417362571
-924.9591652792799 204.88690611390442 -320.74253370393023 3.9411581033483403
-1367.0996090110107 237.62064716799188 -297.7007375730463 -0.5028658884049213
-1388.1209518026792 243.25207901246742 -393.3999145488028 6.90952804787733
-1362.856905928185 241.91517445857656 -370.8709422177259 -3.0906842480333885
-1358.5550863982162 243.73416529709357 -401.8938998330274 -6.275168133377742
-1349.793218709838 244.88168903084298 -421.54468780083704 -7.5269514611332
-1340.5853462056184 245.96206605411564 -440.0715911405749 -9.385359379619144
-1331.625254154644 247.07974680543094 -459.243945356915 -3.5271406507854683
-1321.7731524719877 248.0631341357927 -476.1585121611691 10.65064597836476
-1309.4432462568816 248.673484185728 -486.78402350667494 16.653266027758388
-1295.5771012316566 249.05255112179887 -493.5275016044732 14.287416351237063
-1280.9180587560477 249.31224612813327 -498.28638353213506 25.171503246728506
-1264.5245531077237 249.31081503816915 -498.675742328637 20.125586442815823
-1246.8921451931749 249.12286530799182 -495.96409126903785 14.439247351686223
-1227.9712789217522 248.7409361919927 -490.03504204484136 8.468307392498318
-1207.6132860215087 248.14264545334626 -480.5225809906372 1.6038459522246877
-1186.5615078521791 247.43990427618039 -469.31745469713263 -1.6503297051646966
-1165.3610614109025 246.71478086218895 -457.801773891777 -2.5597398705419785
-1144.1110588789772 245.98219670258894 -446.2267488230237 -5.778453957518518
-1123.3070611628928 245.31675925346573 -435.840915155265 -9.196507167997304
-1103.3455169878412 244.7781544796875 -427.63782047209116 -12.992673649633035
-1084.6228750790144 244.4260683461225 -422.60684386064264 -23.658410808668815
-1068.0807011587433 244.40225501933278 -423.10245401482024 -22.2584419948688
-1053.3721025924856 244.6544892800587 -428.23918780347475 -9.181013379842005
-1039.3077332046646 245.00371323369546 -435.02401552329366 8.526303899686397
-1024.0044615506185 245.16641854711898 -438.73620374394386 28.82510064401654
-1004.6871465540039 244.72480346625164 -432.43985217612334 17.124952998215342
-971.1967896317761 242.1494151413449 -390.7885274259676 2.7820277716373742
-923.1369420587437 237.3805676075305 -312.9866694083626 0.2397125367425218
-1404.8440211495408 268.6712172834556 -263.86953343842646 -0.007584646970293633
-1411.2958732904042 272.1091899190235 -322.35911105396144 0.37155902490661197
-1421.3157639579954 276.08433623840557 -389.9789890786455 7.729595316907322
-1394.8128158172763 274.56091304430146 -364.21970085102674 -8.957570212013225
-1392.1959033693734 276.63356923350847 -399.5313825896809 -2.9970214695392188
-1386.357845029286 278.22127695816107 -426.620021240757 0.6674034834338309
-1376.9517481624705 279.2718109989996 -444.60938181313304 14.335673022402005
-1365.2660711258015 279.9791507418458 -456.7999618937996 12.1816456966841
-1352.8866088200464 280.58204004617255 -467.2442704235268 4.367124402949599
-1340.3089221516952 281.1550863680652 -477.2079513048319 12.713820065101475
-1326.690557579715 281.5714570321788 -484.5483301855621 14.297592747391233
-1312.0315151041061 281.83115203851315 -489.27145763609906 16.89549795331735
-1296.282238634219 281.9267106414599 -491.2579180836416 13.572448650809404
-1279.6905086232994 281.8954365690617 -491.1438125321472 11.342626728720493
-1262.0581007087505 281.7074868388844 -488.432409400445 5.211040320995728
-1243.7814636157648 281.42254741579615 -484.1355715175071 4.659530032115869
-1224.6623729817463 281.0107753173629 -477.75663753005017 1.9023761584242933
-1204.8990531692905 280.50201352601886 -469.80333717630873 1.4267203334343597
-1184.2932798158022 279.86641905932976 -459.780488012934 -3.98846614208221
-1163.6875064623134 279.23082459264054 -449.8198194491185 -7.236453778470013
-1143.5277379246659 278.6623768364282 -441.04485647237993 -7.540329221266688
-1123.7644181122103 278.15361504508417 -433.3271681721646 -9.020148988034999
-1104.6453274781916 277.74184294665093 -427.2863501913276 -13.809419020072424
-1086.8146952010468 277.52405023403946 -424.53506749192775 -15.022694657958489
-1070.421189552723 277.52261914407535 -425.4367155330368 -8.889768876451436
-1054.8701374454322 277.6480207294562 -428.4906621607201 -3.0850798645162945
-1039.5668657913861 277.81072604287976 -432.2019338477782 8.596378816850393
-1023.4211405963073 277.84659868095827 -433.84071980314627 30.541555424549532
-1003.0135916054147 277.2408471967033 -424.86521788572605 14.649953890262898
-969.7710151364321 274.7027625998392 -383.9162867531624 2.3446660756441733
-925.9234352685642 270.5680784427498 -316.7171846231473 3.02201768818764
-1456.4241429356348 304.2714111301581 -307.50654369125306 0.5983276158460765
-1465.601580062193 308.1197247741951 -373.001569974932 13.827333010122128
-1439.544636737315 306.66344829056777 -348.2706128892371 -12.61417998726419
-1433.7065783972273 308.25115601522043 -375.32493372181546 -2.479326637605432
-1425.39071552469 309.46582645944665 -396.0508212129239 -3.9186180845771545
-1416.1828430204705 310.54620348271925 -414.5093148079477 -1.1350352046121592
-1406.1820730658671 311.50720857625544 -430.95716751729117 14.923554911179817
-1394.645064301145 312.23693055592724 -443.50083529874735 6.2588752423531675
-1382.513382448635 312.87712358829657 -454.5491733573897 11.690025381623139
-1369.093242239251 313.3233372348443 -462.3372664233526 4.481922717534091
-1355.6731020298669 313.7695508813919 -470.1533583278334 6.330794866732233
-1341.8565130952907 314.15607856307133 -476.9886913142813 11.488229300205882
-1326.9496901664365 314.3784698413631 -481.0817220537037 11.680143987749515
-1311.002189333954 314.44418546187575 -482.565213980494 7.707230554137741
-1294.212234960438 314.3830684070434 -481.94920530217354 2.615820669395287
-1276.9762757710812 314.25480464173427 -480.2447628944227 2.2444055359978132
-1259.1456434939364 314.0370119291228 -477.07854875874006 -0.3405044954074381
-1240.8690064009506 313.75207250603455 -472.83117372993365 -2.8470299123662453
-1222.34458885472 313.42982935490375 -468.007099725276 -4.245238431279184
-1203.6715030365424 313.0852039669473 -462.8585141440663 -1.2478756075287516
-1184.3541880399277 312.6435888860799 -456.13651362520574 -4.502761331701304
-1164.987316952664 312.19451305960405 -449.3447070808675 -5.964805081379347
-1145.8682263186454 311.7827409611708 -443.231927888319 -5.368397574539239
-1126.9969161378717 311.40827259078026 -437.79620488776726 -6.168500094039746
-1108.720279044886 311.123333167692 -433.9069724517833 -2.972489147690345
-1090.8400906770923 310.89807970947203 -431.0622492144854 -2.8637213000939434
-1073.6041314877352 310.76981594416293 -429.88027582194024 0.5635103690668517
-1056.8141771142195 310.70869888933055 -429.85989684461316 14.835072645999483
-1039.379993562267 310.55059214158734 -428.2697935805717 14.102723926253423
-1021.351136922526 310.3029564465417 -425.2385484076024 24.49440492901471
-999.7046856654086 309.5106863220735 -413.22237133069075 15.673592731177408
-965.5700995647439 306.838308304256 -370.14120319307 2.1629989131379888
-920.2358369774063 302.47980177891066 -299.37059036296483 3.942489291318953
-1503.6833244787722 336.7544444024595 -298.2305139876447 1.6318786903743276
-1489.420730728355 337.0738253736622 -303.63250494882584 -2.304512583994562
-1485.1189111983865 338.89281621217924 -334.58712418098855 -0.5197558751801559
-1478.4383993172657 340.35369126148686 -359.45157836419355 -2.218758628508263
-1469.2305268130463 341.43406828475946 -377.8526181178994 -4.4456419563596645
-1459.626205583635 342.45475934316386 -395.25332328296963 3.431022204033612
-1448.535201634754 343.25162803331244 -408.8671408464388 13.371792099722972
-1436.2052954196479 343.86197808324766 -419.33448217818653 10.792854692548524
-1423.1816039354558 344.3678776946636 -428.0540107092828 7.351100812587368
-1410.0092441793165 344.8513950692539 -436.4206563857295 2.930396071870587
-1396.9855526951244 345.3572946806698 -445.19346751308177 5.376130796109553
-1383.6149685763894 345.81096907282597 -453.1088502072458 3.7165752318760013
-1369.9470479137603 346.2198789913309 -460.29496614811956 1.119405683043554
-1356.3286833417803 346.63624965544454 -467.63611879607214 8.992081215693654
-1341.8678652287674 346.925787644213 -472.8643114555605 13.562532397380538
-1326.1185887588806 347.02134624715984 -474.85186477695834 6.1943056415962054
-1309.7746392012054 347.0273759028042 -475.36791431691694 8.051735741469042
-1292.5386800118488 346.8991121374951 -473.662712746071 -2.373241695287352
-1275.3027208224921 346.77084837218604 -472.0019932701394 -1.6379004444766398
-1257.9180933611883 346.6202023700513 -470.009558143258 -0.49608548720315704
-1240.2361293559907 346.4247918942654 -467.3106584511722 -3.991835519692581
-1222.6037214414416 346.23684216408805 -464.7835686916281 -2.368141166539147
-1204.7730891642968 346.01904945147663 -461.80276120926237 -1.8444109783911486
-1186.6946764339075 345.7639530108225 -458.24480644996487 -2.2228499709192504
-1168.4180393409215 345.47901358773424 -454.23635595130435 -2.360425814218759
-1150.1414022479357 345.194074164646 -450.2775387573173 1.5782187596358865
-1131.468316429758 344.84944877668954 -445.3721336750344 -0.6677084553429832
-1112.9438988835275 344.52720562555874 -440.891593118255 3.452439491904075
-1094.2708130653498 344.1825802376022 -436.08914160044264 9.213031193788735
-1074.953498068735 343.74096515673494 -429.7245444788953 14.858554496777758
-1054.3477247152464 343.1053706900458 -420.1909938887917 3.5058387655469456
-1033.097722183321 342.3727865304458 -409.10952777132354 3.00569845272748
-1011.6494952887995 341.61035938841167 -397.599138417762 8.015480658914061
-987.6739077711792 340.4674342203426 -379.85473529014416 5.549290115864248
-953.1428729453226 337.73537023765675 -335.9204861418956 0.5273163087923861
-911.3766488847125 333.9140373961256 -274.18631057030507 3.369449919011378
-1532.4676445663276 368.9226952692385 -283.598635060094 2.840039277401043
-1531.932087925683 371.3087027740038 -324.1974657462699 2.393048040662179
-1525.6975808604034 372.8367245337882 -350.1700111510858 8.600103528535849
-1515.449030452555 373.7604258992817 -365.8540596719707 2.456836023822026
-1504.1598021410778 374.5274516069961 -378.8879262885425 13.892919293127745
-1491.5821154727266 375.1004979288888 -388.6420928228148 4.6265739995810655
-1478.3601996259385 375.57655455787057 -396.77230144748773 8.467566045277437
-1465.1878398697993 376.06007193246086 -405.056493305543 8.756129315902024
-1451.7676996604152 376.5062855790085 -412.7345262265853 8.921645357164513
-1437.9015546351902 376.8853525150793 -419.30163841352294 1.3646738582937057
-1424.2831900632102 377.3017231791929 -426.5307227804456 0.8768222512303534
-1410.8630498538264 377.7479368257405 -434.2939841777768 4.62577678878646
-1397.04646091925 378.1344645074199 -441.0751777139657 -4.161663795281566
-1383.8245450724621 378.61052113640176 -449.3998466538256 5.280575905434081
-1370.0079561378861 378.9970488180811 -456.23894338797277 4.330476976160099
-1355.745362387469 379.3164297892838 -461.9738680544281 5.407966139302206
-1340.838539458615 379.53882106757555 -466.10387606276447 7.8106611612477765
-1324.891038626132 379.6045366880882 -467.62702007753256 2.7154072633976294
-1308.2993086152123 379.57326261568994 -467.555368548329 -6.575153527688472
-1291.9553590575376 379.5792922713344 -468.1527571476648 3.527578156598033
-1274.9176242307767 379.4808714884594 -467.0347493143026 -3.89716989696389
-1257.9294454946648 379.3899114511929 -466.0855603659164 -5.680411246495109
-1241.139491121149 379.3287943963606 -465.6803452418462 -4.606688302415094
-1224.5477611102292 379.2975203239623 -465.8177067313494 3.434321786043667
-1207.3118019208725 379.1692565586533 -464.3723155580066 -5.953640666389304
-1190.5218475473566 379.10813950382084 -464.0947640101802 6.222140490963457
-1172.8894396328078 378.92018977364353 -461.73967642282065 4.802535210274265
-1154.612802539822 378.6352503505553 -457.81154902936413 2.4130127082806925
-1136.1379410842403 378.32046794503293 -453.4352770946261 10.415194373921338
-1116.374621271785 377.8117061536889 -445.8775287600326 11.482346365253985
-1095.1246187398592 377.0791219940889 -434.65222198116425 13.684278858790568
-1070.306577681206 375.8093641506748 -414.5643414861903 4.790172972066022
-1042.118722458421 374.03227560588067 -386.14540614824085 0.6724430273893289
-1013.484862419795 372.1880403506098 -356.72671945670186 -2.6868123402916115
-988.0225921827049 370.8212928142848 -335.32379554563045 12.786801666801665
-963.2045511240516 369.5515349708707 -315.6162587110657 14.897591013232582
-939.2289636064312 368.40860980280166 -298.0899918502839 21.496121201701424
-1561.0041842006385 401.05364240797485 -268.33174929501166 -3.257628218013262
-1561.9553102794634 403.663472280996 -312.74451586612986 5.264219276235357
-1558.2481638372826 405.5719920668154 -345.1911325759727 1.5644568144471538
-1550.1305253273413 406.8165054934757 -366.31681743380244 19.017700259861634
-1537.8006191122352 407.426855543411 -376.6463041660989 11.033155129260226
-1523.290244908573 407.70893278657104 -381.4100354999729 16.92449414177531
-1508.185197617123 407.90148108242875 -384.682943789579 4.941856340360619
-1493.7243795041102 408.1910190711972 -389.6393672844683 7.481614592964569
-1479.2635613910973 408.48055705996575 -394.6279103221829 1.4074341879057408
-1465.1991920032763 408.82978101360254 -400.6615633646301 0.5275448220870244
-1451.3826030687 409.2163086952819 -407.3583678700656 -0.22391899266616522
-1437.76423849672 409.6326793593954 -414.5904322221914 0.4787527043835662
-1424.1458739247398 410.049050023509 -421.8512586408755 -0.9294681411682856
-1410.725733715356 410.4952636700566 -429.64580825345473 1.8559442170534044
-1397.107369143376 410.9116343341702 -436.96377464205676 0.8125082819008583
-1383.4394484807467 411.32054425267523 -444.1844544190111 0.6182132992767044
-1369.6228595461707 411.70707193435453 -451.0562336183782 5.085361664841256
-1355.1620414331576 411.9966099231231 -456.3214746894039 0.8364553297374724
-1340.4534428668999 412.24884418384903 -460.9900978469235 5.993269456493659
-1324.9519468502579 412.3817065148384 -463.68160558063767 6.384510211979814
-1308.75666556453 412.41011840730835 -464.65224029393846 0.6979360100409692
-1292.4127160068551 412.41614806295286 -465.2862484002628 -1.0807406753382605
-1276.0192103585312 412.41471697298874 -465.8352483266132 -1.5732750102453479
-1259.6752608008564 412.42074662863314 -466.549950924713 -0.5964606558685854
-1243.2817551525327 412.419315538669 -467.17987279429144 -3.194160965275573
-1227.1360299574537 412.4551881767475 -468.4751022952712 -0.05886686670895638
-1210.940748671726 412.4836000692176 -469.68487253713977 6.354467327972822
-1194.15079429821 412.4224830143852 -469.4374754239181 4.299663818203231
-1176.9643911995022 412.30167999468466 -468.2355428865535 9.440365045406486
-1158.6877541065164 412.01674057159636 -464.3391132428143 9.03392005784649
-1139.320883019253 411.5676647451205 -457.75650207349 13.365292869082595
-1117.0302025836984 410.67840492774144 -443.9008728380615 12.248002771123787
-1089.4865765393502 408.9983060758582 -416.9700694191586 2.498840492681652
-1054.311312535057 406.1692524002615 -371.0813148881343 -2.7818269238576443
-1015.5184539133866 402.79556429524206 -316.34723617891365 -7.9759838038797675
-980.3431899090931 399.96651061964536 -270.8208384771436 -53.881427612984396
-1589.4511720101452 435.63774376195335 -294.80020175935755 6.078351166346596
-1585.9918060212094 437.58356727581537 -327.8733257834672 1.9907205790356022
-1578.072391873864 438.8579236849098 -349.49038869745823 4.8305298279225575
-1566.5353831091415 439.5876456645815 -361.8301796313638 23.356195089920462
-1552.9170185371618 440.00401632869506 -368.85159628042265 17.75832320075258
-1538.0101956083076 440.2264076069868 -372.59906787271257 10.498868080383001
-1522.7069239542618 440.38911292041035 -375.36517142340705 9.387610724112305
-1506.9576474843748 440.4846715233572 -377.02566533140083 -5.4412092051055225
-1492.10038064617 440.71452354725744 -381.0043621165366 -3.8880225653603815
-1477.8377868957527 441.03390451846013 -386.5360261841212 -2.595293673601969
-1463.971641870528 441.412971454531 -393.1110299374057 -1.8330051312338158
-1450.353277298548 441.8293421186445 -400.3478030091295 -5.108297524785726
-1437.3791419050049 442.3427024756689 -409.25542798077464 5.46983358369137
-1423.7607773330246 442.7590731397824 -416.54847665521885 -0.9287259372364081
-1410.3406371236406 443.2052867863301 -424.3747883140983 0.45356895210658554
-1396.9204969142565 443.65150043287775 -432.22909881149553 2.5987355936968832
-1383.3021323422765 444.0678710969913 -439.6076653592169 4.297523029696155
-1369.2377629544555 444.417095050628 -445.88245570812654 -0.39117874580875156
-1355.1733935666346 444.76631900426486 -452.18776266842247 5.692036653580782
-1340.5143510910254 445.02601401059917 -457.01594917618957 8.418449476604717
-1324.9632989837346 445.15141559598015 -459.61755160956255 -1.4761989009150733
-1309.4618029670926 445.2842779269695 -462.381309687795 4.09724339675074
-1293.5143021346098 445.3499935474822 -464.0538142759121 -0.5020443428111023
-1277.5668013021268 445.41570916799486 -465.7648126577024 -2.116177420754271
-1261.8175248322398 445.51126777094163 -468.0146467463182 3.092917897624626
-1245.8700239997572 445.5769833914543 -469.80218864655905 1.8589565145111608
-1229.9225231672742 445.6426990119669 -471.628224340473 4.446252306387257
-1213.7272418815464 445.67111090443694 -472.8689924915984 4.752695984449389
-1197.1850679612755 445.6472975776472 -473.2769083601862 5.979341657182583
-1180.1473331345148 445.54887679477224 -472.4808263665028 13.182320427175798
-1161.6724716789329 445.23409438924983 -468.1207944730548 15.287096242723166
-1140.6702496002524 444.5388139576925 -457.47435597984594 15.02380351400115
-1113.2752918278516 442.8810973426349 -430.8855711893529 2.8466094515677605
-1075.969115925651 439.73123160587136 -379.63423339339283 -3.3514089700711174
-1031.5268629699951 435.5070185014797 -310.7860088794009 -0.8838257429371132
-1615.460351021357 467.3881928746547 -273.0288578144349 2.502947330955803
-1612.843438573454 469.46084906386176 -308.2594696899552 5.237896746457123
-1605.5682536045456 470.83219516586706 -331.5160964171081 13.738954685553367
-1594.4772496556645 471.6290638560156 -344.97850039220265 11.465721466144215
-1580.6111046304393 472.0081307920865 -351.3364491506949 17.17703615783944
-1565.7538377922344 472.23798281598675 -355.1819482300181 11.717173251793414
-1550.4010100475396 472.3932273838018 -357.7912083774372 5.27564423723749
-1534.8995140308975 472.52608971479117 -360.0556709264512 0.14169198747656434
-1519.5962423768517 472.6887950282147 -362.86378662779765 -2.800181032202095
-1504.6894194479976 472.9111863065065 -366.72098753950803 -1.1558990519115868
-1489.9808208817396 473.1634205672324 -371.1184623965276 -7.639434967439859
-1476.1642319471637 473.5499482489118 -377.82564809611483 -3.6936882925538814
-1462.7440917377796 473.9961618954594 -385.5734322390103 -3.72856576158866
-1449.7699563442363 474.5095222524838 -394.4858325220448 3.324867140081817
-1436.3498161348525 474.9557358990315 -402.28876144608233 -2.5019961518856357
-1423.1279002880644 475.43179252801326 -410.62410260895 0.43859076545982095
-1409.7077600786804 475.8780061745609 -418.4826501451816 0.4687978068170172
-1396.0893955067004 476.29437683867445 -425.86554124930205 -3.4079722125397693
-1382.6692552973163 476.7405904852221 -433.78046552741097 0.08021451890682876
-1369.050890725336 477.15696114933564 -441.2204966014492 4.426089807579179
-1354.7882969749191 477.4763421205383 -447.0561743445584 -0.10358018997543672
-1340.3274788619062 477.7658801093068 -452.42107958790456 2.4021721493967587
-1325.4206559330523 477.98827138759856 -456.68934380853125 3.5083165543811847
-1310.1173842790063 478.1509767010221 -459.98909317102385 -0.5401068233966757
-1294.8141126249602 478.3136820144456 -463.32450373076335 3.6322253592121294
-1279.2630605176694 478.4390835998266 -466.0701005594573 5.744475092291163
-1263.3155596851866 478.5047992203392 -467.8525597284255 0.01744389416253527
-1247.5662832152998 478.60035782328595 -470.17300385861415 3.979380936628716
-1231.6187823828168 478.6660734437986 -472.03200654603285 2.239082142571543
-1215.6712815503338 478.7317890643113 -473.9295030271247 7.320233125470511
-1199.327331992659 478.7378187199556 -474.86918047852936 12.811379554369443
-1182.091372803302 478.6095549546465 -473.6095632987804 20.60142672617067
-1162.9722821692835 478.1977828562133 -467.671287756887 23.486061800064764
-1138.7984702890672 477.0250147057101 -449.12479708918 6.157197788665971
-1105.0603329135945 474.41232265276074 -406.74423020554633 2.1102075731091565
-1068.001937464639 471.29976064403985 -356.2376008314165 4.154252135723069
-1636.3252569615674 500.8308001505281 -279.97011313333525 10.21674619056323
-1631.1809838905656 502.5229583137001 -308.69538187902805 6.870007967395878
-1621.3288822079091 503.5063456440619 -325.32291987947946 14.069428268161575
-1608.1565224517701 503.9898630186523 -333.43722882223256 24.348921216286858
-1593.05147516032 504.18241131450986 -336.61811162957423 14.845479286766048
-1576.8561938745922 504.2108232069799 -337.03812028671604 -1.825307007259838
-1561.1069174047054 504.3063818099266 -338.64039824212216 -2.919390352878846
-1545.8036457506594 504.4690871233502 -341.42198244465493 -3.4539719744186437
-1530.8968228218057 504.6914784016419 -345.25323495210574 -2.464482394076882
-1516.2377803461966 504.95117340797634 -349.7517022234731 -5.944762660868777
-1502.1734109583756 505.30039736161314 -355.8016891201976 -1.3405279998955013
-1488.1585976612034 505.6570820608584 -362.00864440103544 -6.768305420168624
-1474.9366818144154 506.1331386898402 -370.26761305467136 -1.947487890369058
-1461.9625464208723 506.64649904686456 -379.18515624263307 0.7285539271279037
-1448.9388549366804 507.1523986582805 -388.0028438034219 -0.41686651470436936
-1435.964719543137 507.66575901530484 -396.97311660409605 0.3341462654606288
-1422.990584149594 508.1791193723293 -405.96970826193433 3.3373108124085724
-1409.57044394021 508.6253330188769 -413.85954401341405 -1.232459546550943
-1396.348528093422 509.1013896478587 -422.28058513588456 4.271623620711761
-1382.730163521442 509.51776031197227 -429.7232120319272 1.218323794927975
-1369.1117989494617 509.9341309760857 -437.1946009945281 3.067305403032439
-1355.2456539242369 510.3131979121566 -444.0671852667101 6.8339267922593665
-1340.784835811224 510.6027359009252 -449.46454387334853 5.189687994315925
-1325.8780128823698 510.82512717921696 -453.7662481755113 0.42824721783304803
-1311.0207460441648 511.0549792031172 -458.2271266764455 9.034833513904518
-1295.469693936874 511.18038078849816 -460.9704170626616 1.9116992250301326
-1279.9681979202321 511.3132431194876 -463.87543134798835 7.529108738755798
-1264.020697087749 511.3789587400002 -465.69307785494163 2.164646397220994
-1248.271420617862 511.47451734294697 -468.04827715462 6.73639287301863
-1232.3239197853793 511.54023296345963 -469.9424671800237 8.982548683183593
-1215.9304141370555 511.5388018734955 -470.754273730831 8.701436974404691
-1199.1404597635396 511.47768481866314 -470.611195594622 21.896989725677443
-1180.467373945362 511.13305943070674 -465.7870185697402 19.900587499922278
-1158.5731422349995 510.30348557819576 -452.94433156522916 7.155884533640576
-1129.9392821963734 508.459250322925 -423.31072614273023 6.288709501827527
-1090.1057456710744 504.9288865601265 -365.8314737853018 0.39002698750704945
-1038.874308296506 499.6825513073662 -280.1925696430018 -1.097226965601548
-1652.9778951966127 533.6392440496766 -276.04759678122804 -29.780275074688838
-1646.099158952896 535.0702761165501 -300.30932771780544 9.510377817589548
-1634.809930641419 535.8373018242645 -313.24265996283185 20.770494500328745
-1621.1420099787902 536.2462117427694 -320.0870690734634 25.657925706489237
-1605.1945091463072 536.3119273632822 -321.1107495623303 7.986471789629151
-1588.6523352260363 536.2881140364924 -320.6483626568532 2.016978399601511
-1572.0606052151165 536.2568399640942 -320.10024999017213 -4.154060763568475
-1556.1131043826335 536.3225555846068 -321.24218729065905 -10.159391211038836
-1541.4045058163754 536.5747898453327 -325.59040945452995 -3.7850501955067752
-1527.1419120659584 536.8941708165354 -331.1112997842207 -5.996790847810458
-1513.5235474939784 537.3105414806489 -338.30822839121066 -1.8582782258000659
-1500.1034072845941 537.7567551271966 -346.0396150582002 -2.907613805357389
-1486.9310475284553 538.2402725017869 -354.4306538940219 -1.6447719612081482
-1473.9073560442635 538.7461721132028 -363.2274681754758 -1.0674624492187688
-1460.9332206507202 539.2595324702271 -372.1769326174511 -2.27290383134456
-1448.157309619773 539.8027358096857 -381.65694026129074 -0.9839687210277215
-1435.381398588826 540.3459391491442 -391.16253667357586 -0.9784802411960342
-1422.6054875578789 540.8891424886028 -400.6937218543066 2.4114157157903224
-1409.3835717110906 541.3651991175846 -409.11844503994115 2.3516845616323026
-1395.7652071391108 541.7815697816981 -416.56491628838427 -1.124627159321635
-1382.1468425671308 542.1979404458116 -424.0401496033857 -0.7510370337506043
-1368.5284779951505 542.6143111099251 -431.5441449849455 1.4415328037186736
-1354.6623329699255 542.993378045996 -438.4499173108576 1.1201652464174061
-1340.5979635821043 543.3426019996328 -444.88422825154083 6.106239297996069
-1325.9389211064954 543.6022970059671 -449.8466978193588 8.878196457138085
-1310.6356494524496 543.7650023193906 -453.2159365091608 5.937336635566402
-1295.0845973451587 543.8904039047716 -455.9959361933706 9.873423520489242
-1279.1370965126757 543.9561195252843 -457.81371777858016 9.359967975647056
-1262.991371317597 543.9919921633629 -459.17096686863584 8.820692959826937
-1246.796090031869 544.0204040558327 -460.4429595047389 6.6591407612215665
-1230.8485891993862 544.0861196763453 -462.37722162598436 18.371940135034023
-1213.8604104632743 543.995159639079 -461.73720071256565 23.757500419445975
-1194.5430954666597 543.5535445582116 -455.2988749748582 14.558888916280194
-1172.2524150311053 542.6642847408325 -441.4672346881942 6.463996458844145
-1144.8574572587042 541.0065681257748 -414.93965417166316 7.704013263928731
-1111.1688759738806 538.4013368184341 -372.80380131181596 4.870832181523943
-1069.4522080039196 534.5874647225115 -310.82471264392905 2.3000054335171978
-1665.9633827236325 565.8955927737939 -262.6628134230187 3.65454027523078
-1658.2917490295322 567.207252910931 -284.8868827902674 5.724774415225277
-1646.3582915396178 567.8772889257344 -296.16907317076635 18.377365145025895
-1632.2939221517968 568.2265128793712 -302.00232096867234 11.360541417710754
-1617.188874860347 568.4190611752288 -305.19622805864856 15.639010927698305
-1600.398920486831 568.3579441203965 -304.10620865243453 4.453436019181295
-1583.1629612974743 568.2296803550875 -301.9164639826693 -6.464063294578434
-1566.8190117397996 568.2357100107319 -302.05325124510756 -8.569662681542745
-1551.4661839951045 568.3909545785468 -304.7637896584848 -9.634316857293998
-1537.2035902446873 568.7103355497494 -310.294799053482 -10.243395808012647
-1524.0312304885483 569.1938529243397 -318.6396673379128 -2.3669976770719368
-1511.0075390043564 569.6997525357557 -327.3907652740237 -6.1023352804435325
-1498.67763278925 570.310102585691 -337.936575439023 -0.05681548444492706
-1486.099946120899 570.8831489075835 -347.8752972590451 0.0760962581322589
-1473.3240350899518 571.4263522470421 -357.3343937315495 -1.3660203219894058
-1460.5481240590047 571.9695555865005 -366.8190789724994 -2.7674364085686904
-1447.9704373906536 572.5426019083933 -376.83312221549244 -1.3350047056825995
-1435.3927507223027 573.1156482302858 -386.8720343349268 1.871837591981585
-1422.4186153287594 573.6290085873103 -395.9297115492581 -0.03792246183334375
-1409.3949238445673 574.1349081987262 -404.88803798035775 4.7065583234687365
-1395.7765592725873 574.5512788628397 -412.3659631581633 2.982581597682621
-1381.959970338011 574.9378065445192 -419.37074335381556 1.2485457166342544
-1368.1433814034353 575.3243342261985 -426.40505904078105 2.1312238221890074
-1354.27723637821 575.7034011622694 -433.343628884278 7.698394922874388
-1339.8164182651972 575.992939151038 -438.8097496140623 12.479450679853873
-1324.5131466111513 576.1556444644615 -442.1817055137707 12.493591226213246
-1308.5656457786683 576.2213600849741 -443.9647919519559 15.647849641136592
-1291.7261353145034 576.1527822845333 -443.539109253538 10.564580637773116
-1274.539732215796 576.0319792648327 -442.2829297783676 5.489097935613033
-1257.74977784228 575.9708622100004 -442.06786115680944 9.601563118646915
-1240.7120430155192 575.8724414271254 -441.27269088230634 7.772844508404904
-1223.7238642794073 575.7814813898589 -440.6454271441414 16.105800994335553
-1204.1587688295476 575.3025625809489 -433.6005683372794 -2.686835359942817
-1180.6291861277684 574.2267841233565 -416.68470063235003 1.3038860650773574
-1151.9953260891423 572.3825488680858 -387.0866771904101 2.429586225410275
-1119.5456470705437 569.963836200958 -348.0813248702938 2.2335037468192342
-1084.172158703654 567.1049395429272 -301.9405643950336 3.636512437580225
-1669.39410511189 599.180093301924 -266.63597534988014 3.2059250851286856
-1657.0641988967839 599.7904433518594 -276.90621751529335 13.050222156344953
-1643.1980538715588 600.1695102879303 -283.2569557142476 11.482794154811916
-1628.0930065801087 600.3620585837879 -286.4598565506988 10.660360323563223
-1611.749057022434 600.3680882394324 -286.5228400411078 4.34735228107781
-1594.7113221956731 600.2696674565573 -284.84994287438144 -1.73071000356622
-1577.7231434595612 600.1787074192908 -283.3473277515194 -13.51084242232581
-1562.1720913522702 600.3041090046717 -285.5604634689128 -10.427831236002188
-1547.5130488766613 600.5638040110061 -290.08797354339987 -15.862666828762437
-1534.4893573924694 601.069703622422 -298.82096471112976 -3.9630831071950556
-1521.7134463615223 601.6129069618805 -308.2122317937808 -7.338996746028731
-1509.779988871608 602.282942976684 -319.77563463136863 -2.8561146839906506
-1498.094311834939 602.9902827195303 -331.9925659580613 0.7863227765814698
-1485.9130738917797 603.6230150062911 -342.97023925200506 -1.0808236297291893
-1473.5831676766736 604.2333650562264 -353.5933347683763 -1.0011695443002229
-1461.2037053709184 604.8362543605532 -364.1144895418607 0.9456570372613413
-1448.6260187025673 605.4093006824459 -374.1564626076263 3.2309372156336003
-1435.6518833090242 605.9226610394702 -383.21735286081093 2.3349132450109225
-1422.4299674622362 606.3987176684519 -391.6763120134811 2.0319642367297366
-1409.0098272528521 606.8449313149997 -399.66029670933654 5.109246948280395
-1394.99501395568 607.201616014245 -406.1667872363583 0.27873019147015754
-1381.1288689304552 607.5806829503158 -413.07967005632656 6.356070591390618
-1366.8662751800382 607.9000639215185 -419.02020894849966 6.489707758306551
-1352.4054570670248 608.189601910287 -424.49143201555023 19.249991450825153
-1336.4579562345423 608.2553175307996 -426.2432648406555 14.738086568390399
-1319.4697774984304 608.1643574935332 -425.41003660744195 13.935656891592464
-1300.9949160428487 607.8495750880109 -420.875944941675 6.810681668679279
-1281.628044955585 607.4004992615351 -414.14843182818385 5.306378363251788
-1261.4682764179374 606.8320515053226 -405.4837377662217 -0.48363813512940446
-1242.1509614213228 606.3904364244554 -398.99341183466555 0.2741377856662757
-1223.8743243283368 606.1054970013671 -395.16776767445367 4.042271225829316
-1205.3499067821062 605.7832538502362 -390.771036848414 22.635018224526913
-1183.5052311623929 604.9611407433339 -378.11687652363605 18.49134144529722
-1155.7138246647999 603.243738163408 -350.6729997209237 -3.577346047088119
-1123.5119260994459 600.862329224323 -312.3379741128709 0.7027801881776414
-1090.0215691772182 598.2869408994162 -270.94088212900255 0.13061051129974216
-1683.0733779079956 631.5408924645607 -254.9835366134455 3.990381092306428
-1668.3647793417376 631.7931267252866 -259.1466026067401 7.631503439957562
-1653.9039612287247 632.0826647140551 -263.97865203738786 6.195792328614067
-1638.9971382998708 632.305055992347 -267.6992254362075 7.605549662254593
-1623.2974179206328 632.4080753409022 -269.4224445689266 7.615218657306084
-1606.705687909713 632.376801268504 -268.8998808348012 1.3457623393875602
-1589.9157335361972 632.3156842136716 -267.9118537516197 -6.594720885875847
-1573.7204522504692 632.3440961061416 -268.48549754698985 -17.772811580913668
-1559.2596341374563 632.6336340949101 -273.52639602546475 -11.438602114401043
-1545.839493928072 633.0798477414579 -281.25405644810854 -8.081531597047352
-1533.261807259721 633.6528940633506 -291.1572038364384 -6.370556131262389
-1521.3283497698067 634.322930078154 -302.7263175008904 -4.088592570383621
-1509.8408970957337 635.0601128034343 -315.45343985242437 -3.0936061966173254
-1498.5516687842567 635.8271385111487 -328.70595910899453 -1.0983033348868207
-1487.0146600195344 636.5568604908206 -341.3489411469544 2.347812309387107
-1474.6847538044283 637.1672105407558 -351.99863487851945 1.6856257768864316
-1461.9088427734812 637.7104138802143 -361.5399560273884 2.37708213812288
-1448.6869269266929 638.186470509196 -369.97535143603073 -0.7356248623700128
-1435.4650110799048 638.6625271381778 -378.4379926518649 1.2333365833699936
-1422.0448708705208 639.1087407847255 -386.42574055550267 3.6068267007033943
-1408.2282819359448 639.4952684664049 -393.4379824836365 9.79970786154765
-1393.5196833696868 639.7475027271308 -398.22370031201103 4.6002109195972
-1378.6624165314818 639.977354751031 -402.6668694861045 11.26872852507289
-1363.111364424191 640.1027563364121 -405.3920724785624 13.756095485343446
-1346.519634413271 640.0714822640138 -405.5288141502471 17.18534673999769
-1327.4005437792525 639.6597101655805 -399.3379642430703 6.915569760723209
-1305.9523168847309 638.8972830235464 -387.3385394126419 2.8102226393392082
-1283.2651877239846 637.9483372412991 -372.2917309144137 0.1895547479223039
-1259.2896002063642 636.80541207323 -354.08470373121247 -2.249417762988186
-1235.314012688744 635.6624869051608 -335.9605025026838 -4.183167565470279
-1213.6675614316264 634.8702167806927 -323.75152475583616 -0.11401251809643681
-1194.3006903443627 634.4211409542168 -317.3129819876448 4.5710716671457305
-1175.37982407294 634.0392118382176 -312.04429877871405 10.061940712442743
-1153.7333728158226 633.2469417137494 -300.02513280179363 33.678638625509635
-1126.1897467714743 631.5668428618662 -273.37489674300673 2.8668629465763327
-1586.359047142946 664.5482196109992 -254.17030717233078 -8.85695395278357
-1571.4522242140922 664.770610889291 -258.0778380591271 -17.392833109205416
-1558.2303083673041 665.2466675182727 -266.3164320065443 -8.88991592310001
-1545.900402152198 665.8570175682081 -276.8556688155084 -5.452698764203414
-1534.1651690248796 666.5568965654458 -288.9334912961631 -2.7239185365464293
-1522.6777163508063 667.294079290726 -301.66391505131014 -3.9802077293802256
-1511.9831611271172 668.1506339457427 -316.4323368347763 1.7861489152674899
-1500.69393281564 668.9176596534572 -329.70753660280803 2.153547926268645
-1488.9586996883218 669.6175386506948 -341.8701138264926 6.218742086325646
-1476.1827886573749 670.1607419901534 -351.4126688682554 5.725268828481631
-1462.7626484479906 670.606955636701 -359.3465712770629 3.6699537744113564
-1449.1442838760106 671.0233263008146 -366.80601891511566 4.294680865249353
-1435.3276949414346 671.4098539824939 -373.79216427201015 5.834592648301182
-1421.2633255536134 671.7590779361306 -380.18075843208203 14.038519519198443
-1406.1582782621635 671.9516262319884 -383.96826918522805 11.849664328717996
-1390.4090017922767 672.0471848349351 -386.1629487337983 19.384419091807725
-1372.9748182403239 671.8890780871918 -384.1423137270832 9.677878852372155
-1354.4999567847422 671.5742956816696 -379.5430296496023 9.653450141778247
-1333.0517298902207 670.8118685396355 -367.50540038738905 3.890640310108229
-1308.4319131941636 669.5719536786554 -347.5572123223968 -0.010306645283951506
-1281.2847358750073 667.9515407916405 -321.3484033902992 -0.9964814113796377
-1254.1375585558512 666.3311279046255 -295.24454326794205 -0.3597022066742018
-1227.8328347777283 664.8375476929555 -271.35522654909266 -3.791713474629542
-1559.5301188576548 698.210355985236 -265.05354647812266 -3.0323696229133223
-1548.0426661835816 698.9475387105165 -277.76445078193535 -0.688590887729775
-1536.5056574188593 699.6772606901882 -290.3703254178976 -2.8462482643219706
-1525.414653469978 700.4741293803366 -304.1318169807747 0.5034601958830179
-1514.1254251585008 701.241155088051 -317.4092591369392 1.7458496607655842
-1502.3901920311826 701.9410340852887 -329.57423838154045 3.3652377534923437
-1490.0602858160764 702.5513841352241 -340.25165334145026 7.7861638896827525
-1476.6401456066922 702.9975977817717 -348.1877079324633 8.29817556639802
-1462.3775518562752 703.3169787529744 -354.0166215086655 1.7374894219037118
-1448.1149581058582 703.6363597241769 -359.87684806361636 9.207200762012372
-1433.2081351770044 703.8587510024688 -364.1383004916465 9.931353330918338
-1417.7066391603626 703.9916133334581 -366.93032842822385 18.318716455466497
-1400.470679971006 703.863349568149 -365.37801972676925 12.812932621649919
-1381.3515893369872 703.4515774697159 -359.1188085215681 5.605860553884629
-1360.5475916209025 702.7861400205926 -348.6672256292514 3.774501651337921
-1337.216233281719 701.7402045454345 -331.91733004390585 2.020234621379375
-1310.911509503596 700.2466243337644 -307.77239044977944 3.0720491790046225
-1281.435195923937 698.2755564031485 -275.7669588315683 -0.03009382562900634
-1561.920163342283 731.3381808555871 -266.56821923278994 0.47204494256137575
-1551.2256081185938 732.194735510604 -281.31953546091046 2.8468100023249083
-1539.9363798071165 732.9617612183184 -294.57699846562076 3.942570722644977
-1528.0029223172025 733.6317972331218 -306.2175808832071 1.477828507041269
-1516.0694648272884 734.3018332479254 -317.8807629492803 5.759923929259633
-1503.4917781589372 734.8748795698181 -327.93149518134254 6.633244861018518
-1490.319418402798 735.3583969444084 -336.49893983203214 12.443346558824977
-1476.056824652381 735.6777779156109 -342.3306590988501 11.694221714432807
-1461.150001723527 735.9001691939029 -346.56251172556404 17.169169890489353
-1445.2025008910443 735.9658848144155 -348.19565808011896 13.72429537341039
-1428.4125465175284 735.9047677595831 -347.73807302899377 14.92388776531762
-1409.9376850619465 735.5899853540607 -343.0686330785313 9.518057871726922
-1389.3319117084582 734.9543908873716 -333.0755083348203 5.073959475777904
-1366.198777731871 733.9382983946475 -316.7783107546 1.9339916463510274
-1341.3807366732176 732.6685405512334 -296.320138527982 3.1853803440659
-1314.6300080792535 731.1078136290868 -271.09577011258204 0.8807413344769771
-1564.2606517362626 764.4585449803297 -267.95384559369836 3.299962350110792
-1553.6156526032223 765.3225603809551 -282.85236218026625 6.438462053049863
-1541.8804194759043 766.0224393781926 -294.9987115945576 7.931520053081519
-1529.302732807553 766.5954857000853 -305.02763589650954 8.777392183674484
-1516.130373051414 767.0790030746756 -313.572428565402 6.982250517643284
-1502.7102328420299 767.5252167212234 -321.51600957197957 15.07373292774725
-1488.2494147290172 767.8147547099919 -326.8509291175837 20.080213988544628
-1472.3019138965342 767.8804703305045 -328.454598134643 14.484935361059197
-1455.2641790697733 767.7820495476295 -327.3395808715693 10.147626417297895
-1437.1857663393837 767.5269531069754 -323.6388651245529 8.10746452549537
-1417.6702269801729 767.0554950436739 -316.35978453375697 6.191246188049318
-1396.0237757230552 766.2632249192056 -303.765131078691 2.9478884325957733
-1372.444636930627 765.1799857160049 -286.3729762947583 0.7974456159537103
-1346.7841423309408 763.7833951972458 -263.8283002698673 -7.150556787035293
-1564.7180086855803 797.2954007719482 -264.5491707794993 5.615395874951497
-1553.6270047366993 798.0922694620967 -278.3385671654683 10.675140631533388
-1541.098874158997 798.672776529598 -288.49904578181435 12.968867719067369
-1527.430953496368 799.0816864481029 -295.79264670205947 10.722042786366961
-1513.2179158366 799.4085281649141 -301.73339771179167 15.556614145273839
-1497.8650880919047 799.5637727327291 -304.81845579425794 15.268011279278479
-1481.0751337183892 799.5026556778967 -304.30285236521024 8.817647538303461
-1463.2445014412442 799.2848629652852 -301.19886759532915 7.0982636788836455
-1444.1254108072258 798.8730908668521 -294.8885611131543 4.936473448263095
-1423.5196374537372 798.237496400163 -284.88218962857763 1.751406852842171
-1402.0714105592156 797.4750692581289 -272.8154804989572 3.049256204040625
-1378.7400522200323 796.4291337829707 -256.077280189072 0.9600351777265539
-1562.449780649203 829.7219155550976 -254.22711709668204 10.35399909842526
-1550.318098796693 830.362108587467 -265.4046970044847 13.897453741106899
-1536.699734224713 830.7784792515805 -272.83525426979486 15.947768759552613
-1521.594686933263 830.9710275474382 -276.527432564586 10.73836621379405
-1505.6471861007801 831.0367431679508 -278.12163140550507 12.816717489747942
-1487.9652220955822 830.841332692165 -275.36745983052157 4.988552364033957
-1469.4903606400005 830.5265502866425 -270.65660468539903 4.939370854866648
-1449.727040827545 830.0177884952985 -262.7444531153523 2.222531396755862
-3717.732760610623 5175.481078769838 -268.5807846972777 4.790733187960079
-3704.769977350557 5208.7641482080035 -268.7994288174999 21.872607198978823
-3685.452662353942 5208.322533127137 -261.50719691741097 26.823599757973714
-3708.200699738814 5242.048648736134 -268.9651768314352 79.80290142424768
-3686.1082436658558 5241.1892319011895 -254.68234216346394 8.58983129358661
