# x(um) y(um) residual(um) curvature(1/mm)
-2137.278073660681 -1664.1571173149912 -252.58920698783854 -12.053501897803775
-2119.0347996001387 -1649.8641915225326 -251.85080633318404 -1.1639361213754718
-2170.814168849334 -1661.869748464287 -253.11858254470644 -1.8829453755508552
-2156.3190999848644 -1676.390659135909 -261.69152112763186 -19.320345747526545
-2139.832797109981 -1675.604219185988 -265.32503159895236 -7.037838836998049
-2121.8530687272873 -1663.3372662699103 -265.2555561558949 -7.263424926521478
-2102.2481419978594 -1638.576813949485 -261.1134549660687 -2.915531370988921
-2080.886244082772 -1600.3098757865223 -252.46657664639093 -3.5857935248858746
-2186.4876670676704 -1648.2158590870074 -253.83261948895725 -31.795942605730566
-2173.3688922986335 -1673.3168503352838 -265.8597054079208 -26.270584414629724
-2158.507787770485 -1685.0239097897104 -273.51458019437734 -12.976743484877638
-2142.519293398205 -1688.0643074951752 -278.36867770686933 -15.20184131325193
-2124.6566964278886 -1676.6977869685998 -278.6034650341934 -6.277847116691432
-2105.183542537385 -1652.950321086365 -274.8245572972634 -1.1475787602991039
-2083.938776034675 -1615.5838153129046 -266.53342152522913 -0.17060116088422198
-2060.834548360476 -1563.922945356092 -253.33697485852215 -5.75723494455719
-2330.1713839189442 -2114.8243418970537 -381.8712552364847 0
-2311.4449427823456 -2096.8171324978975 -380.92764408328816 0
-2292.4549559678985 -2076.7839502223605 -379.37565691344287 0
-2273.9774190826015 -2060.690159650897 -378.8531792155571 0
-2256.1148221122853 -2049.3236391243217 -379.5983814104392 0
-2186.553348003953 -1640.528772681076 -260.39804253179193 1.7911618196884187
-2174.064154576444 -1670.4695880229283 -274.0068784421131 38.4700319104536
-2160.1986670535016 -1689.830322788126 -284.11041188433114 37.849143418019075
-2144.7079811838253 -1696.6975581489764 -290.1797190019995 -13.945932251750383
-2127.4749655550368 -1690.170861715977 -291.96668561133833 -11.811111365214101
-2108.367847328212 -1669.2372470509379 -289.12521153941367 -8.69854616002359
-2087.1377222520496 -1631.9832953261653 -280.93878161025725 -2.249725262889009
-2064.0188531513036 -1580.2098713206647 -267.8009016381813 -2.283664824159513
-2346.4744634788085 -2106.01027661335 -384.5669997119488 0
-2327.8651537545875 -2088.903499603696 -383.8728952289742 0
-2309.0069397790644 -2069.88330376635 -382.6025978847272 0
-2290.5294028937674 -2053.7895131948862 -382.0886522236244 0
-2272.168997420848 -2038.5961550129252 -381.78063851332865 0
-2243.5595933649174 -1944.6149627494947 -358.9682464821078 0
-2200.4844598803943 -1739.430370382504 -301.019416958798 -106.77764149161096
-2167.8779463770898 -1614.7219228273002 -264.9819278514325 -10.677284290058042
-2158.009568301522 -1664.8099128842712 -285.16270123548634 -12.420663355056487
-2145.2714706227116 -1692.8373093984308 -298.0168279338573 50.51585521262235
-2129.4147490893556 -1696.890693542086 -303.168030411888 80.20709649902604
-2110.9225707775117 -1680.6843489219343 -301.8523411466873 -10.923130241758331
-2090.1902542039525 -1647.2572348525478 -294.9499770379566 -7.152974109058759
-2067.086026529754 -1595.596364895735 -281.9385011765936 -4.962053966371558
-2041.4781149159908 -1524.6887526133064 -262.15997075591935 -1.3364947556368456
-2362.528638787371 -2095.2827925019537 -386.7011237766623 0
-2344.3000061533758 -2081.102420758183 -386.8127281261651 0
-2325.8078278415314 -2064.8960761380317 -386.32482963870444 0
-2307.330290956235 -2048.8022855665686 -385.8225766570529 0
-2291.0928923326537 -2049.9292644443403 -390.0775225566024 0
-2270.726611422773 -2019.3160015921487 -385.44225707113964 0
-2243.1274657985964 -1933.1010386881776 -364.6869423538456 0
-2201.165080731658 -1736.4705540214604 -309.15181351392226 -4.544014419838117
-2175.3082648665927 -1663.6495229113389 -289.9355243678595 -21.036432549768456
-2156.9478593936738 -1648.456164729378 -288.94956639622376 2.834968609808654
-2139.348808101206 -1639.1156170791833 -289.82183113797686 -53.08822203188413
-2128.4701715938845 -1681.4373777766953 -307.3141948650391 14.318810938197384
-2112.3645458092274 -1683.5773430926574 -311.84189305047516 91.52606091940969
-2092.3789419895734 -1655.890485506349 -306.8001043122461 33.41609491265333
-2069.14294147645 -1603.216629111346 -293.5074807059426 21.69093084282041
-2042.802958535329 -1526.6813143945267 -271.89941016245876 0.11767043443871962
-2360.471312874316 -2071.2753690362892 -389.1569311516737 0
-2342.6087159039994 -2059.908848509714 -390.0164899175577 0
-2326.005281616739 -2058.221976170291 -393.53406479380305 0
-2309.0065288127053 -2053.496144516296 -396.18638268328635 0
-2290.895027591087 -2040.216205162028 -396.4333878178536 0
-2270.294483856452 -2007.8020775308316 -391.2579639360191 0
-2242.6953382322763 -1921.5871146268603 -370.3897639592637 0
-2203.60267276858 -1747.017223502955 -321.5145693055263 37.25273358748762
-2177.248048400912 -1670.3693547374476 -301.15740218365005 21.470837735076703
-2157.7602530838617 -1646.509334806525 -297.38139559360314 1.6192750851093973
-2142.284208640732 -1653.4891242160631 -303.53601182953736 8.953537375110255
-2127.042427022357 -1662.2697784046065 -310.23868303503565 15.455706987857871
-2110.0583156448706 -1657.6565007993 -312.6063388249904 4.503346596943371
-2091.815041584328 -1643.3635750068415 -311.8277929015392 23.45534094829788
-2067.3345198146963 -1581.1226244733743 -295.3073150262536 21.2041160992671
-2044.1131607281202 -1528.5613221270592 -281.6005130734453 24.873349371475708
-2017.1289550189242 -1447.073629267976 -257.62916253505705 23.64993229478658
-2335.192797623033 -1616.8583866066372 -252.33992302224473 49.648983356462004
-2376.5254881828782 -2060.547884924893 -391.20983030992363 23.28022488224759
-2358.9117954638637 -2051.0947832260103 -392.6120408409343 0
-2341.180971332472 -2040.7412491376253 -393.7340008461934 0
-2325.8074168751723 -2048.5089168879786 -399.89196137535714 0
-2309.2039825879124 -2046.8220445485551 -403.3893372945435 0
-2291.3413856175957 -2035.4555240219797 -404.16395067902397 0
-2227.153315052071 -1667.9679934471615 -297.5582582447877 15.076122879333315
-2391.071596557083 -2038.2273337986517 -389.97348652699185 14.661164164620452
-2374.0874851795966 -2033.6140561933453 -392.7386493443451 -0.8558786405469717
-2357.2205052144873 -2029.9012109775413 -395.7342852586615 0
-2341.3637836811317 -2033.9545951211962 -400.8892145844747 0
-2325.2581578964746 -2036.0945604371586 -405.4826141120519 0
-2309.2696635241946 -2039.1349581426236 -410.3038460080841 0
-2404.5049565137047 -2007.3526749721366 -386.2141755698972 -8.775643502060907
-2388.1504264777454 -2007.5792214604062 -390.36917044124357 -36.20642006655732
-2372.0301592665414 -2009.6066327276808 -395.01293115268345 20.49160156134148
-2355.543856391658 -2008.82019277776 -398.8354109642962 3.196185586764075
-2340.302074773283 -2017.6008469663032 -405.3426491179313 4.8003220225723
-2325.30919740621 -2028.2949199825393 -412.3523709356655 0
-2401.2031093441406 -1973.778157368008 -385.6469085183435 -20.622397503791863
-2385.961327725766 -1982.5588115565513 -392.27219493897746 -32.67439503641256
-2370.470641856089 -1989.4260469174017 -398.3150317433386 27.47341253868804
-2354.613920322734 -1993.4794310610569 -403.52434122906845 3.7097903947147786
-2281.9338223598565 -1560.7105522473069 -273.2190716757453 4.767905512347771
-2376.407648003348 -1774.9742962901685 -335.05889031436226 -17.55687865702887
-2379.906892365336 -1927.8241327991134 -385.43093447369887 6.4886613459695575
-2369.1600286969388 -1971.1588799348158 -402.12077032975736 16.79597297714429
-2294.854732387327 -1525.8965017167181 -266.37835967347155 9.616185575778083
-2095.6726524742185 -246.6100611128144 254.98306516404537 -19.35103924515195
-2371.3488296481255 -1727.893292843502 -329.30636192701616 69.0043673359297
-2324.906168057756 -1496.8212692783143 -257.14136344454784 0.8224060852685323
-2100.862889284789 -152.36747287506017 296.92924445251646 -9.37655203046202
-2092.7368409683336 -215.84939472588098 261.0346637583729 29.658799273909676
-2126.536538417618 -89.63857987899992 328.4162774773911 -9.574630487622914
-2112.1732423920726 -105.1724769888121 316.07050211985563 -36.83751944795512
-2098.556659120432 -126.44663058170278 300.89417679721913 -20.158918077729282
-2084.808303009868 -146.70779773640314 286.30900055753943 -34.28498959139853
-2074.573889270621 -193.98193657617878 258.40399767429494 4.65120804477795
-2156.324428410198 -58.53737456421536 344.27629135694946 2.6279374064078036
-2140.833742540521 -65.40460992506587 336.2345245207468 -54.505550395082786
-2126.6022193539 -81.95149347306838 323.29696024023986 -6.2150557391889185
-2111.609341986827 -92.64556648930453 313.3860080290232 -34.84162118645757
-2096.9971417099805 -106.26604477142389 302.03675201840724 7.758043235556148
-2085.6206967000553 -144.76096781355005 278.2537839130538 107.63271971774678
-2067.5238369049844 -131.59358250796973 280.4480524921754 -15.708936831501822
-2054.6539663872495 -158.6079925839389 262.55988367373 -16.28335875861063
-2154.7649109997456 -38.35678875393648 345.60373150638605 -76.16990698727278
-2140.533387813125 -54.903672301938975 332.5802942144644 -1.79309406777308
-2126.916804541485 -76.17782589482965 317.21052053727533 39.82440274199307
-2112.041058586789 -87.77233130056833 306.83244444085454 70.93383625492348
-2095.8036599632073 -88.89931017834034 301.7999051563562 -24.819486380855583
-2079.2002256759465 -87.212437838917 298.21687674022957 -42.209796752232684
-2064.0902168964963 -97.00607846565067 288.8414970129561 -66.3582883086706
-2051.469250630063 -125.93390736931268 269.8738064423986 -16.19020911316394
-2139.8377145689556 -41.36377536424109 330.4989395560595 11.128342325670124
-2126.221131297315 -62.63792895713176 315.0908234612978 -7.977104577532145
-2111.608931020468 -76.2584072392511 303.658605916 -16.831964276888456
-2095.86934089949 -81.21222377240879 296.6753390609253 -12.45169345916907
-2079.88084652721 -84.25262147787362 290.6902936127248 11.858847289268699
-2064.521933496458 -92.13284327691446 282.2779434028163 -14.75536484031505
-2050.4075417222143 -109.58015921441947 269.0705346988036 -8.728259730731587
-2036.9227312894986 -131.86729924550048 253.5012087166274 5.753954495202169
-2143.2709236110845 -59.5641201565067 312.1525104008416 36.98493831407235
-2129.2883046757647 -78.02442253220204 298.223340942199 -1.4446628489496383
-2114.5443315599937 -90.63191437613106 287.33106998496106 -13.09423328364803
-2098.555837187714 -93.6723120815959 281.32698417672594 -8.599751200514158
-2081.9524029004533 -91.98543974217255 277.7412304944785 0.9719853057563246
-2065.7150042768717 -93.11241861994455 272.752366013788 10.144925845073969
-2050.3414498195725 -100.88008637029758 264.4294815270276 -30.53487669473041
-2035.2314410401223 -110.67372699703125 255.11854693054119 -31.401244358973717
1631.506494761387 745.775560790638 267.24489011481694 -5.6952758427642385
1650.2475773245328 763.8953242384821 277.6204931553126 -1.7271007242193406
1668.2273057072262 776.16227715456 284.7795208711489 -1.4137128448407639
1685.474962762562 782.8015276362471 288.8265749419393 -3.252501729818742
1701.580588547219 780.6615623202848 287.99236084600335 -4.0354774725253115
1716.192788824066 767.0410840381654 280.78571039848975 -5.425209346847159
1729.9411449346305 746.7799168834651 269.9483111259526 -4.093685846090648
1743.0452782771201 721.566371586501 256.4612665029909 -7.2299003781186295
-2146.9676783310624 -79.79043782515298 292.8129018116955 31.408373606813566
-2132.340836627668 -93.29836205858449 281.4401689691929 -9.56314919864576
-2116.8647921845386 -100.27815146812281 273.41848472822903 -9.107144008578933
-2100.744524973334 -102.30556273539733 267.9306287648776 -14.880566440114109
-2083.892186434772 -98.70527156828116 265.31135725250743 -2.455642263597692
-2067.14233788204 -95.89285874197968 262.31563279583366 13.485524176221288
-2051.2856163486845 -99.94624288563485 255.87017055659342 8.892163810293718
1598.1021724116588 749.0759160795325 259.20964707279313 -2.1735431231669624
1622.5826941812907 811.3168666129997 294.2797906074276 -8.231168955415951
1643.0661065035483 842.8305618546937 312.3359538269804 -9.76727600500143
1660.7969306349398 853.1840959430787 318.48342236668867 -7.271563994641357
1678.1617191026528 860.7237788142684 323.06214275639735 -17.757112387283993
1694.6480219775362 861.5102187641892 323.8283546704028 -30.272083768226913
1710.2558392595897 855.5434157928412 320.78472435006114 -46.55080426375008
1723.87242253123 834.2692621999505 309.1183718545209 -38.720260460900384
1735.99558029506 801.5145956409028 291.0966077442456 -41.74399149072309
1747.6062881297396 764.8205373777816 271.04643748947024 -43.789677898574375
-2134.4123930009114 -101.03118032288342 268.498262252777 -26.943874413747476
-2118.423898628632 -104.07157802834826 262.47420677373054 -4.304360450055081
-2102.0547271661258 -104.18557046792995 257.9535246323647 -0.9647372216753636
-2085.568424291242 -103.39913051800913 253.91015276921436 1.7971119420636315
1584.3027767913588 777.1367236888523 265.29911568680745 0.7108101540262108
1607.6559087168594 830.7110124733578 295.6523300160424 -3.6775305597757844
1628.3882252904186 864.1381265427445 314.84791663530393 -23.24919092446711
1646.1190494218104 874.4916606311295 320.9950359473337 -86.89596552196004
1662.2393166330146 872.4642493638551 320.1102962716324 -56.05207595146225
1678.5938466689736 872.2377028755856 320.27451414999445 -40.38189430612508
1694.5823410412534 869.1973051701207 318.8600335987244 -6.115347561529916
1709.3263141570249 856.5898133261918 312.0389385600671 25.828433321741755
1722.6793517508163 833.2896868569204 299.22467192290026 22.286627031344423
1734.8025095146463 800.5350202978727 281.20493832167483 21.053170032544305
1746.5449901882503 764.8539484729419 261.7201461226586 20.75269208799713
-2135.9714994450046 -104.82460688310888 257.5549494922348 -17.115522286539793
-2119.353423731197 -103.02518049499773 253.97828617201847 4.099356097328917
1550.0053274222541 773.5712820077902 253.59267536658544 -0.3279104575855944
1570.7376439958132 806.9983960771771 272.5329863096224 -0.5033569612320011
1591.4699605693725 840.4255101465637 291.6108626605296 -18.745150768518698
1611.206660137725 866.1989489051793 306.46314254229185 -49.191349175396965
1629.2010299469655 878.578455869945 313.7472743017885 -42.0292095762945
1645.4384285705469 877.451476992173 313.3500608961917 17.896066485513703
1660.6655687623747 868.5582687549418 308.5514940318883 11.774970588129584
1676.2880274709757 862.7040198322817 305.51500635853074 1.5308928215131277
1691.8958447530292 856.7372168609336 302.44356655389606 7.411153145939285
1706.5080450298765 843.1167385788142 295.06891696131265 8.911446047222725
1719.6268197989134 818.0157473305379 281.2793548841748 0.8746941207084297
1731.735336136196 785.1485267228024 263.2565418819252 -4.021136587511135
1502.7355175495838 796.2323720618825 256.58813609251536 -1.9450547837066454
1520.5981145199 807.5988925884579 263.09713056381156 -1.0795194907426713
1537.9482615610657 815.0260214109596 267.41342860093056 1.5284464505516198
1555.8108585313819 826.392541937535 273.9826537534547 -18.534669332081798
1573.8052283406225 838.7720489023006 281.15835889633917 -40.25784404585716
1592.165633813542 853.9654070842616 289.96774461411195 -14.690601630928352
1609.7646851060094 863.3059547344563 295.4855140560233 20.071201846672704
1626.5145336587416 866.1183675607579 297.31191575155583 13.859295243905422
1642.4883866044745 862.9654158066052 295.76500057677436 8.028120644656175
1657.8619410617737 855.1977480562522 291.62198271513347 -0.5480942103685128
1673.718662595129 851.144363912597 289.6169483667146 7.740045971671915
1689.077575625881 843.2641421135562 285.4716576998897 6.479122980911717
1703.5726444903507 828.7432314419344 277.6119109238885 7.2214513073324635
1716.6914192593877 803.6422401936579 263.86577709730506 5.702183483800818
1307.4403760400962 814.516799735195 258.10383916503673 0.15675432102622264
1328.8022739551832 852.7837378981578 279.7363572974918 -2.7651300811808595
1348.407200684611 877.544190218583 293.7739183164319 -5.476862356939668
1365.8891205647012 885.9843054792752 298.4893765300636 -4.5902670079345125
1382.1265191882828 884.8573266015032 297.7256790099351 -0.6499081626506581
1398.4956906507887 884.7433341619216 297.5670624005586 -2.9200449275163867
1414.3524121841444 880.6899500182664 295.1685936432382 -1.780046673344726
1429.9748708927452 874.835701095606 291.7638561499972 -1.1680982339094785
1445.7144610137234 869.8818845624485 288.9033185370555 -2.215594877613343
1461.3222782957773 863.9150815911005 285.49127746721916 -0.8532055230602259
1477.310772668057 860.8746838856356 283.7783144181525 -2.6443397904742274
1493.299267040337 857.8342861801708 282.0900919699743 -4.689908846696701
1509.4048928249942 855.6943208642084 280.93960473772376 -20.072095826293182
1524.8955786946708 848.8270855033579 277.12297864409527 -39.83049663775689
1540.3862645643474 841.9598501425074 273.3372190796183 -59.451276648257256
1555.9940818464008 835.9930471711594 270.09265083158124 -22.168484648306926
1572.2314804699824 834.8660682933875 269.6173699022257 4.932564240768424
1589.098460435092 838.5789135091914 271.906228671927 6.371015417032495
1605.9654404002015 842.2917587249955 274.2173420802476 6.192659992184351
1622.2028390237829 841.1647798472235 273.80750132589276 0.050635377126232076
1638.4402376473647 840.0378009694515 273.420617878677 1.8530857258881495
1654.4287320196445 836.9974032639866 271.97427681302497 1.0611119909130275
1670.5343578043014 834.8574379480243 271.06147497800777 4.968258732722642
1686.1421750863553 828.8906349766762 268.01253486649864 10.353228115457158
1700.6372439508252 814.3697243050544 260.1786522087237 13.961461121449325
1258.7942720719932 826.5978092126329 256.31191491323784 2.061431129468389
1280.2733013994573 865.7651797650983 278.47028979510804 -1.0254562606656008
1300.6395823093378 896.3784426172897 295.86856251744007 -4.134372082499707
1319.3660234459362 914.3856520164461 306.0726668455596 -1.1194136282389286
1337.3603932551769 926.7651589812117 313.0599603000645 -5.624812315484258
1354.5934088839651 933.2918554142111 316.6790565966104 -18.705858846928887
1371.1968431712257 934.9787277536343 317.5090430356348 -38.846536857397304
1387.1853375435055 931.9383300481696 315.61563917164364 -29.87069212043123
1403.1738319157855 928.8979323427047 313.746975908541 -33.70526883827904
1419.1623262880655 925.85753463724 311.90305324632686 -47.94471874280703
1434.7847849966663 920.0032857145796 308.4558897861224 -43.62159450775573
1450.0119251884942 911.1100774773486 303.283206579624 -41.78326519146267
1465.1365753944915 901.4289908993027 297.69232951925954 -46.5624870035149
1480.3637155863191 892.5357826620715 292.5916208975256 -52.299800286155204
1495.3565929533922 881.8417096458354 286.4942165535331 -56.88381190601913
1510.1005660691637 869.2342178019063 279.34374370078694 -54.42138689876418
1524.7127663460108 855.613739519787 271.66271369872703 -22.105835509427287
1539.3249666228578 841.9932612376676 264.03168518683094 5.071613145570801
1554.317843989931 831.2991882214315 258.1073104616066 -1.9660600917813802
1569.5449841817588 822.4059799842004 253.2406691215447 -16.088257369786746
1144.1883151778097 835.4205048416998 254.35565567851896 0.043870901884864366
1171.9192336409108 922.6484541838615 304.3071536097809 -33.89394826815982
1183.1639058119113 883.1405447035451 281.00740634313195 -4.347516417245276
1197.6443332498338 868.5070799832354 272.20955205992317 6.159771236324601
1215.6387030590745 880.886586948001 279.00284558264576 1.2740964608296508
1234.6140484469747 900.8072151748502 290.1926592798562 -1.6415917132208688
1252.8573225075172 915.1001409673087 298.17454844331127 -3.117213159820139
1270.5881466389087 925.4536750556936 303.90537886514585 2.459851236662445
1288.9485521118283 940.6470332376546 312.4857867411457 -5.880924124682348
1306.4451134184656 949.1997025470346 317.23055088574256 -21.674366211358105
1323.2974519570278 952.7999937141508 319.1097269316113 -64.370386134783
1339.2859463293078 949.759596008686 317.1355823322153 -65.4652205312303
1355.2744407015875 946.7191983032212 315.18617833370763 -74.43178749379342
1371.131162234943 942.665814159566 312.6719540187832 -38.5986443332153
1387.119656607223 939.6254164541011 310.7726161824905 -43.89755224003193
1402.9910195671257 935.6845863591337 308.37510509434236 -35.88489641870314
1418.847741100481 931.6312022154787 305.9381882128541 -23.214032182452172
1434.3384269701578 924.763966854628 301.8977184259911 -8.560968495277317
1449.5802085885325 915.9833126660848 296.7824837030769 -9.403411426224245
1464.4413131166812 904.2762532116583 290.0159644722266 -1.968599387382405
1479.5513218961316 894.4826125849246 284.392503733417 -0.6733248465791241
1494.4124264242803 882.7755531304981 277.70994948614145 0.5258045961827552
1509.0392681276742 869.2676288970666 270.0417234147732 0.2520134853572362
1523.519695565597 854.6341641767569 261.782074322012 -1.8375691382640162
1537.8829915911424 839.1002670669448 253.06524117216662 -3.8464918360211935
897.6919352845603 837.9516808713998 255.18099569761208 -40.672644453497355
915.056723752273 845.4913637425896 258.79168358652186 -37.52406151944405
932.2897393810615 852.0180601755889 261.84317801227866 -30.396534211196172
949.1567193461708 855.7309053913928 263.2938195326335 -19.331722742996547
965.6430222210541 856.5173453413137 263.0768651273223 -14.364859260005348
981.631516593334 853.4769476358488 260.67414238285784 -1.2539358639989673
997.8689152169155 852.3499687580768 259.3987397686787 -0.763993119798053
1014.2234452528744 852.1234222698073 258.66498378193046 0.4150320061406855
1031.3393294692855 857.7496863133041 261.3259631994432 -1.5103124684038909
1048.4552136856967 863.3759503568009 264.01042495096027 -1.4283569833274785
1065.5564564755605 868.8896603516099 266.65338174210484 -1.1975031536512994
1082.6723406919716 874.5159243951067 269.38475950715457 -0.9332607168875998
1099.90535632076 881.0426208281061 272.6603377601385 2.118609787168244
1117.7679532910763 892.4091413546814 278.76334964306164 0.47145365429333014
1136.6261672665992 911.4293371920281 289.3454182274195 -4.017659452313151
1155.6161540810467 931.4625194675651 300.5745237112008 11.580711223721337
1173.59588246374 943.7294723836429 307.3188481157433 -26.26363787207517
1189.8332810873217 942.6024935058709 306.25958340646696 3.214208752604433
1206.2024525498275 942.4885010662892 305.8149724361048 -3.081914366838697
1223.1865639273142 947.1017786715958 308.1544327879979 -5.940637616574789
1240.5513523950272 954.6414615427855 312.22847533972924 -22.233098939178998
1257.5354637725136 959.2547391480919 314.61430754466744 -39.75678589426414
1274.1535394863215 961.0541655362031 315.3750633988436 -55.64534659198721
1290.6398423612047 961.8406054861239 315.5647300071695 -73.8159392680826
1306.8772409847863 960.7136266083519 314.6569486173755 -68.86135830516183
1322.8657353570661 957.673228902887 312.6537543348949 -12.011561859316869
1338.6053254780445 952.7194123697294 309.5584619355428 -5.976852448310065
1354.2131427600982 946.7526093983813 305.9002624616612 3.7254648054008004
1370.0698642934535 942.6992252547261 303.3845052244904 0.3061360230952832
1385.9412272533564 938.7583951597588 300.96020272071064 -0.7946264387279881
1401.9297216256361 935.717997454294 299.0846111789256 0.39393484184241795
1417.5375389076903 929.751194482946 295.53657860254197 -1.5168941864126086
1432.8964519384422 921.8709726839052 290.91026524800657 -4.777154592364797
1448.2700063957413 914.1033049335522 286.3820120362164 -1.7987084882446776
1463.380015175192 904.3096643068185 280.71905910234887 1.3585591280381208
1478.4900239546423 894.5160236800848 275.09395975211334 2.5697439251491065
1493.3511284827907 882.8089642256582 268.40973166368525 4.716630920364543
1507.963328759638 869.1884859435389 260.67548576696356 8.861723281761133
1522.590170463032 855.6805617101074 253.0553504499564 18.89359138021353
914.9910428159905 853.178450148521 253.95906566161653 -37.49029349222498
932.4729626960805 861.6185654092133 258.11971547881654 -50.837977740138214
949.8377511637933 869.1582482804029 261.7858148820809 -67.38381897339423
967.0707667925818 875.6849447134022 264.89036517528 -60.42780598083349
984.1866510089927 881.311208756899 267.4970098463346 -47.59821054951232
1001.4196666377811 887.8379051898984 270.6497869773669 -33.21455645684918
1018.9162279444183 896.3905744992784 275.0043158590021 -33.75788189366793
1036.266374985584 903.8177033217802 278.73081637226284 -28.569940458690745
1053.6311634532967 911.3573861929699 282.548303489988 -31.122179583900444
1070.7470476697079 916.9836502364667 285.27561968094625 -31.50263807612326
1087.9800632984961 923.510346669466 288.5518056335517 -33.73844440289611
1104.964174675983 928.1236242747725 290.73498362383214 -28.14522221135262
1122.1971903047713 934.6503207077718 294.0588522537834 -35.93183194679474
1139.9426558627101 945.1164088448447 299.7122271527875 -65.86808126148215
1157.4245757428002 953.5565241055368 304.20824751006325 -73.33119084299794
1174.5404599592114 959.1827881490336 307.0801067907362 -83.51558509845141
1191.1438942464717 960.8696604884569 307.66389720623556 -75.94405108603705
1207.6301971213552 961.6561004383778 307.741495556996 -68.67403282926136
1224.3800456740876 964.4685132646792 309.0291597218551 -78.57952088548471
1240.8663485489706 965.2549532146002 309.1505457024353 -62.04842882424595
1257.4697828362312 966.9418255540234 309.82189250644444 -50.0491377983058
1273.5900500474356 964.9144142867489 308.3381053959555 -9.046757218842014
1289.827448671017 963.7874354089769 307.40520928905676 -2.185315402485484
1305.6841702043723 959.7340512653218 304.7832508710019 0.6236635333722921
1321.5555331642752 955.7932211703544 302.25307270801954 -2.0035934073385344
1337.529386110008 952.6402694162018 300.2085244967609 0.6511315751318261
1353.4007490699105 948.6994393212344 297.7295586958658 -0.44703845611398885
1369.1403391908887 943.7456227880767 294.6867501145818 5.142008213263317
1384.8799293118668 938.791806254919 291.6713185415237 2.844036767780751
1400.8684236841468 935.7514085494543 289.7942127285241 0.015220196175618934
1416.4762409662005 929.7846055781063 286.24461200016754 -1.2671549173755725
1431.8351539969526 921.9043837790654 281.6166952639327 9.30970128569156
1447.3258398666292 915.0371484182149 277.6069171925538 3.4449209980813675
1462.567621485004 906.2564942296716 272.5249141455094 6.925913533113401
1477.8094031033788 897.4758400411282 267.4781202621303 2.0723206983956826
1492.7876390439048 886.6692129762041 261.3040709661405 8.854043594484972
1507.5316121596763 874.0617211322752 254.1405278074898 13.859856159031484
949.2742617249072 873.0184970309488 254.75028131656615 -0.014865049088989368
966.6390501926201 880.5581799021385 258.4431317570248 -9.276438181353692
983.8720658214086 887.0848763351378 261.57329907354864 1.870654582591452
1001.4857585404229 896.5379780340203 266.4290979721832 -38.423757212806414
1018.9676784205129 904.9780932947124 270.7234881461186 -43.14280906748857
1036.4642397271502 913.5307626040924 275.1103406000236 -59.08760526816991
1053.6972553559385 920.0574590370917 278.3416171874953 -51.89724363741242
1070.6813667334254 924.6707366423982 280.4797735163421 -42.73159318742943
1087.9143823622137 931.1974330753975 283.7587327811596 -46.283542931744364
1105.0302665786248 936.8236971188943 286.5353566790146 -52.87463759002981
1122.0143779561113 941.4369747242009 288.74261096832606 -30.102818480558554
1139.2473935848998 947.9636711572002 292.0931244803006 -7.473708216349815
1156.363277801311 953.589935200697 294.94014672569256 1.17086501321243
1173.3473891787974 958.2032128060035 297.21649897546854 1.231582683685343
1189.965464892605 960.0026391941146 297.864897216726 0.3244430953754284
1206.8178034311672 963.6029303612308 299.59148005997906 -2.6514770571930395
1223.4358791449752 965.402356749342 300.2836139560592 -1.0087460751871116
1239.9221820198584 966.1887966992629 300.40343762526214 -0.1776023318108867
1256.15958064344 965.0618178214909 299.42350699885014 -1.0242905634139214
1272.3969792670216 963.9348389437189 298.4665336795772 0.0888425100287915
1288.6343778906032 962.8078600659469 297.53251766744336 -0.061229949866194636
1304.7546451018077 960.7804487986723 296.0946671165858 -0.9146931640465414
1320.6113666351632 956.7270646550171 293.4965013376111 6.362669768119945
1336.599861007443 953.6866669495523 291.51560407402775 5.515880920984223
1352.588355379723 950.6462692440874 289.5594474113329 -0.9494671222059631
1368.4450769130783 946.5928851004323 287.03796283075576 -1.9794856443621809
1384.067535621679 940.7386361777722 283.49504529097686 18.381777792051803
1399.9242571550346 936.685252034117 281.02687333196627 9.287253551005044
1415.5320744370886 930.718449062769 277.4748774839895 11.175581904472608
1431.2716645580665 925.7646325296113 274.53858603978273 -7.207288933358079
1446.645219015366 917.9969647792583 270.00281266632993 4.473612294961919
1462.004132046118 910.1167429802175 265.4349149612702 -1.1023343406429045
1477.2459136644927 901.336088791674 260.38173192618905 12.347970614865861
1492.4730538563208 892.4428805544429 255.29911188814742 -1.8410088273787732
983.5574806338242 892.8585439133765 255.65373415528376 -7.21822254908955
1000.9222691015369 900.3982267845661 259.3994887443299 14.277659486311771
1018.2870575692498 907.9379096557558 263.17080647635345 4.197198068296859
1035.520073198038 914.4646060887551 266.37687337143217 13.318730823976447
1052.8848616657508 922.0042889599448 270.19865367494265 0.060668441274709155
1069.7372002043132 925.6045801270609 271.74436147667365 15.01778919162371
1086.9848572596486 932.2438306087481 275.0882627062423 0.6143245542507623
1103.9689686371353 936.8571082140546 277.2714175358261 4.051948906773407
1121.0702114269993 942.3708182088636 280.0042886521107 0.014857513481864013
1138.1860956434102 947.9970822523604 282.82647386222175 0.5962018726972454
1155.0530756085197 951.7099274681643 284.55074593527723 2.802552524033869
1172.0371869860064 956.3232050734708 286.8251235308405 5.313557605964277
1189.021298363493 960.9364826787775 289.1222272338229 -0.3542504031126388
1205.6393740773008 962.7359090668886 289.79106814176197 2.9971454937039357
1222.3745812034858 965.4357678445023 291.0099929595959 -0.05701195226972923
1238.7291112394446 965.2092213562327 290.53428343628633 -0.5059255114711976
1255.0982827019507 965.095228916651 290.1469631491372 0.1204891566488837
1271.2039084866078 962.9552636006887 288.59513968013107 2.2849967179316883
1287.4413071101892 961.8282847229167 287.660003762762 2.3033941441107753
1303.8104785726955 961.714292283335 287.3404779882715 -0.30710679424464327
1319.9161043573524 959.5743269673727 285.8586038494412 -6.619639804464836
1335.9045987296324 956.5339292619078 283.87456742453776 -0.5700424706349834
1351.775961689535 952.5930991669404 281.38992860806235 4.577523081122782
1367.764456061815 949.5527014614757 279.4558933497696 4.099328768186411
1383.6211775951708 945.4993173178206 276.95687065881583 -13.442511676030914
1399.3607677161488 940.5455007846627 273.9604019484614 -1.4538112070471887
1414.9685849982025 934.5786978133149 270.40332333601 0.16413304638720547
1430.5910437068037 928.7244488906546 266.9405854590795 3.7751570856728387
1446.0817295764798 921.8572135298042 262.92072720097764 4.746257786289686
1461.440642607232 913.9769917307633 258.3468583881286 22.424390951598124
1476.9313284769087 907.1097563699128 254.38976979713797 -2.1999066711039017
1000.6076839139525 906.1718943628049 253.48651125768657 -11.225214498607267
1017.7235681303638 911.7981584063017 256.1443277538149 24.323198976326797
1034.9565837591522 918.324854839301 259.35111224370877 7.299066566072846
1052.1895993879405 924.8515512723003 262.5822520016248 4.0357872040034595
1069.1737107654271 929.4648288776068 264.71914719526586 0.31977068812964426
1086.172463569461 934.1906605316012 266.944592049361 10.36283524113069
1103.1565749469476 938.8039381369076 269.1269748285409 10.363049316720815
1120.1406863244345 943.4172157422141 271.33208371513996 13.635891040255064
1137.2565705408454 949.0434797857109 274.1533521142571 12.123419506693228
1154.2406819183323 953.6567573910174 276.40423155199704 18.49966279878283
1171.341924708196 959.1704673858264 279.2059997547527 -3.094901281494616
1188.0917732609282 961.982880212128 280.44581758894054 6.320861060626591
1204.826980387113 964.6827389897416 281.6415585094455 -1.9334922723659345
1221.3132832619963 965.4691789396625 281.73646742814776 12.65950106559614
1237.6678132979553 965.242632451393 281.2592954420451 8.399124365613417
1254.1541161728385 966.0290724013138 281.39839192677056 5.341315009630882
1270.39151479642 964.9020935235417 280.4381412922967 4.612804981695612
1286.6289134200017 963.7751146457697 279.500847964962 10.067775169923504
1302.8663120435833 962.6481357679977 278.5865119447663 1.7120313296662817
1318.9865792547878 960.6207245007232 277.16853299827795 6.799913231209227
1335.2239778783694 959.4937456229512 276.3004308245851 -4.185008915258658
1351.0806994117247 955.440361479296 273.7465625898185 9.3712356591519
1367.200966622929 953.4129502120217 272.40017146359503 -10.723713492791314
1382.9405567439073 948.4591336788639 269.3724339773846 6.772659149246368
1398.7972782772626 944.4057495352087 266.8958731760542 -8.941754595526898
1414.4050955593166 938.4389465638608 263.3337117991281 7.581241059169239
1430.0275542679176 932.5846976412005 259.8659434132122 6.399512907363119
1445.6353715499713 926.6178946698526 256.3619149282351 8.337471077197174
1461.2431888320248 920.6510916985045 252.8870045747104 -16.958873920537965
1034.5102257326432 923.0855359793494 252.85329189316136 12.003672693225791
1051.6261099490544 928.7118000228462 255.55915107981426 6.685148050493343
1068.6102213265413 933.3250776281527 257.69587552495574 0.16373466554970773
1085.6089741305748 938.0509092821471 259.92120188604054 6.929993497091514
1102.5930855080617 942.6641868874535 262.10341391672085 16.17826921371843
1119.5771968855483 947.27746449276 264.30835205482043 1.513655245783722
1136.6930811019593 952.9037285362568 267.1299200048399 6.708174822976326
1153.7943238918235 958.4174385310658 269.90892642998756 -10.065788980962331
1170.6613038569328 962.1302837468698 271.65406349074016 4.430511959961584
1187.3965109831179 964.8301425244836 272.82670274690923 -0.6236927052846837
1204.0145866969253 966.6295689125947 273.4926413583915 5.195517312125218
1220.7497938231102 969.3294276902084 274.7090985023764 -12.75397913674073
1236.987192446692 968.2024488124364 273.70109507588353 9.473212521803905
1253.4734953215755 968.9888887623572 273.838362625096 -3.534080577627589
1269.7108939451568 967.8619098845851 272.8755954444036 -3.5840697609977497
1286.0654239811158 967.6353633963156 272.46344231264436 -15.028026436515086
1302.0539183533956 964.5949656908508 270.42579121826293 13.581193748283962
1318.2913169769772 963.4679868130788 269.53225509524054 0.7569635360394242
1334.5287156005588 962.3410079353067 268.6616762793572 -2.0400885850118624
1350.5172099728386 959.3006102298419 266.6960371370978 -5.819394428414599
1366.5057043451188 956.2602125243772 264.7551385957269 4.9734440646988
1382.3770673050212 952.3193824294098 262.314042237235 -7.662041661272838
1398.1020159994523 947.2530118475643 259.24354872099474 7.713277252718065
1413.973378959355 943.3121817525969 256.85497038247075 -4.132710357059865
1429.5811962414086 937.345378781249 253.31591403391923 10.491566815644681
1085.1626161040663 942.8115904221954 253.42723198102448 8.402425963367628
1102.2785003204772 948.4378544656922 256.20339983031 -14.7646147097854
1119.0137074466622 951.1377132433059 257.2865630055986 32.25303932511072
1136.2467230754507 957.6644096763052 260.6368633207383 -9.844325967907885
1153.2308344529374 962.2776872816117 262.8876842270813 -1.4927837762366
1170.0978144180467 965.9905324974156 264.63223249542165 3.3010955714246215
1186.7158901318544 967.7899588855269 265.2748261437657 23.8344518959827
1203.319324419115 969.4768312249503 265.873184704995 17.53174270794844
1220.0545315453 972.1766900025639 267.0884902450485 2.18120869527777
1236.423703007806 972.0626975629822 266.67283298276635 -0.04875749166760867
1252.7782330437647 971.8361510747128 266.2134636025167 3.855009657798953
1268.8985002549691 969.8087398074382 264.72002649431096 13.270108672983525
1285.253030290928 969.5821933191687 264.30593326388976 17.70470137063662
1301.4904289145095 968.4552144413967 263.3866040552848 -1.2677761869425697
1317.610696125714 966.4278031741221 261.9629965651707 14.96797962916052
1333.8480947492953 965.3008242963501 261.08990120306885 -3.477510562608852
1349.8365891215753 962.2604265908853 259.12105790388506 7.372637441068511
1365.9422149062327 960.120461274923 257.7028316323459 -4.931210992907097
1381.6818050272109 955.1666447417654 254.6666800006131 15.671086391578234
1397.5385265605664 951.1132605981102 252.1824348713811 10.457109524788612
1118.8162536714551 957.8118132110471 251.9184727819377 -25.507494654685647
1135.6832336365646 961.5246584268511 253.6177344774293 17.831894277119293
1152.6673450140513 966.1379360321577 255.8683846352729 8.531476665856019
1169.651456391538 970.7512136374642 258.1417609005357 -11.074522130865756
1186.4013049442701 973.5636264637657 259.37855822574835 -22.54586209848713
1202.8876078191536 974.3500664136864 259.44584952377016 -6.722894983517596
1219.491042106414 976.0369387531098 260.0645362420707 -3.3052426226886578
1235.8602135689198 975.9229463135281 259.646513500747 -0.3972701863728832
1252.214743604879 975.6963998252586 259.18472638596654 4.777641551209731
1268.335010816083 973.6689885579841 257.6880354554047 24.529067009110758
1284.8213136909665 974.4554285079049 257.8659660116824 -7.980944459111555
1300.9269394756236 972.3154631919425 256.3493595034045 10.949555709135135
1317.1643380992052 971.1884843141705 255.45015182349528 -11.693970009668934
1333.152832471485 968.1480866087057 253.453428762103 17.545267922153496
1349.2730996826895 966.1206753414311 252.07399962944703 7.553818384598009
1185.837815505384 977.4238752143116 252.36002366021302 -3.960722073263777
1202.3241183802675 978.2103151642323 252.42536752310602 9.416316179686513
1218.927552667528 979.8971875036557 253.04252485019052 13.620648641347191
1235.2967241300337 979.783195064074 252.6221366298253 9.84388586279359
1251.7830270049174 980.5696350139948 252.7535618736515 -6.142885050347544
1268.020425628499 979.4426561362228 251.78228735762872 10.835099910147033
178.58486298468995 1121.0222666970499 -252.04852215780556 49.800014083577636
194.93939302064877 1120.7957202087805 -254.01498838498108 56.50186535094562
211.92350439813546 1125.408997814087 -252.96284727814037 19.819565710166277
162.1500105859013 1128.8233455425632 -254.5586737171609 56.520980115123216
178.88521771208627 1131.5232043201768 -254.73548611326893 26.470578490278893
195.88397051612012 1136.2490359741712 -253.63275521431834 15.479681193917703
146.72541661886657 1144.3906537475357 -252.20186575227015 12.865776666858482
163.34349233267432 1146.1900801356467 -252.96091337420688 11.914259039464298
1170.676437393018 1729.2247669778808 -255.23307432352112 -46.03681420033822
1169.6151394515286 1729.258178073041 -264.4790921112398 105.7162370353082
1218.1019030627112 2553.5713835456495 253.34478944996047 -58.70985089503135
